0 84
0 61
0 139
0 114
0 9
1 63
1 110
1 125
1 27
1 87
2 131
2 110
2 105
2 75
2 74
3 89
3 135
3 7
3 66
3 56
3 105
4 12
4 100
4 133
4 93
4 17
5 50
5 7
5 126
5 17
5 40
6 21
6 1
6 61
6 73
6 126
6 58
7 55
7 44
7 8
7 29
7 50
7 65
7 84
7 17
8 116
8 79
8 90
8 29
8 85
9 46
9 78
9 94
9 110
9 95
9 52
9 73
10 139
10 83
10 35
10 77
10 55
10 0
10 108
10 130
11 96
11 107
11 41
11 2
11 66
12 6
12 11
12 45
12 33
12 124
13 22
13 113
13 92
13 19
13 106
13 37
14 57
14 124
14 50
14 108
14 40
15 99
15 92
15 31
15 88
15 5
16 83
16 124
16 30
16 41
16 74
17 130
17 100
17 12
17 94
17 8
18 40
18 36
18 65
18 98
18 60
19 22
19 62
19 25
19 35
19 140
19 129
19 116
19 54
19 21
19 29
19 120
19 107
19 10
19 40
19 109
19 33
19 51
19 114
19 133
19 100
19 123
19 118
19 32
19 57
19 28
19 112
19 44
19 45
19 121
19 27
19 16
19 104
19 131
19 89
19 36
19 87
19 108
19 53
19 0
19 39
19 49
19 110
19 90
19 46
19 63
19 6
19 80
19 135
19 18
19 102
19 124
19 115
19 23
19 99
19 2
19 19
19 94
19 76
19 111
19 42
19 84
19 95
19 67
19 77
19 119
19 56
19 34
19 128
19 126
19 97
19 132
19 85
19 37
19 113
19 66
19 13
19 4
19 139
19 98
19 117
19 64
19 9
19 127
19 59
19 103
19 38
19 92
19 101
19 78
19 17
19 106
19 5
19 58
19 68
20 23
20 81
20 79
20 9
20 136
20 29
21 42
21 84
21 115
21 114
21 0
22 100
22 41
22 68
22 19
22 74
23 61
23 136
23 16
23 48
23 22
23 74
23 1
24 69
24 97
24 53
24 50
24 2
24 100
24 43
25 15
25 88
25 51
25 22
25 30
26 21
26 51
26 100
26 80
26 30
26 42
26 109
26 81
27 11
27 67
27 116
27 82
27 57
28 27
28 140
28 53
29 31
29 19
29 4
29 16
29 77
29 100
29 66
30 33
30 73
30 107
30 18
30 3
31 5
31 136
31 80
31 104
31 56
31 76
31 131
31 28
31 57
31 78
31 95
31 79
32 130
32 14
32 17
32 73
32 106
33 101
33 53
33 129
33 119
33 39
34 61
34 108
34 41
34 107
34 129
35 6
35 13
35 27
35 127
35 110
35 94
35 60
35 84
36 97
36 37
36 26
36 132
36 114
37 73
37 124
37 82
37 52
37 56
37 54
38 17
38 101
38 138
38 109
38 62
39 32
39 103
39 121
39 89
39 40
40 14
40 115
40 41
40 75
40 9
40 12
40 0
40 135
40 67
40 79
40 99
40 33
40 100
40 130
41 99
41 88
41 27
41 128
41 28
42 47
42 35
43 117
43 94
43 103
43 107
43 45
44 138
44 108
44 140
44 26
44 69
44 79
45 86
45 118
45 132
45 99
45 102
45 80
45 116
45 26
45 88
45 50
45 61
45 93
45 55
45 79
45 122
45 15
45 85
46 116
46 13
46 40
46 88
46 84
47 63
47 78
47 47
48 49
48 63
48 24
48 101
48 102
49 17
49 38
49 55
49 28
49 47
49 118
50 27
50 121
51 29
51 74
51 87
51 16
51 116
52 95
52 138
52 123
52 103
52 43
52 98
52 27
52 1
52 79
52 127
52 76
52 96
52 20
52 108
52 10
53 138
53 119
53 94
53 12
53 106
54 131
55 56
55 31
55 59
55 5
55 98
55 123
55 50
55 25
55 78
55 95
55 12
55 117
55 3
55 52
55 17
55 126
55 38
55 4
55 108
55 7
55 26
55 62
55 66
55 125
55 27
55 134
55 102
55 35
55 39
55 63
55 64
55 49
55 88
55 131
56 43
56 6
56 37
56 107
56 25
56 82
56 29
57 101
57 44
57 102
57 138
57 77
57 128
57 56
57 119
57 45
57 57
58 21
58 6
58 37
58 20
58 89
59 134
59 53
59 52
59 118
59 119
60 140
60 113
60 80
60 9
60 85
61 9
61 86
61 107
61 131
61 1
62 67
62 34
62 27
62 65
62 102
63 119
63 122
63 57
63 41
63 61
64 133
64 1
64 116
64 62
64 138
65 68
65 40
65 135
65 84
65 10
65 133
65 109
65 121
65 35
65 87
65 20
65 117
65 113
65 98
65 25
65 122
65 59
65 94
65 41
65 47
65 1
66 1
66 50
66 8
66 63
66 49
67 50
67 19
67 30
67 34
67 110
68 94
68 113
68 8
68 122
68 60
69 107
69 76
69 89
69 63
69 94
70 126
70 50
70 111
70 68
70 4
71 74
71 55
71 8
71 24
71 139
71 61
72 48
72 22
72 138
72 123
72 86
73 96
73 42
73 23
73 35
73 24
74 30
74 26
74 16
74 45
74 127
74 38
75 49
75 50
75 14
75 24
75 55
75 92
75 44
75 48
75 108
76 12
76 114
76 38
76 135
76 77
77 93
77 87
77 79
77 82
77 118
77 117
78 2
78 97
78 63
78 121
78 11
78 17
78 57
79 116
79 79
79 9
79 98
79 80
79 44
79 13
79 132
79 32
79 75
79 129
79 16
79 43
79 23
79 87
79 82
79 38
79 126
79 96
79 111
79 135
80 1
80 24
80 2
80 108
80 120
80 125
80 7
80 33
80 11
80 31
80 103
81 126
81 16
81 35
81 54
81 113
82 106
82 117
82 21
82 10
82 54
82 3
83 139
83 13
83 23
83 31
83 39
83 26
84 128
84 46
84 78
84 23
84 108
85 88
86 72
87 62
87 116
87 96
87 113
87 83
87 22
88 71
89 93
89 126
89 133
89 65
89 63
90 93
90 99
90 87
90 132
90 49
91 68
91 117
91 16
91 107
91 10
92 92
92 63
92 4
92 111
92 23
93 76
93 133
93 40
93 19
93 132
93 31
93 99
94 107
94 119
94 60
94 127
94 99
95 123
95 57
95 5
95 87
95 79
96 52
96 65
96 39
96 73
96 78
97 122
97 119
97 117
97 61
97 46
97 14
98 11
98 25
98 122
98 64
98 44
99 129
99 133
99 99
100 111
100 119
100 0
100 124
100 133
101 116
101 120
101 17
101 91
101 48
102 50
102 41
102 96
102 42
102 34
102 57
103 14
103 86
103 54
103 117
103 55
103 66
103 60
104 133
104 0
104 121
104 136
104 42
105 24
105 133
105 90
105 39
105 0
106 88
106 86
106 67
106 16
106 65
107 91
107 12
108 58
108 43
108 102
108 55
108 12
109 59
109 116
109 57
109 106
109 107
110 104
110 29
110 13
110 123
110 16
110 109
111 56
111 58
111 60
111 105
111 45
112 37
112 139
112 38
112 117
112 135
113 56
113 47
113 137
113 39
113 112
114 132
114 128
114 83
114 92
114 59
114 75
115 2
115 8
115 93
115 46
115 90
115 68
116 88
116 136
116 133
116 105
116 75
116 26
116 22
116 125
117 64
117 41
117 86
117 111
117 38
118 133
118 138
118 42
118 33
118 11
119 115
119 45
119 29
119 5
119 134
120 120
121 87
121 102
121 84
121 57
121 100
122 45
122 116
122 73
122 131
122 12
123 130
123 52
123 102
123 46
123 124
123 58
124 140
124 121
124 34
124 105
124 111
125 128
125 80
125 111
125 118
125 6
126 122
126 28
126 86
126 115
126 124
126 130
126 140
126 7
126 126
127 109
127 36
127 137
127 6
127 124
128 31
128 90
128 27
128 107
128 91
128 64
129 52
129 105
129 32
129 38
129 140
130 54
130 109
130 32
130 53
130 91
131 34
131 51
131 40
131 100
131 79
132 96
132 128
132 46
132 108
132 84
132 37
133 98
133 41
133 62
133 81
133 133
134 92
134 42
134 51
134 125
134 16
135 76
135 56
135 24
135 28
135 55
136 82
136 5
136 98
136 119
136 134
137 101
137 52
137 86
137 38
137 131
138 99
138 93
138 51
138 98
138 64
139 122
139 131
139 33
139 90
139 4
140 101
140 77
140 61
140 24
140 38
141 72
142 97
142 134
142 132
142 4
142 8
142 27
142 38
142 111
142 96
142 10
143 60
143 122
143 129
143 61
143 106
144 67
144 81
144 122
144 23
144 50
145 61
145 43
145 8
145 57
145 125
146 102
146 121
146 63
146 29
146 10
146 109
146 112
147 39
147 9
147 73
147 52
147 120
148 23
148 113
148 60
148 90
148 13
148 102
149 115
149 25
149 47
149 12
149 86
149 23
149 16
150 75
150 133
150 132
150 13
150 76
150 83
151 132
151 28
151 116
151 16
151 73
152 119
152 97
152 73
152 42
152 69
152 102
153 21
153 95
153 123
153 83
153 47
153 104
153 56
153 132
153 103
153 39
153 8
153 86
153 14
153 67
153 32
153 11
153 96
153 110
153 135
153 84
153 54
153 107
153 81
153 17
153 75
153 101
153 78
153 18
153 25
153 58
153 102
153 49
153 68
153 7
154 26
154 117
154 134
154 67
154 43
155 137
155 66
155 1
155 28
155 130
156 44
156 11
156 32
156 37
156 65
156 2
156 76
156 126
156 40
157 42
157 64
157 15
157 39
157 140
157 116
157 110
158 45
158 85
158 80
158 131
158 36
158 5
158 120
158 91
159 59
159 101
159 126
159 45
159 51
159 93
159 127
160 67
160 126
160 111
160 114
160 3
160 65
160 12
160 20
160 40
160 84
160 74
160 0
160 10
160 21
160 94
160 66
160 82
160 43
160 79
160 127
160 102
160 139
160 76
160 95
160 99
160 97
160 35
160 47
160 92
161 94
161 83
161 102
161 66
161 90
162 87
162 64
162 20
162 37
162 31
162 22
163 28
163 6
163 26
163 99
164 10
164 125
164 80
164 108
164 107
164 68
165 100
165 37
165 110
166 3
166 116
166 68
166 61
166 75
167 85
167 0
167 62
167 79
167 77
168 6
168 95
168 126
168 111
168 116
169 41
169 94
169 23
169 52
169 57
169 118
170 4
170 135
170 133
170 11
170 80
170 112
170 100
171 48
171 115
171 90
171 93
171 97
172 22
172 104
172 126
173 119
173 33
173 135
173 93
173 94
173 46
173 81
173 63
174 3
174 79
174 88
174 9
174 110
174 35
174 45
174 84
174 77
174 116
175 111
175 79
175 106
175 128
175 11
176 77
176 6
176 100
176 109
176 90
177 4
177 52
177 34
177 139
177 119
177 131
177 53
177 126
177 22
177 98
177 66
177 91
177 112
177 74
177 47
177 79
177 13
177 63
177 69
177 10
177 76
177 46
177 0
177 31
177 78
177 38
177 28
177 85
177 132
177 9
177 1
177 54
177 8
177 50
177 110
177 77
177 122
177 107
177 140
177 92
177 93
177 101
177 125
177 7
177 35
177 48
177 102
177 43
177 134
177 59
177 15
177 32
177 26
177 105
177 116
177 2
177 42
177 113
177 84
177 117
177 90
177 21
177 104
177 130
177 128
177 49
177 133
177 41
177 55
177 80
178 38
178 98
178 76
178 100
178 1
178 65
178 9
178 93
178 19
179 86
179 22
179 6
179 105
179 45
179 24
179 46
180 80
180 2
180 87
180 132
180 101
180 68
180 122
180 137
180 83
180 60
180 108
180 37
180 59
180 26
180 84
180 136
180 22
180 76
181 112
181 123
181 49
181 50
181 121
182 75
182 94
182 41
182 99
182 65
182 113
182 42
182 129
182 63
182 59
182 14
182 68
182 30
182 58
182 69
182 83
182 23
182 21
182 47
182 131
182 128
182 60
182 61
182 62
182 26
182 25
182 93
182 38
182 51
182 137
182 122
182 115
182 74
182 33
182 15
182 20
182 103
182 37
182 49
182 97
182 96
183 79
183 20
183 124
183 96
183 104
184 81
184 32
184 106
184 68
184 129
184 26
184 6
185 23
185 92
185 84
185 31
185 25
186 99
186 140
186 3
186 56
186 123
187 45
187 102
187 19
187 22
187 78
188 8
188 54
188 12
188 117
188 50
189 36
189 60
189 56
189 124
189 57
189 84
189 65
189 66
190 53
190 82
190 103
190 79
190 64
190 118
190 39
190 84
190 62
190 6
190 46
190 60
190 76
190 55
190 61
190 128
190 65
190 4
190 3
190 21
190 74
190 37
190 48
190 13
190 100
191 21
191 80
192 12
192 115
192 52
192 68
192 38
192 3
192 106
193 64
193 43
194 131
194 57
194 12
194 134
194 39
195 52
195 89
195 76
195 134
196 28
196 133
196 100
196 65
196 94
197 117
197 129
197 122
197 86
197 66
198 128
198 58
198 29
199 86
199 90
199 75
200 78
200 4
200 140
200 86
200 83
201 114
201 63
201 126
201 19
201 14
201 101
202 99
202 18
202 19
202 14
202 82
203 98
203 39
203 14
203 26
203 126
203 95
204 17
204 33
204 102
204 1
204 100
205 66
205 126
205 14
205 136
205 92
206 41
206 68
206 131
206 102
206 17
207 116
207 114
207 39
207 94
207 132
208 37
208 19
208 4
208 108
208 2
208 98
209 63
209 107
209 106
209 15
209 87
210 138
210 121
210 111
210 56
210 128
210 1
210 18
210 19
210 123
210 65
210 41
211 81
211 103
211 75
211 15
211 116
212 44
212 69
212 34
212 77
212 134
212 63
212 54
212 105
212 111
213 100
213 73
213 135
213 122
213 45
214 139
215 85
215 33
215 37
215 123
215 58
215 40
216 32
216 99
216 130
216 89
216 1
217 0
217 125
217 29
217 127
217 68
218 122
218 15
218 28
218 132
218 96
219 10
219 126
219 66
219 34
219 99
219 3
219 124
219 42
219 68
219 48
220 112
220 22
220 51
220 55
220 135
221 91
221 29
221 87
221 46
221 26
222 16
222 8
222 80
222 123
222 91
222 23
223 128
223 138
223 11
223 91
223 92
223 101
224 81
224 80
224 5
224 69
224 116
225 60
225 1
225 115
225 33
225 55
226 53
226 5
226 112
226 32
226 27
227 72
228 27
228 99
228 48
228 38
228 109
228 113
229 30
229 7
229 121
229 90
229 110
230 48
230 38
230 78
230 132
230 101
230 104
230 119
230 55
230 129
231 115
231 86
231 98
231 94
231 15
232 36
232 48
232 65
232 122
232 110
232 123
233 86
233 2
233 96
233 68
233 78
234 127
234 57
234 112
234 120
234 55
235 0
235 54
235 42
235 94
235 36
235 131
236 54
236 30
236 117
236 10
236 15
237 112
237 64
237 140
237 23
237 120
237 34
237 53
237 69
237 125
237 74
237 7
237 12
237 81
237 132
237 118
237 66
237 93
237 83
238 140
238 137
238 117
239 130
239 37
239 140
239 76
239 32
240 35
240 132
240 113
240 120
240 112
241 104
241 99
241 43
241 68
241 108
241 96
242 23
242 86
242 50
242 122
242 73
242 29
242 58
242 57
243 8
243 122
243 85
243 95
243 47
244 119
244 43
244 91
244 86
244 49
245 105
245 96
245 115
245 114
245 138
245 1
245 37
245 41
245 20
245 30
245 135
246 60
246 91
246 27
246 26
246 38
247 98
247 140
247 77
247 18
247 29
247 47
248 135
248 56
248 34
248 64
248 140
249 127
249 64
249 139
249 140
249 104
250 39
250 87
250 101
250 136
250 30
250 53
250 140
250 61
251 44
251 19
251 81
251 93
251 40
252 25
252 80
252 110
252 85
252 129
253 116
253 94
253 9
253 122
253 24
254 129
254 128
254 103
254 96
254 80
255 113
255 16
255 80
255 123
255 2
256 139
256 109
256 41
256 10
256 53
257 125
257 14
257 3
257 65
257 114
257 64
257 78
257 77
257 133
257 20
257 76
257 10
258 136
258 81
258 12
258 91
258 116
259 113
259 0
259 58
259 61
259 20
260 4
260 107
260 42
260 11
260 40
260 68
261 130
261 65
261 17
261 30
261 58
262 105
262 114
262 120
262 35
262 81
262 93
262 6
262 43
262 89
262 61
262 132
262 9
263 58
263 92
263 99
263 7
263 93
264 7
264 55
264 33
264 91
264 52
264 136
265 106
265 98
265 124
265 33
265 11
265 80
265 2
265 96
265 62
265 103
265 61
265 68
265 59
266 105
266 46
266 60
266 42
266 53
266 93
266 19
266 48
266 73
266 44
267 94
267 103
267 136
267 8
267 59
268 113
268 59
268 9
268 44
268 95
268 134
269 42
269 41
269 69
269 7
269 18
269 78
269 127
270 112
270 5
270 56
270 47
270 0
271 13
271 86
271 62
271 120
271 46
272 136
272 135
272 79
272 111
272 109
273 104
274 29
274 74
274 122
274 75
274 120
275 35
275 121
275 106
275 76
275 124
276 35
276 42
276 68
276 126
276 109
277 103
277 90
277 128
277 108
277 65
278 126
278 14
278 33
278 8
278 40
279 9
279 3
279 55
279 138
279 75
280 75
280 118
280 11
280 4
280 14
280 90
280 47
281 109
281 106
281 9
281 5
281 110
281 99
282 56
282 58
282 80
282 112
282 47
282 93
282 106
282 45
282 67
282 73
282 86
282 36
282 102
282 59
282 140
282 105
282 64
282 43
282 100
282 29
282 94
282 77
282 20
282 68
282 129
282 31
282 122
282 110
282 138
282 57
283 17
283 56
283 38
283 127
283 79
283 131
283 33
283 13
283 105
283 110
284 57
284 7
284 60
284 17
284 77
285 103
285 106
285 92
285 77
285 90
286 115
286 58
286 109
286 15
286 94
286 50
286 43
286 76
287 110
287 125
287 113
287 140
287 105
287 23
287 38
287 35
287 8
288 106
288 5
288 97
288 30
288 121
288 108
288 34
288 134
288 109
288 122
289 139
289 3
289 133
289 61
289 118
290 88
290 42
290 116
290 135
290 109
290 65
290 67
290 129
291 38
291 111
291 125
291 8
291 14
292 69
292 128
292 136
292 4
292 94
293 132
294 136
294 66
294 91
294 107
294 25
295 98
295 129
295 0
295 52
295 47
296 131
296 111
296 34
296 93
296 100
297 90
297 132
297 112
297 21
297 0
298 129
298 14
298 59
298 38
298 21
298 80
299 77
299 101
299 127
299 87
299 80
300 113
300 30
300 32
300 115
300 79
300 134
300 127
300 98
300 132
300 110
300 3
301 16
301 68
301 8
301 133
301 116
302 17
302 19
302 20
302 108
302 132
302 27
302 65
303 12
303 101
303 114
303 133
303 10
303 40
303 118
303 130
303 41
303 89
303 0
303 95
303 6
303 18
303 53
303 125
303 45
303 85
303 37
303 62
304 137
304 75
304 114
304 107
304 10
305 1
305 134
305 25
305 128
305 5
306 86
306 54
306 137
306 108
306 97
306 101
306 65
306 62
306 111
306 47
306 76
306 4
306 29
306 67
306 31
306 60
306 57
306 10
306 85
306 94
306 121
306 74
306 117
306 75
306 96
306 52
306 99
306 43
306 40
307 66
307 25
307 106
307 37
307 46
308 58
308 101
308 124
308 135
308 122
308 116
308 28
309 56
309 66
310 90
310 12
310 76
310 65
310 33
311 84
311 113
311 56
311 114
311 11
311 100
312 20
312 35
312 98
312 78
312 107
312 127
312 84
312 80
312 59
312 60
312 63
313 133
313 97
313 107
313 82
313 8
313 77
314 7
314 131
314 53
314 88
314 68
315 26
315 103
315 12
315 32
315 4
316 1
316 139
316 35
316 30
316 114
316 133
316 14
316 50
316 63
316 9
316 112
316 28
316 77
316 4
316 53
316 111
316 134
316 26
316 97
316 101
317 33
317 16
317 118
317 57
317 56
317 97
317 131
317 27
317 130
317 94
317 30
317 44
317 38
317 61
317 82
318 112
318 130
318 39
318 97
318 14
318 35
318 107
318 136
319 104
319 134
319 93
319 35
319 63
320 64
320 5
320 87
320 95
320 9
321 104
321 123
321 45
321 112
322 4
322 126
322 69
322 50
322 95
323 50
323 138
323 79
323 112
323 109
324 46
324 96
324 123
324 49
324 8
325 135
325 61
326 0
326 25
326 68
326 34
326 103
326 118
327 98
327 80
327 119
327 37
327 35
328 102
328 98
328 95
328 6
328 80
329 125
329 28
329 5
329 59
329 65
330 66
330 94
330 15
330 111
330 138
330 89
330 107
331 72
332 91
332 69
332 128
332 1
332 18
333 117
333 67
333 48
333 116
333 88
333 38
333 79
333 62
334 61
334 53
334 18
334 38
334 56
334 121
334 79
334 41
335 15
335 0
335 75
335 20
335 63
336 28
336 22
336 82
336 31
336 4
337 121
337 99
337 42
337 74
337 89
338 94
338 21
338 106
339 95
339 61
339 91
339 117
339 89
339 76
340 100
340 55
340 120
340 110
340 57
341 51
341 101
341 84
341 117
341 75
341 58
341 7
342 129
342 94
342 19
342 128
342 103
343 55
343 84
343 47
343 82
343 116
343 63
344 80
344 114
344 38
344 41
344 44
344 119
344 92
344 137
344 106
345 121
345 122
345 110
345 126
345 60
345 73
346 103
346 42
346 86
346 104
346 69
346 35
347 74
347 120
347 24
347 38
347 66
348 51
348 84
348 47
348 122
348 65
348 44
348 53
349 4
349 122
349 40
349 120
349 86
349 81
349 138
349 89
349 105
349 88
349 0
349 97
349 51
349 28
349 100
349 127
349 69
349 65
349 110
349 54
349 18
349 101
349 136
349 37
349 104
349 47
349 114
349 112
349 123
350 108
350 140
350 58
350 54
350 76
350 73
350 38
350 48
350 125
350 4
350 95
350 122
350 86
350 138
350 2
350 68
350 120
351 74
351 57
351 118
351 102
351 15
352 85
352 136
352 132
352 93
352 51
353 49
353 130
353 46
353 31
353 45
354 10
354 24
354 45
354 140
354 79
354 25
354 118
355 60
356 69
356 91
356 95
356 86
356 111
357 58
357 87
357 84
357 28
357 63
357 60
358 116
358 51
358 87
358 45
358 117
359 19
359 14
359 93
359 2
359 118
360 114
360 44
360 37
360 76
360 109
360 111
361 55
361 102
361 46
361 130
361 88
361 69
362 14
362 140
362 93
362 62
362 98
363 64
363 41
363 59
363 32
363 20
364 123
364 50
364 17
364 28
364 101
365 38
365 49
365 64
365 116
365 17
365 57
366 47
366 98
367 45
367 57
367 47
367 56
367 15
368 105
368 138
368 127
368 82
368 140
369 26
369 106
369 139
369 0
369 101
370 66
370 8
370 96
370 29
370 58
371 139
371 126
371 1
371 136
371 54
372 84
372 14
372 57
372 66
372 123
373 74
373 115
373 54
373 8
373 99
374 61
374 43
374 87
374 92
374 85
375 97
375 136
375 110
375 139
375 96
375 95
376 115
376 9
376 124
376 117
376 44
377 8
377 125
377 13
377 83
377 96
378 32
378 66
378 12
378 77
378 84
379 17
379 55
379 140
379 108
379 60
380 15
380 130
380 57
380 8
380 129
380 80
380 76
380 86
380 30
381 58
381 49
381 73
381 53
381 96
381 25
382 82
382 96
382 36
382 100
382 27
382 56
382 112
382 54
382 132
383 112
383 21
383 107
383 7
383 12
384 79
384 112
384 60
384 139
384 114
384 25
385 31
385 38
385 137
385 96
385 55
385 122
385 133
386 115
386 6
386 106
386 13
386 126
387 98
387 130
387 39
387 43
387 8
387 44
387 52
387 116
388 66
388 108
388 113
388 57
388 6
389 66
389 37
389 25
389 88
389 29
390 42
390 108
390 120
390 137
390 39
390 16
391 52
391 40
391 102
391 120
391 53
391 124
391 67
392 44
392 105
392 18
392 61
392 66
393 15
393 134
393 101
393 93
393 75
394 64
394 63
394 75
394 4
394 81
395 12
395 42
395 101
395 120
395 64
396 82
396 68
396 43
396 46
396 101
397 97
397 16
397 78
397 60
397 80
398 37
398 127
398 19
398 94
398 135
398 120
398 63
399 41
399 137
399 34
399 109
399 131
399 54
399 90
399 6
399 31
399 77
399 120
399 88
399 47
399 122
399 113
399 83
399 58
399 76
399 117
399 86
399 10
399 91
399 38
399 62
399 129
400 116
400 53
400 106
400 140
400 87
400 60
400 130
400 112
400 91
400 28
400 33
400 68
400 82
400 77
400 105
400 32
401 91
401 49
401 97
401 6
401 101
401 137
401 10
402 103
402 46
402 96
402 18
402 135
403 120
403 30
403 40
403 116
403 124
404 106
404 25
404 28
404 32
404 90
405 88
405 134
405 133
405 66
405 65
406 107
406 6
406 85
406 74
406 134
406 64
407 49
407 34
407 110
407 125
407 89
408 24
408 51
408 82
408 109
408 115
409 36
409 104
409 62
409 61
409 1
409 42
409 55
410 50
410 91
410 137
410 113
410 135
410 64
411 126
411 77
411 43
411 90
411 65
411 38
412 132
412 94
412 76
412 7
412 109
413 5
413 134
413 19
413 59
413 2
413 10
413 14
414 96
415 9
415 36
415 80
415 56
416 107
416 137
416 116
416 125
416 79
416 93
416 31
416 51
417 113
417 7
418 106
418 20
418 124
418 118
418 8
418 140
419 76
419 35
419 21
419 126
419 84
420 70
421 117
421 100
421 30
421 99
421 138
422 6
422 51
422 123
422 40
422 26
422 4
423 29
423 135
423 87
423 131
423 20
423 66
424 10
424 125
424 58
424 19
424 76
425 85
425 35
425 45
425 122
425 20
426 8
426 112
426 79
426 36
426 49
426 105
426 65
427 71
428 73
428 58
428 27
428 120
428 2
429 140
429 124
429 132
429 127
429 91
430 43
430 79
430 12
430 14
430 77
431 42
431 80
431 23
431 32
431 25
432 140
432 77
432 92
433 10
433 32
433 86
433 2
433 65
434 94
434 15
434 138
434 18
434 114
434 35
435 13
435 38
435 93
435 77
435 8
435 40
435 75
435 19
435 115
435 88
435 125
435 74
435 34
435 130
435 29
435 102
435 5
435 84
435 36
435 20
435 122
435 28
435 135
435 111
435 73
436 118
437 12
437 36
437 60
437 106
437 121
437 25
437 8
437 107
437 55
437 76
437 90
437 94
437 138
438 63
438 50
438 47
438 20
438 135
439 43
439 13
439 66
440 31
440 25
440 19
440 40
440 140
441 29
441 53
441 60
441 25
441 122
442 34
442 83
442 99
442 43
442 77
443 79
443 127
443 22
443 114
443 140
443 69
443 138
443 32
443 131
444 102
444 83
444 133
444 61
444 58
445 105
445 140
445 41
445 76
445 139
446 56
446 74
446 89
446 100
446 92
446 32
447 47
447 113
447 79
447 82
447 120
448 12
448 14
448 34
448 55
448 37
449 52
449 127
449 54
449 15
449 94
449 41
450 7
450 57
451 44
451 23
451 26
451 5
451 19
451 113
452 110
452 121
452 22
452 99
453 128
453 110
453 22
453 77
453 2
454 42
454 50
454 21
454 54
454 7
454 47
455 63
455 82
456 8
456 113
456 46
456 91
456 5
457 24
457 30
457 39
457 79
457 63
458 125
458 58
458 35
458 116
458 9
458 10
458 97
458 76
458 75
458 38
458 129
458 49
458 33
458 137
459 102
459 93
459 38
459 42
459 43
460 18
460 7
460 74
460 16
460 40
460 9
460 4
460 19
461 98
461 44
461 18
461 85
461 26
461 50
462 69
462 127
462 101
462 91
462 106
463 43
463 137
463 51
463 66
463 130
464 79
464 4
464 108
464 50
464 66
465 48
465 93
465 6
465 67
465 17
466 83
466 34
466 11
466 24
466 36
467 90
467 115
467 127
467 95
467 135
467 137
467 61
468 67
468 69
468 89
468 34
468 123
468 76
469 86
469 122
469 130
469 98
469 136
469 78
469 7
470 7
470 49
470 73
470 74
470 68
471 88
471 117
471 140
471 81
471 87
472 105
472 79
472 135
472 128
472 97
473 65
473 136
473 98
473 53
473 117
473 64
473 57
473 134
473 27
473 16
474 102
474 26
474 74
474 119
474 14
475 80
475 75
475 94
475 7
475 117
475 4
475 74
475 66
475 78
475 62
475 8
475 106
475 125
476 12
476 2
476 115
476 128
476 101
477 18
477 94
477 50
477 30
477 124
478 13
478 108
478 59
478 28
478 52
479 23
479 110
479 91
479 122
479 121
479 69
479 1
479 108
480 54
480 44
480 107
480 120
480 103
481 44
481 102
481 137
481 138
481 79
482 65
482 24
482 92
482 135
482 137
483 33
483 26
483 115
483 95
483 98
484 93
484 113
484 85
484 122
484 106
485 29
485 121
485 101
485 128
485 123
486 131
487 84
487 113
487 29
487 35
487 67
488 99
488 21
488 57
488 42
488 64
488 44
489 5
489 76
489 138
489 98
489 17
489 77
490 78
490 140
490 56
490 99
490 1
490 39
490 73
490 67
490 26
490 27
490 92
490 18
490 75
490 47
490 139
490 115
490 59
490 137
490 25
491 94
491 69
491 112
491 12
491 89
491 86
491 129
492 70
493 45
493 135
493 11
493 105
493 3
494 52
494 140
494 95
494 99
494 29
494 81
495 106
496 5
496 108
496 32
496 94
496 2
496 44
497 61
497 122
497 133
497 8
497 137
498 65
499 44
499 45
499 9
499 30
499 40
500 106
500 76
500 0
500 47
500 111
500 73
500 60
500 94
500 134
500 36
500 92
500 68
500 128
500 54
500 87
501 64
501 97
501 17
501 82
501 68
502 90
502 14
502 92
502 107
502 137
503 21
503 127
503 36
503 8
504 100
504 22
504 82
504 121
504 87
505 70
506 51
506 12
506 91
506 135
506 108
506 101
506 62
506 60
506 94
506 37
507 62
507 111
507 42
507 108
507 21
508 94
508 57
508 66
508 115
508 41
508 45
509 25
509 92
509 78
509 90
509 73
510 90
510 78
510 38
510 131
510 84
511 22
511 2
511 60
511 11
511 129
511 5
512 135
512 120
512 22
512 52
512 104
512 125
513 121
513 61
513 62
513 91
513 111
514 32
514 5
514 68
514 120
514 52
514 82
514 42
515 38
515 89
515 8
515 83
515 25
515 80
515 40
515 34
515 64
515 18
515 55
515 121
515 87
515 127
515 98
515 132
515 73
515 27
515 15
515 21
515 138
515 53
515 66
515 107
515 110
515 131
515 26
515 16
515 33
515 115
516 86
516 42
516 126
516 138
516 53
516 6
516 1
517 33
517 54
517 17
517 119
517 15
518 91
518 52
518 33
518 15
519 138
519 87
519 23
519 107
519 108
520 37
520 63
520 25
520 90
520 138
520 95
520 69
520 59
521 60
521 97
521 81
521 4
521 86
521 50
521 120
521 10
521 39
521 59
522 114
522 132
522 64
522 93
522 20
522 61
522 130
522 76
522 50
522 67
523 110
523 11
523 86
523 109
523 126
523 41
523 106
523 111
523 40
523 58
524 77
525 97
526 121
526 103
526 114
526 28
526 105
526 109
526 66
527 75
527 29
527 126
527 60
527 133
527 87
527 59
528 78
529 24
529 128
529 137
529 14
529 115
529 52
530 25
530 56
530 6
530 98
530 82
530 61
530 118
530 59
530 111
531 51
531 77
531 108
531 88
531 10
532 119
533 58
533 4
533 63
533 59
533 123
533 55
534 11
535 13
535 101
535 63
535 28
535 21
536 52
536 22
536 47
536 85
536 5
537 3
537 5
537 116
537 45
537 23
537 40
538 54
538 85
538 61
538 32
538 78
538 2
539 107
539 33
539 97
539 93
539 51
540 75
540 29
540 12
540 140
540 85
540 27
541 70
542 30
542 103
542 37
542 34
542 102
542 44
542 61
542 116
542 139
543 9
543 118
544 16
544 84
544 118
544 19
544 111
545 27
545 65
545 53
545 17
545 39
545 80
546 28
546 107
546 39
546 80
546 78
546 40
547 47
547 130
547 77
547 61
547 68
547 137
548 76
548 50
548 110
548 117
548 135
548 81
549 137
549 64
549 69
549 102
549 27
550 103
550 60
550 92
550 111
550 65
551 128
551 136
551 135
551 103
552 128
552 99
552 14
552 22
552 3
552 19
553 20
553 114
553 109
553 53
553 90
554 65
554 9
555 4
555 78
555 69
555 122
555 138
556 73
556 114
556 48
556 56
556 127
556 79
557 39
557 78
557 60
557 56
557 84
558 49
558 85
558 107
558 6
558 118
559 11
559 21
559 40
559 134
559 23
560 12
560 3
560 102
560 127
560 53
560 123
560 93
560 77
560 42
560 86
560 34
560 109
560 76
560 99
560 111
560 29
560 67
560 89
560 133
560 108
560 41
560 132
560 114
560 98
560 13
560 135
561 57
561 43
561 10
561 49
561 106
561 18
562 80
562 85
562 81
562 60
562 45
563 132
563 39
563 34
563 41
563 64
563 98
563 23
564 130
564 33
564 25
564 129
564 14
565 34
565 1
565 94
565 26
565 114
566 38
566 1
566 26
566 34
566 30
566 102
567 3
567 38
567 79
567 139
567 4
567 16
567 5
567 15
567 132
568 24
568 63
568 136
568 27
568 32
569 73
569 63
569 40
569 95
569 32
570 58
570 109
570 78
570 45
570 57
571 80
571 127
571 118
571 75
571 69
571 85
572 16
572 134
572 5
572 126
572 37
572 49
572 33
572 55
573 27
573 16
573 69
573 113
573 78
573 119
573 41
573 51
573 92
573 37
573 99
573 35
574 37
575 72
576 110
576 12
576 124
576 102
576 5
577 133
577 38
577 8
577 95
577 112
578 30
578 62
578 112
578 81
578 122
578 29
579 63
579 8
579 79
579 56
579 24
579 124
579 43
579 98
580 89
580 125
580 19
580 131
580 88
581 104
581 135
581 122
581 79
581 55
582 85
582 63
582 84
582 73
582 75
583 133
583 122
583 59
583 3
583 8
584 1
584 56
584 74
584 43
584 34
585 129
585 117
585 4
585 61
585 136
586 124
586 109
586 134
586 102
586 15
587 134
587 66
587 9
587 27
587 42
588 43
588 33
588 97
588 47
588 65
589 79
589 58
589 123
589 40
589 52
589 91
589 111
589 61
589 13
589 23
589 15
589 6
589 38
589 101
589 9
589 39
589 119
589 96
589 55
589 68
589 35
589 132
589 121
589 10
589 90
589 11
589 41
589 105
589 19
589 14
590 41
590 107
590 49
590 39
590 88
591 32
591 81
591 1
591 89
591 35
592 128
592 60
592 110
592 80
592 94
592 84
592 65
592 87
592 52
592 111
593 50
593 74
593 123
593 127
593 118
594 38
594 31
594 18
594 6
594 88
594 25
594 44
594 99
594 61
594 83
594 55
594 46
594 105
594 37
594 33
594 34
594 22
594 12
594 9
594 41
594 113
594 56
594 106
594 108
594 39
594 16
594 132
594 116
594 5
594 53
594 133
594 1
594 124
594 67
594 23
594 130
595 108
595 133
595 30
595 65
595 67
595 25
596 107
596 137
596 48
596 46
596 60
596 95
597 122
597 9
597 130
597 36
597 19
597 65
597 109
597 23
598 34
598 51
598 77
598 61
598 98
599 10
599 0
599 68
599 54
599 44
599 47
599 108
600 35
600 91
600 110
600 79
600 36
601 75
601 93
601 108
601 25
601 98
601 122
601 95
601 116
601 83
601 14
601 38
601 45
601 109
601 112
602 5
602 44
603 82
603 31
603 35
603 119
603 22
604 8
604 4
605 132
605 90
605 42
605 23
606 35
606 82
606 93
606 102
606 46
606 73
607 96
607 126
607 107
607 16
607 127
607 7
607 121
607 82
607 27
607 123
607 42
607 22
608 81
608 24
608 21
608 92
609 60
609 112
610 36
610 33
610 14
610 35
610 100
611 62
611 116
611 58
611 73
611 12
611 130
612 56
612 105
613 55
613 35
613 127
613 63
613 7
614 78
614 3
614 36
614 90
614 48
615 121
615 3
615 77
615 128
615 31
616 16
616 82
616 138
617 118
617 104
617 9
617 13
617 89
618 39
618 138
618 123
618 47
618 101
619 32
619 1
619 127
619 84
619 39
619 53
620 107
620 47
620 82
620 46
620 133
620 10
621 107
621 21
621 139
621 102
621 59
622 136
622 15
622 99
623 132
623 80
623 103
623 82
623 74
623 49
623 56
623 135
623 53
623 41
624 121
624 6
624 26
624 49
624 81
624 116
624 137
624 78
624 102
624 131
625 127
625 40
625 21
625 117
625 3
626 15
626 78
626 103
626 58
626 87
627 18
627 24
627 15
627 41
627 137
627 38
628 28
628 3
628 121
628 109
628 135
629 7
629 27
629 28
629 35
629 24
629 75
630 41
630 16
630 29
630 140
630 31
631 89
631 54
631 31
631 90
631 137
631 14
631 18
631 9
632 79
632 33
632 86
632 77
632 39
633 64
633 55
633 130
633 101
633 135
634 67
634 82
634 119
634 120
634 135
635 88
635 13
635 83
635 9
635 27
636 15
636 31
636 29
636 46
636 78
637 127
637 123
637 73
637 21
637 17
637 118
637 7
637 18
637 42
637 102
637 74
637 58
637 33
637 69
637 115
637 46
637 4
637 95
637 117
637 23
637 13
637 96
637 119
637 103
637 84
638 56
638 16
638 99
638 132
638 102
638 76
639 41
639 59
639 57
639 19
639 39
640 116
640 44
640 128
640 95
640 90
640 74
640 46
641 130
641 43
641 60
641 7
641 11
642 20
642 4
642 84
642 108
642 6
643 83
643 120
643 73
643 38
643 102
643 45
643 48
644 103
644 61
644 81
644 4
644 86
645 69
645 44
645 13
645 111
645 58
645 109
645 117
645 130
645 61
645 137
645 21
645 140
645 91
645 99
645 23
645 26
645 88
646 33
646 136
646 78
646 124
646 109
647 103
647 119
647 90
647 131
647 21
647 132
647 100
647 86
647 92
647 45
647 120
647 19
647 81
647 76
648 87
648 37
648 116
648 136
648 25
649 103
649 54
649 139
649 41
649 25
649 112
650 131
650 67
650 48
650 39
650 104
650 101
650 132
650 92
650 82
651 14
651 21
651 28
651 106
651 82
652 43
652 102
652 20
652 95
652 40
652 127
652 0
652 59
652 27
652 49
652 15
652 44
652 75
652 131
652 82
652 4
652 119
652 114
652 110
652 111
652 30
652 23
652 108
652 46
652 58
652 28
652 116
652 31
653 42
653 39
653 62
653 40
653 92
654 2
654 131
654 120
654 46
654 137
654 69
655 88
655 136
655 38
655 43
655 65
656 86
656 57
656 112
656 109
656 67
657 104
657 89
657 69
657 93
657 37
658 46
658 107
658 16
658 121
658 43
659 21
659 88
659 1
660 108
660 112
660 104
660 132
660 91
661 113
661 66
661 129
661 96
661 109
662 85
662 48
662 100
662 29
662 90
663 33
663 51
663 125
664 61
664 29
664 4
664 2
664 66
665 113
665 6
665 89
665 94
665 66
666 42
666 98
666 109
666 59
666 69
667 137
667 93
667 33
667 29
667 53
667 9
668 109
668 76
668 123
668 44
668 11
669 7
669 3
669 117
669 54
669 113
669 121
669 68
669 40
669 18
669 58
670 60
670 66
670 46
670 8
670 124
671 76
671 116
671 74
671 109
671 119
671 56
672 94
672 25
672 17
672 29
672 73
673 135
673 61
673 129
673 98
673 88
674 136
674 11
674 32
675 138
675 22
675 51
675 49
675 122
675 25
675 73
675 120
676 14
676 49
676 36
676 74
676 97
677 55
677 16
677 130
677 49
677 3
677 109
677 105
677 20
677 5
677 54
677 50
677 129
677 102
677 57
677 34
677 22
677 132
677 86
677 33
678 50
678 32
678 86
678 20
678 132
679 54
679 108
679 113
679 67
679 60
680 115
680 42
680 13
680 18
680 125
681 35
681 82
681 99
681 29
681 26
682 119
682 107
682 112
682 135
682 67
683 52
683 116
683 107
683 94
683 55
683 10
683 47
683 42
683 0
683 35
683 29
683 139
683 21
683 85
683 30
683 59
683 83
683 90
683 2
683 115
683 91
683 46
683 39
683 137
683 9
683 104
683 1
683 48
683 51
684 86
684 111
684 123
684 26
684 23
684 85
684 56
684 115
684 3
685 61
685 97
685 89
685 41
685 132
686 82
686 120
686 41
686 10
686 77
687 118
687 121
687 136
687 31
687 95
688 129
688 57
688 84
688 67
688 33
689 134
689 129
689 49
689 25
689 40
690 83
690 14
690 131
690 41
690 7
691 61
691 32
691 6
691 113
691 66
692 42
692 115
692 52
692 68
692 47
693 40
693 95
693 86
693 18
693 121
693 51
693 114
693 126
693 106
693 26
693 110
693 69
694 137
694 6
694 55
694 106
694 124
695 70
696 61
696 74
696 69
696 128
696 47
697 110
697 85
697 54
697 24
697 80
697 21
697 89
698 40
698 68
698 54
698 29
698 140
699 133
699 109
699 45
699 121
699 101
700 10
700 117
700 17
700 95
700 96
700 93
700 133
700 116
700 44
701 88
701 99
701 122
701 84
701 63
702 74
702 32
702 102
702 12
703 37
703 19
703 46
703 29
703 57
703 39
703 80
703 136
703 90
703 105
704 42
704 64
704 116
704 46
704 0
705 52
705 107
705 30
705 93
705 74
705 22
705 15
705 131
706 1
706 77
706 47
706 96
706 117
707 103
707 81
707 105
707 37
708 63
708 67
708 27
708 107
708 55
709 58
709 80
709 121
709 119
709 65
710 23
710 92
710 39
710 127
710 25
710 5
710 139
710 17
710 46
710 28
710 80
710 99
710 8
710 94
710 74
710 24
710 18
711 106
711 69
711 57
711 100
711 115
712 107
712 76
712 9
712 57
712 96
713 121
713 118
713 52
713 100
713 63
713 79
714 134
714 15
714 27
714 4
714 99
714 128
714 42
714 8
714 19
714 55
715 134
715 27
715 19
715 114
715 116
716 84
716 120
716 100
716 36
716 30
717 112
717 57
717 81
717 24
717 54
718 128
718 109
719 24
719 76
719 78
719 25
719 54
720 32
720 33
720 117
720 131
720 64
720 140
721 26
721 134
721 76
721 96
721 119
722 49
722 39
722 66
722 69
723 18
724 118
724 67
724 48
724 3
724 107
724 18
725 62
725 46
725 44
725 65
725 77
726 126
726 23
726 118
727 38
727 82
727 9
727 122
727 5
727 37
727 139
727 108
727 19
727 8
728 122
728 15
728 33
728 75
728 108
728 20
728 13
729 107
729 60
729 103
729 17
729 95
730 111
730 23
730 139
730 98
730 100
731 140
731 123
731 23
731 124
731 96
731 77
732 69
732 129
732 115
732 84
732 93
732 10
732 24
733 123
733 64
733 12
733 37
733 139
734 63
734 55
735 136
735 4
735 45
735 123
735 98
736 4
736 119
736 95
736 42
736 3
737 22
737 126
737 21
737 139
737 138
738 65
738 88
738 14
739 114
739 86
739 39
739 1
739 107
739 138
739 134
740 55
740 137
740 41
740 103
740 47
741 97
741 132
741 43
741 33
741 96
742 51
742 124
742 21
742 86
742 48
742 79
743 15
744 130
744 100
744 94
744 2
744 66
745 115
745 91
745 114
745 107
745 73
746 3
746 9
746 13
746 5
746 54
746 22
746 110
746 0
746 77
746 2
747 122
747 136
747 35
747 118
747 114
748 92
748 99
748 139
748 95
748 42
749 82
749 5
749 118
749 10
749 7
749 43
749 76
749 112
749 21
749 41
749 97
749 96
749 15
749 133
749 23
750 18
750 29
750 5
750 103
750 37
751 108
751 97
751 109
751 89
751 133
751 61
752 113
752 48
752 107
752 68
752 49
753 61
753 11
753 60
754 71
755 126
755 106
755 24
755 100
755 74
756 78
756 97
756 129
756 44
756 60
757 59
757 80
757 98
757 7
758 41
758 83
758 88
758 61
758 122
759 71
760 27
760 133
760 54
760 43
760 15
760 138
760 118
760 29
761 0
761 81
761 100
761 11
761 8
762 60
762 20
762 126
762 26
762 124
763 50
763 15
763 91
763 136
763 83
764 63
764 86
764 57
765 130
765 8
765 2
765 25
765 137
766 128
766 79
766 108
766 116
766 138
766 44
766 121
766 20
767 87
767 92
767 26
767 121
767 41
768 126
769 128
769 59
769 64
769 18
769 113
769 34
769 82
769 123
769 37
769 17
769 69
769 93
769 76
769 114
769 54
769 7
769 79
769 133
770 117
770 96
770 104
770 125
770 103
771 92
771 35
771 36
771 84
771 87
772 36
772 42
772 24
772 103
772 69
772 90
772 106
773 0
773 33
773 42
773 109
773 85
773 49
773 48
773 122
774 37
774 102
774 13
774 88
774 21
775 136
775 109
775 62
775 33
775 19
776 62
776 127
776 52
776 119
776 63
776 37
776 103
776 47
776 4
776 93
776 32
776 0
776 64
776 125
776 65
776 122
776 100
776 78
776 35
776 57
776 121
777 9
777 20
777 62
777 65
777 112
778 33
778 17
778 61
778 44
778 125
779 116
779 30
779 28
779 58
779 17
779 75
779 128
779 133
779 86
779 44
779 14
779 22
779 139
780 66
780 46
780 114
780 135
780 32
781 113
781 108
781 82
781 118
781 133
782 11
782 114
782 18
782 118
782 103
783 14
783 82
783 122
783 60
783 78
784 127
784 16
784 133
784 25
784 102
785 57
785 88
785 34
785 135
785 140
785 85
785 134
786 64
786 3
786 43
786 17
786 4
787 8
787 39
787 14
787 111
787 36
788 1
788 45
788 40
788 79
788 58
789 125
789 115
789 2
789 91
789 42
789 124
789 112
789 20
789 28
789 128
789 101
789 40
789 62
789 114
789 35
789 92
789 104
789 26
789 66
789 117
789 3
789 130
789 68
789 54
789 33
789 140
789 77
789 39
789 76
789 53
789 8
789 105
789 116
789 29
789 4
789 81
789 47
790 68
790 131
790 135
790 56
790 15
790 60
791 109
791 44
791 108
791 115
791 12
792 81
792 109
792 138
792 14
792 6
793 117
793 7
793 132
793 22
793 123
794 74
794 52
794 43
794 35
794 131
794 28
794 116
794 73
794 128
794 7
794 24
794 63
794 3
794 20
794 80
794 9
794 86
794 22
795 104
795 7
795 80
795 3
795 11
796 6
796 86
796 115
796 97
796 20
797 56
797 16
797 38
797 39
797 120
797 75
797 37
797 14
798 40
798 27
798 137
798 138
798 123
799 71
800 115
800 83
800 61
800 120
800 4
800 65
801 45
801 82
801 31
801 116
801 8
801 11
801 108
802 22
802 86
802 1
802 75
802 110
803 54
803 138
803 4
803 67
803 58
803 82
803 120
803 122
803 48
803 124
803 44
803 29
804 131
804 32
804 34
804 31
804 55
804 88
804 20
805 138
805 119
805 22
805 51
805 97
806 104
806 9
806 137
806 13
806 27
807 21
807 12
807 18
807 79
807 2
807 91
807 118
807 128
808 73
808 114
808 122
808 117
808 52
809 34
809 13
809 51
809 15
809 123
809 79
810 86
810 75
810 138
810 17
810 37
811 16
811 92
811 75
811 128
811 53
811 109
811 74
811 126
812 26
812 104
812 131
812 90
812 83
813 71
814 25
814 1
814 94
814 99
814 53
815 3
815 129
815 10
815 22
815 74
815 32
815 45
815 91
815 17
815 53
815 57
815 46
815 104
815 113
815 6
815 59
815 87
815 122
815 86
815 34
815 109
815 97
816 19
816 66
816 18
816 92
816 95
816 47
816 22
816 36
817 40
817 112
817 140
817 134
817 103
817 41
818 23
818 57
818 51
818 16
818 33
819 91
819 136
820 18
820 15
820 44
820 57
820 25
821 140
821 76
821 110
821 98
821 105
821 57
821 4
821 113
821 36
821 107
821 37
821 69
821 119
822 135
822 25
822 103
822 114
822 108
822 127
823 63
823 60
823 135
823 101
823 38
823 82
823 52
823 9
824 72
825 115
825 5
825 139
825 69
825 45
826 101
826 90
826 45
826 98
826 52
827 5
827 40
827 38
827 95
827 27
828 27
828 117
828 52
828 32
828 22
829 136
829 12
830 57
830 97
830 43
830 107
830 44
831 85
831 60
831 67
831 8
831 112
831 4
831 51
831 132
832 20
832 109
832 140
832 114
832 5
832 103
832 113
832 11
832 131
833 106
833 47
834 72
835 40
835 28
835 120
835 117
835 77
835 4
835 44
835 12
835 35
835 61
835 132
835 26
835 99
835 83
835 14
835 136
835 87
835 108
835 53
835 124
835 2
836 32
836 96
836 138
836 56
836 10
836 127
837 57
837 44
837 117
837 20
837 36
837 120
837 30
837 108
837 92
837 40
837 49
837 124
837 54
838 126
838 80
838 21
838 115
838 55
839 118
839 98
839 75
839 9
839 89
840 104
840 65
840 124
840 19
840 103
841 131
841 32
841 17
841 120
841 96
842 69
842 53
842 104
842 119
842 68
843 8
843 23
843 86
843 14
843 61
844 91
844 73
844 98
844 125
844 26
845 101
845 103
845 138
845 96
845 47
846 16
846 55
846 77
846 11
846 129
847 81
847 25
847 74
847 47
847 60
847 39
847 94
847 90
847 0
847 97
847 4
847 12
847 42
847 17
847 111
847 43
847 45
847 105
847 30
847 122
847 133
848 114
848 99
848 41
848 12
849 130
849 54
849 107
850 124
850 26
850 85
850 43
850 102
850 9
851 54
851 31
851 103
851 37
851 5
852 16
852 18
852 41
852 107
852 116
853 26
853 11
853 132
853 79
853 49
853 40
853 1
854 40
855 121
855 2
855 84
855 128
855 109
856 54
856 62
856 139
856 80
856 12
857 38
857 4
857 58
857 54
857 76
858 66
858 108
858 50
858 41
858 88
858 90
858 19
858 84
858 17
858 101
858 38
859 45
859 126
859 24
859 116
859 20
860 75
860 47
860 64
860 80
860 114
861 18
861 58
861 54
861 51
861 42
862 134
862 130
862 58
862 140
862 104
862 77
863 75
863 123
863 50
863 8
864 68
864 1
864 39
864 37
864 109
865 97
865 48
865 94
865 19
865 30
866 123
866 83
866 41
866 81
867 138
867 60
867 15
868 130
868 133
868 8
868 91
868 124
869 64
869 47
869 26
869 38
870 91
870 58
870 60
870 61
870 62
871 5
871 140
871 117
871 3
871 13
871 57
871 22
871 96
871 23
872 106
872 58
872 2
872 125
872 91
873 14
873 127
873 101
873 120
873 27
874 42
874 100
875 4
875 119
875 90
875 101
875 7
876 44
876 113
876 88
876 122
876 118
876 8
876 22
876 25
876 26
877 17
877 34
877 0
877 35
877 7
877 85
877 50
877 14
877 45
877 96
878 5
878 111
879 116
879 40
879 104
879 96
879 69
879 0
880 100
880 110
880 83
880 116
880 106
881 81
881 134
881 17
881 16
881 39
881 116
881 92
881 60
881 112
881 34
881 24
881 85
881 121
882 139
882 43
882 132
882 73
882 47
882 30
883 80
883 103
884 4
884 1
884 32
884 84
884 48
885 68
885 51
885 7
885 59
885 112
886 105
886 100
886 16
886 123
886 82
887 45
887 30
887 50
887 99
887 49
888 127
888 74
888 136
888 44
888 50
888 40
889 72
889 71
890 44
890 31
890 43
890 27
890 20
891 108
891 0
891 13
891 93
891 49
892 53
892 85
892 36
892 13
892 33
893 64
893 6
893 50
893 122
893 8
894 10
894 62
894 97
894 104
894 113
894 86
895 34
895 49
895 88
895 64
895 84
896 102
896 45
896 107
896 139
896 8
896 117
896 39
897 44
897 62
897 27
897 110
897 17
897 95
897 67
897 82
897 119
898 34
898 130
898 56
898 133
898 50
899 8
899 30
899 112
899 100
899 53
899 40
900 135
900 44
900 23
901 50
901 28
901 44
901 135
901 17
902 45
902 106
902 32
902 113
902 134
903 127
903 25
903 106
903 20
903 31
904 53
904 91
904 110
904 123
905 10
905 105
905 139
905 94
905 8
906 47
906 110
906 84
906 33
906 32
907 116
907 75
907 39
907 40
907 64
908 82
908 131
908 105
908 117
908 114
909 127
909 98
909 0
909 78
909 3
910 15
910 128
910 11
910 38
910 31
911 79
911 55
911 76
911 24
911 105
912 2
912 3
912 79
912 61
912 136
912 73
913 19
913 74
913 51
913 109
913 115
913 1
913 118
914 5
914 134
914 49
914 116
914 32
915 88
915 111
915 43
915 100
915 23
915 99
915 80
915 1
915 9
915 139
915 93
916 70
917 70
918 79
918 113
918 114
918 106
918 55
919 38
919 118
919 94
919 6
919 126
919 106
919 102
919 30
920 137
920 60
920 10
920 4
920 91
921 110
921 67
921 139
921 80
921 2
922 4
922 106
922 97
922 91
922 116
923 72
924 140
924 10
924 124
924 59
924 119
925 46
925 48
925 81
925 69
925 131
925 37
925 128
926 127
926 8
926 32
926 135
926 5
927 56
927 52
927 22
927 2
927 80
927 33
927 73
927 43
927 65
927 112
927 51
927 69
927 14
927 92
927 78
927 35
927 27
927 32
927 21
927 39
927 36
927 135
927 116
927 75
927 117
927 76
927 11
927 25
927 63
927 91
927 138
927 115
927 28
927 103
927 99
927 60
927 77
927 55
927 74
927 38
927 109
928 82
928 1
928 58
928 107
928 104
929 113
929 79
929 39
929 132
929 123
929 67
930 45
930 22
930 78
930 38
930 15
931 51
931 65
931 120
931 35
931 87
932 8
932 97
932 62
932 107
932 14
932 86
932 48
933 37
933 130
933 86
933 99
933 117
933 60
933 115
934 131
934 55
934 68
934 101
934 79
935 6
935 2
935 27
936 70
937 92
937 118
937 134
937 139
937 26
938 63
938 34
938 85
938 105
938 109
939 86
939 4
939 46
939 15
939 19
940 136
940 112
940 1
940 31
940 53
941 55
941 32
941 89
941 9
941 94
942 85
942 107
942 10
942 95
942 54
942 37
943 100
943 104
943 11
943 61
943 78
944 50
944 23
944 11
944 124
945 24
945 56
945 98
945 74
945 20
946 12
946 32
946 82
946 76
946 83
946 90
946 3
946 22
946 17
946 27
946 48
946 112
946 91
946 92
946 60
946 34
946 55
946 46
946 114
946 42
947 59
947 85
947 26
947 135
947 3
948 80
948 24
948 91
948 13
948 26
948 40
949 8
949 113
949 29
949 121
949 100
950 131
950 78
950 4
950 57
950 10
951 15
951 19
951 16
951 102
951 25
951 65
951 74
951 56
951 49
951 123
951 62
952 95
952 109
952 2
952 76
952 21
952 27
952 48
952 77
952 115
952 24
952 118
952 53
952 73
952 88
952 17
952 28
952 7
952 62
952 29
953 26
953 46
953 140
953 21
953 132
954 69
954 8
954 9
954 87
954 79
955 93
955 99
955 26
955 109
955 34
955 95
955 56
955 138
955 65
956 12
956 117
956 139
956 15
956 45
956 80
957 38
957 16
957 101
957 125
957 25
958 33
958 96
958 15
958 78
958 114
958 11
959 133
959 27
959 14
959 35
959 30
960 85
960 15
960 98
960 38
960 5
960 24
960 101
960 102
960 105
960 57
960 4
960 65
960 30
960 93
960 10
960 11
961 126
961 119
961 49
961 91
961 124
962 111
962 47
962 38
962 61
962 35
963 78
963 35
963 58
963 64
963 112
964 3
964 124
964 44
964 34
964 122
964 12
965 45
965 134
965 132
965 62
965 100
965 97
965 52
965 1
965 95
965 127
965 90
965 42
965 35
965 91
965 23
965 32
965 133
965 16
965 9
965 5
965 115
965 108
966 21
966 103
966 3
966 44
966 76
967 83
967 88
967 3
967 113
968 81
968 139
968 78
968 102
968 128
969 71
970 19
970 113
970 64
970 50
970 12
970 26
970 116
970 139
970 0
970 117
970 1
970 8
970 4
970 13
970 22
971 100
971 109
971 73
971 16
971 77
972 102
972 113
972 114
972 131
972 32
973 88
973 117
973 109
973 114
973 77
974 103
974 137
974 104
974 88
974 24
975 131
975 134
975 120
975 128
975 99
975 12
976 66
976 114
976 55
976 58
976 112
977 69
977 114
977 55
977 133
977 98
978 125
978 18
978 78
978 121
978 103
978 63
978 120
978 16
978 62
978 60
978 106
979 88
979 30
979 54
979 11
979 115
980 97
980 73
980 0
980 79
980 88
981 23
981 25
981 117
982 57
982 18
982 93
982 28
982 128
983 8
983 1
983 33
983 39
983 127
983 104
983 13
983 49
983 100
983 41
983 99
983 69
983 37
983 82
983 15
983 36
983 113
983 10
983 60
984 21
984 26
984 29
984 127
984 134
984 122
985 41
985 78
985 75
985 128
985 67
985 109
985 11
985 137
985 127
986 129
986 85
986 55
986 123
986 46
987 17
987 23
987 11
987 10
987 82
988 15
988 29
988 100
988 76
988 0
989 14
989 60
989 102
989 120
989 42
989 80
990 28
990 109
990 100
990 76
990 34
990 7
990 41
991 24
991 105
991 52
991 64
991 91
992 50
992 15
992 136
992 102
992 87
993 116
993 2
993 73
993 99
993 85
993 125
994 118
994 19
994 108
994 13
994 64
995 77
995 65
995 43
995 66
995 58
996 53
996 108
996 9
996 39
996 95
996 131
997 122
997 5
997 96
997 49
997 53
998 45
998 97
998 54
998 101
998 118
998 102
999 75
999 51
999 24
999 121
999 137
1000 111
1000 109
1000 74
1000 116
1000 42
1001 97
1001 105
1001 90
1001 129
1001 20
1002 43
1003 83
1003 108
1003 89
1003 29
1003 37
1004 1
1004 131
1004 105
1004 94
1004 98
1005 3
1006 44
1006 66
1006 28
1006 19
1006 25
1006 90
1006 134
1006 129
1007 77
1007 122
1007 129
1007 27
1007 60
1008 50
1008 82
1008 138
1008 24
1008 111
1008 48
1008 12
1008 43
1009 6
1009 93
1009 54
1009 134
1009 85
1010 106
1010 118
1010 95
1010 19
1010 126
1011 16
1011 61
1011 79
1011 52
1011 96
1011 46
1012 121
1012 113
1012 17
1012 2
1012 29
1013 26
1013 46
1013 139
1013 86
1013 111
1013 89
1014 0
1014 2
1014 64
1014 114
1015 92
1015 7
1015 90
1015 117
1015 137
1015 47
1016 111
1016 25
1016 94
1016 1
1016 104
1017 22
1017 37
1017 31
1017 54
1017 30
1018 83
1018 27
1018 93
1018 62
1018 37
1019 32
1019 98
1019 84
1020 108
1020 5
1020 28
1020 47
1020 85
1021 94
1021 68
1021 119
1021 14
1021 126
1022 112
1022 12
1022 81
1022 9
1022 25
1023 111
1023 21
1023 15
1023 44
1023 96
1024 110
1024 92
1024 97
1024 86
1024 9
1024 52
1025 52
1025 48
1025 31
1025 135
1025 20
1026 38
1026 53
1026 133
1026 40
1026 82
1027 45
1027 15
1027 90
1027 101
1027 104
1028 82
1028 96
1028 102
1028 91
1028 24
1029 82
1029 100
1029 43
1029 101
1029 20
1029 59
1029 74
1029 46
1029 134
1029 89
1029 85
1029 23
1029 96
1029 37
1029 120
1030 28
1030 110
1030 22
1030 27
1030 128
1031 51
1031 3
1031 57
1031 22
1031 97
1032 107
1032 118
1032 19
1032 26
1032 13
1033 7
1033 33
1033 93
1033 1
1033 132
1034 61
1034 77
1034 128
1034 99
1034 51
1035 21
1035 88
1035 36
1035 117
1035 43
1036 117
1036 125
1036 87
1036 130
1036 33
1037 122
1037 90
1037 120
1037 98
1037 67
1038 91
1038 100
1038 20
1038 23
1038 4
1039 29
1039 48
1039 56
1039 85
1039 60
1040 10
1040 21
1041 28
1041 132
1041 40
1041 22
1042 111
1042 37
1042 30
1042 59
1042 128
1043 115
1043 79
1043 139
1043 19
1043 4
1044 44
1044 59
1044 2
1044 85
1044 94
1044 120
1045 14
1045 48
1045 139
1045 90
1046 44
1046 83
1046 58
1046 122
1046 39
1046 106
1047 101
1047 114
1047 55
1047 47
1047 131
1048 56
1048 34
1048 16
1048 133
1048 112
1049 110
1050 133
1050 94
1050 125
1050 114
1050 36
1051 133
1051 48
1051 76
1051 7
1051 128
1052 91
1052 136
1052 110
1052 93
1052 38
1052 126
1053 53
1053 94
1053 65
1053 59
1053 102
1053 109
1054 84
1054 69
1054 96
1054 81
1054 122
1055 39
1055 44
1055 3
1055 2
1055 38
1055 23
1056 77
1056 119
1056 41
1056 53
1056 99
1057 115
1057 17
1057 102
1057 140
1057 78
1058 131
1058 26
1058 117
1058 65
1058 58
1058 2
1058 31
1059 91
1059 41
1059 103
1059 105
1059 90
1059 58
1059 69
1059 82
1059 110
1059 32
1059 27
1059 81
1060 84
1060 30
1060 110
1060 107
1060 134
1061 88
1061 32
1061 99
1061 75
1061 9
1062 17
1062 138
1062 116
1062 7
1063 132
1063 14
1063 61
1063 57
1063 51
1064 94
1064 76
1064 12
1064 19
1064 6
1065 122
1065 90
1065 35
1065 98
1065 127
1066 59
1066 113
1066 43
1066 51
1066 100
1067 57
1067 114
1067 66
1067 100
1067 81
1068 90
1068 116
1068 117
1068 27
1068 67
1068 24
1068 26
1069 78
1069 63
1069 85
1069 94
1069 49
1070 14
1070 102
1070 131
1070 35
1070 111
1070 104
1070 129
1070 16
1070 86
1070 138
1070 90
1070 78
1070 37
1070 100
1070 85
1070 89
1070 59
1070 10
1070 6
1070 3
1070 50
1070 13
1070 77
1070 69
1070 98
1070 8
1070 22
1070 28
1070 36
1070 120
1070 122
1070 80
1070 29
1070 124
1070 88
1070 109
1070 95
1070 115
1070 62
1070 32
1070 114
1070 91
1070 18
1070 93
1070 1
1070 4
1070 92
1070 82
1070 63
1070 105
1070 65
1070 112
1070 43
1070 125
1070 51
1070 48
1070 38
1070 83
1071 4
1071 127
1071 34
1071 87
1071 86
1071 139
1072 132
1072 68
1072 99
1072 20
1072 2
1072 128
1072 46
1073 114
1073 96
1073 102
1073 76
1073 98
1073 124
1074 114
1074 87
1074 130
1074 52
1074 101
1075 124
1075 136
1075 128
1075 108
1075 82
1076 70
1077 41
1077 136
1077 107
1077 31
1077 76
1078 101
1078 84
1078 87
1078 123
1078 66
1078 135
1078 51
1079 99
1079 129
1079 95
1079 29
1079 140
1080 118
1080 21
1080 49
1080 98
1080 35
1081 90
1081 109
1081 121
1081 60
1081 98
1082 25
1082 30
1082 123
1082 45
1082 82
1083 1
1083 39
1083 44
1084 6
1084 74
1084 42
1084 44
1084 105
1085 133
1085 36
1085 122
1085 103
1085 91
1086 134
1086 87
1086 64
1086 65
1086 34
1087 120
1087 118
1087 124
1087 76
1087 106
1088 8
1088 85
1088 3
1088 51
1088 7
1088 5
1088 38
1088 55
1088 59
1088 63
1088 125
1088 15
1088 25
1088 82
1088 86
1088 20
1088 96
1088 88
1089 75
1089 18
1089 99
1089 89
1089 58
1090 34
1090 90
1090 4
1090 135
1090 50
1091 58
1091 85
1091 73
1091 117
1091 133
1091 129
1091 113
1091 128
1091 82
1091 79
1091 57
1091 19
1092 17
1092 108
1092 63
1092 18
1092 21
1093 5
1093 39
1093 135
1093 118
1093 139
1094 87
1094 37
1094 136
1094 101
1094 14
1094 4
1094 10
1094 109
1094 34
1094 95
1094 58
1094 67
1094 65
1094 36
1094 50
1094 56
1094 127
1094 102
1094 98
1094 131
1094 60
1094 12
1094 32
1094 26
1094 52
1094 80
1095 72
1096 119
1096 13
1096 133
1097 8
1097 129
1097 16
1098 116
1098 138
1098 69
1098 49
1098 9
1099 137
1099 11
1099 29
1100 100
1100 89
1100 20
1100 24
1100 83
1100 34
1100 92
1100 37
1101 79
1101 126
1101 33
1101 77
1101 22
1101 95
1101 24
1102 0
1102 17
1102 131
1102 103
1102 33
1102 19
1103 120
1103 61
1103 29
1103 40
1103 44
1103 66
1104 94
1104 4
1104 62
1104 137
1104 101
1105 137
1105 5
1105 20
1105 116
1105 58
1106 53
1106 140
1106 43
1106 30
1106 138
1106 58
1106 82
1106 81
1107 139
1107 136
1107 103
1107 128
1107 118
1107 8
1107 78
1108 22
1108 95
1108 49
1108 100
1108 1
1108 116
1108 20
1108 59
1108 134
1108 128
1108 42
1108 82
1108 24
1108 91
1108 52
1108 109
1108 60
1108 14
1108 120
1108 29
1108 17
1108 97
1108 86
1108 135
1108 117
1108 31
1108 76
1108 35
1108 93
1108 47
1108 114
1108 6
1108 3
1108 125
1108 57
1108 108
1108 58
1108 115
1108 96
1108 51
1108 77
1108 11
1108 23
1109 28
1109 79
1109 7
1109 131
1109 35
1110 77
1110 132
1110 64
1110 98
1110 120
1111 86
1111 14
1111 85
1111 120
1111 109
1111 77
1111 7
1111 78
1111 95
1112 52
1112 97
1112 38
1112 9
1112 4
1113 101
1113 29
1113 73
1113 9
1113 121
1114 53
1114 136
1114 83
1114 98
1114 38
1114 128
1114 94
1114 113
1114 20
1114 48
1114 60
1114 26
1114 117
1114 81
1114 54
1114 135
1114 86
1114 52
1114 62
1114 92
1114 105
1114 42
1114 123
1114 69
1114 118
1114 15
1114 29
1114 132
1114 134
1115 41
1115 20
1115 26
1115 40
1115 3
1116 45
1116 7
1116 50
1116 91
1116 17
1117 2
1117 87
1117 31
1117 19
1117 99
1117 74
1118 134
1118 91
1118 84
1118 132
1118 110
1118 107
1118 90
1118 7
1118 47
1118 74
1118 130
1118 96
1118 50
1119 91
1119 57
1119 93
1119 55
1119 22
1119 12
1120 112
1120 29
1120 55
1120 7
1120 74
1121 106
1121 114
1121 30
1121 120
1121 125
1121 85
1121 29
1122 104
1122 59
1122 129
1122 75
1122 3
1123 115
1123 19
1124 134
1124 74
1124 98
1124 6
1124 46
1125 4
1125 109
1125 97
1125 81
1125 135
1125 3
1125 90
1125 137
1126 86
1126 24
1126 100
1126 6
1126 135
1127 114
1127 102
1127 28
1128 140
1128 134
1128 38
1128 99
1128 91
1128 114
1129 78
1129 91
1129 83
1129 101
1129 140
1129 41
1129 135
1129 29
1130 35
1130 113
1130 13
1130 50
1130 59
1131 63
1131 81
1131 39
1131 101
1131 8
1132 27
1132 108
1132 116
1132 97
1132 96
1132 31
1133 101
1133 8
1133 47
1133 78
1133 75
1134 103
1134 82
1134 9
1134 29
1134 5
1135 27
1135 40
1135 25
1135 96
1135 63
1136 138
1136 14
1136 35
1136 41
1136 100
1137 53
1137 115
1137 27
1137 137
1137 128
1137 39
1137 114
1137 44
1138 58
1138 91
1138 29
1138 48
1138 23
1139 14
1139 88
1139 116
1139 97
1139 138
1139 27
1140 121
1140 109
1140 4
1140 74
1140 37
1141 11
1141 69
1141 105
1141 43
1142 60
1142 33
1142 117
1142 69
1142 47
1143 80
1143 16
1143 32
1143 36
1143 130
1143 81
1143 22
1143 102
1143 28
1144 122
1144 31
1144 43
1144 101
1144 127
1145 2
1145 87
1145 15
1145 136
1146 96
1146 81
1146 35
1146 69
1146 82
1147 20
1147 78
1147 2
1147 46
1147 66
1148 74
1148 102
1148 77
1148 21
1148 137
1149 19
1149 93
1149 66
1149 29
1149 73
1149 76
1149 96
1149 33
1149 97
1149 49
1149 118
1149 88
1149 105
1149 32
1149 117
1149 110
1149 23
1149 119
1149 1
1149 84
1149 20
1149 121
1150 14
1150 74
1150 108
1150 24
1150 32
1151 34
1151 124
1151 16
1151 50
1151 44
1152 102
1153 29
1153 135
1153 110
1153 85
1153 76
1153 138
1153 18
1153 106
1153 132
1153 47
1153 63
1153 39
1153 24
1154 137
1154 4
1154 80
1154 25
1154 79
1155 99
1155 14
1155 125
1155 40
1155 25
1156 89
1156 33
1156 19
1156 40
1156 137
1157 57
1157 90
1157 7
1157 0
1157 25
1158 63
1158 0
1158 95
1158 125
1158 25
1158 101
1158 48
1158 56
1158 69
1159 117
1159 55
1159 20
1159 68
1159 98
1159 118
1159 126
1159 14
1159 21
1159 137
1159 62
1159 36
1160 46
1160 17
1160 36
1160 93
1160 116
1161 17
1161 104
1161 99
1161 103
1161 29
1162 136
1162 74
1162 94
1162 15
1162 128
1162 10
1163 62
1163 121
1163 55
1163 37
1163 17
1164 54
1164 32
1164 108
1164 136
1164 16
1165 128
1165 18
1165 99
1165 22
1165 139
1166 13
1166 127
1166 39
1166 130
1166 21
1166 57
1166 102
1166 125
1166 16
1166 3
1167 19
1167 133
1167 54
1167 134
1167 66
1167 17
1167 84
1167 2
1167 61
1167 92
1167 99
1168 13
1168 89
1168 129
1168 20
1168 106
1168 109
1168 24
1168 56
1169 98
1169 123
1169 13
1169 110
1169 133
1169 138
1169 55
1169 50
1169 37
1170 39
1170 121
1170 52
1170 34
1170 133
1170 118
1171 66
1171 118
1171 87
1171 124
1171 52
1172 64
1172 35
1172 97
1172 47
1172 133
1173 109
1173 45
1173 17
1173 107
1173 19
1173 82
1173 94
1173 74
1173 115
1174 3
1174 23
1174 31
1174 12
1174 48
1174 27
1175 69
1175 27
1175 5
1175 29
1175 48
1176 1
1176 8
1176 82
1176 108
1176 131
1177 106
1177 11
1177 136
1177 119
1178 6
1178 88
1178 9
1178 137
1178 66
1179 2
1179 107
1179 28
1179 29
1179 130
1179 90
1179 65
1179 121
1179 77
1179 106
1179 128
1179 74
1180 102
1180 115
1180 136
1180 137
1180 98
1181 42
1181 26
1181 105
1181 54
1181 6
1182 16
1182 76
1183 82
1183 34
1183 32
1183 7
1183 14
1184 120
1184 89
1184 45
1184 30
1184 52
1184 54
1184 130
1184 18
1184 29
1184 32
1184 109
1184 67
1184 94
1184 64
1184 9
1184 140
1184 115
1184 107
1184 22
1184 24
1184 65
1184 62
1184 139
1184 47
1184 78
1185 59
1185 129
1185 125
1185 92
1185 95
1186 139
1186 102
1186 84
1186 35
1186 11
1186 94
1187 17
1187 44
1187 0
1187 73
1187 63
1188 8
1188 83
1188 49
1188 31
1188 46
1189 5
1189 38
1189 16
1189 18
1189 11
1190 105
1190 8
1190 59
1191 72
1192 117
1192 12
1192 138
1192 20
1192 120
1193 49
1193 12
1193 45
1193 137
1193 108
1193 69
1193 132
1194 65
1194 90
1194 21
1194 82
1194 81
1194 123
1194 75
1194 20
1194 125
1194 8
1194 37
1194 13
1194 84
1194 15
1194 29
1194 78
1194 24
1194 99
1194 108
1194 10
1194 132
1194 126
1194 112
1194 138
1194 100
1194 61
1194 121
1194 76
1194 95
1194 130
1194 69
1194 39
1194 41
1194 27
1194 127
1194 66
1194 48
1194 6
1194 57
1194 115
1194 102
1194 1
1194 23
1194 114
1194 42
1195 18
1195 138
1195 28
1195 3
1195 97
1196 119
1196 120
1196 14
1196 16
1196 96
1196 118
1197 4
1197 139
1197 92
1197 22
1197 82
1197 38
1198 54
1198 97
1198 91
1198 44
1198 121
1198 82
1198 50
1199 119
1199 24
1199 5
1199 30
1199 1
1200 76
1200 27
1200 130
1200 51
1200 23
1201 121
1201 73
1201 85
1201 24
1201 36
1201 20
1202 83
1202 13
1202 98
1202 22
1202 58
1202 128
1203 70
1204 55
1204 11
1204 27
1204 92
1204 65
1205 125
1205 113
1205 36
1205 41
1205 40
1205 22
1205 56
1205 31
1205 57
1205 119
1205 97
1205 89
1205 130
1205 0
1205 74
1205 118
1205 24
1205 99
1205 11
1205 96
1205 30
1205 53
1205 110
1206 105
1206 20
1206 40
1206 0
1206 2
1207 75
1207 90
1207 104
1207 27
1207 0
1207 2
1208 138
1208 84
1208 122
1208 60
1208 82
1209 40
1209 13
1209 12
1210 27
1210 100
1210 134
1210 121
1210 94
1211 28
1211 35
1211 4
1211 16
1211 13
1212 0
1212 39
1212 57
1213 6
1213 42
1213 51
1213 93
1213 1
1213 137
1214 59
1214 80
1214 0
1214 138
1214 95
1215 104
1215 119
1215 131
1215 74
1215 7
1215 38
1215 69
1215 54
1215 106
1215 17
1216 75
1216 43
1216 40
1216 8
1216 0
1217 38
1218 29
1218 115
1218 116
1218 23
1218 67
1219 80
1219 1
1219 2
1219 7
1219 55
1220 29
1220 86
1220 4
1220 35
1220 10
1221 12
1221 60
1221 9
1221 11
1221 18
1222 65
1222 111
1222 136
1222 22
1222 108
1223 102
1223 76
1223 26
1223 79
1223 133
1224 84
1224 35
1224 108
1224 134
1224 77
1224 15
1225 99
1225 10
1225 9
1225 57
1225 137
1226 109
1226 6
1226 8
1226 82
1226 78
1226 90
1227 128
1227 29
1227 45
1227 18
1227 81
1228 128
1228 111
1228 87
1228 127
1228 139
1228 54
1229 112
1229 23
1229 91
1229 42
1229 138
1230 40
1230 67
1230 77
1230 128
1230 55
1231 63
1231 55
1231 50
1231 20
1231 121
1231 111
1232 86
1232 106
1232 16
1232 62
1232 12
1232 49
1232 101
1232 84
1232 38
1232 3
1232 102
1232 74
1232 79
1232 128
1232 91
1232 14
1232 28
1232 7
1232 58
1232 133
1232 50
1232 8
1232 41
1233 98
1233 108
1233 23
1233 87
1234 39
1234 101
1235 31
1235 40
1235 0
1235 87
1235 15
1236 138
1236 48
1236 36
1236 44
1236 117
1237 52
1237 130
1237 68
1237 44
1237 38
1238 75
1238 100
1238 65
1238 101
1238 7
1238 26
1238 38
1238 78
1238 112
1238 98
1238 56
1238 51
1238 97
1238 41
1238 49
1238 132
1238 20
1238 140
1238 131
1238 21
1238 128
1238 46
1238 13
1238 37
1238 53
1238 69
1238 105
1238 16
1238 89
1238 120
1238 22
1238 125
1238 17
1238 27
1239 126
1239 132
1239 79
1239 4
1239 139
1240 23
1240 14
1240 16
1240 49
1240 15
1241 58
1241 74
1241 39
1241 91
1241 52
1241 113
1242 139
1242 46
1242 102
1242 94
1242 45
1242 137
1243 34
1243 86
1243 117
1243 0
1243 13
1244 48
1244 108
1244 22
1244 44
1244 45
1244 75
1245 33
1245 69
1245 124
1245 113
1245 130
1246 61
1246 122
1246 94
1246 140
1246 4
1247 91
1247 76
1247 118
1247 6
1247 108
1248 58
1248 78
1248 130
1248 119
1248 2
1249 132
1249 107
1249 54
1249 131
1250 44
1250 8
1250 67
1250 131
1250 63
1251 47
1251 83
1251 45
1251 87
1251 95
1252 48
1252 53
1252 91
1252 118
1252 25
1253 132
1253 109
1253 76
1253 91
1253 126
1253 136
1254 94
1254 137
1254 62
1254 114
1254 38
1255 70
1256 11
1256 30
1256 116
1256 18
1256 67
1256 99
1257 38
1257 77
1257 42
1257 5
1257 41
1258 28
1258 134
1258 89
1258 140
1258 75
1259 110
1259 85
1259 69
1259 61
1259 37
1260 79
1260 25
1260 58
1260 135
1260 63
1261 117
1261 39
1261 48
1261 3
1261 11
1261 64
1262 42
1262 46
1262 95
1262 35
1262 39
1263 134
1263 69
1263 123
1263 58
1263 73
1263 86
1263 31
1263 52
1264 92
1264 54
1264 126
1264 99
1264 25
1265 94
1265 40
1265 41
1265 43
1265 5
1265 25
1265 34
1265 98
1266 59
1266 47
1266 25
1266 20
1266 136
1267 52
1267 25
1267 74
1267 19
1267 8
1268 8
1268 75
1268 54
1268 127
1268 137
1269 20
1269 10
1269 104
1269 116
1269 82
1269 74
1269 77
1269 40
1269 65
1269 133
1269 54
1270 45
1270 130
1270 13
1270 46
1270 53
1271 33
1271 73
1271 13
1271 69
1271 76
1272 60
1272 10
1272 116
1272 136
1272 78
1273 115
1273 82
1273 133
1273 36
1273 34
1274 41
1274 102
1274 106
1274 51
1274 95
1274 96
1274 54
1274 66
1274 89
1274 64
1274 75
1274 101
1274 131
1275 86
1275 49
1275 97
1275 63
1275 128
1276 28
1276 14
1276 131
1276 87
1276 91
1277 125
1277 89
1277 91
1277 23
1277 22
1278 71
1279 73
1279 121
1279 108
1279 57
1279 86
1279 68
1279 131
1279 133
1279 116
1279 22
1279 9
1279 115
1279 8
1279 18
1280 88
1280 96
1280 11
1280 97
1280 139
1281 79
1281 54
1281 82
1281 40
1281 58
1282 28
1282 119
1282 64
1282 10
1282 125
1282 12
1282 54
1282 111
1283 111
1283 114
1283 56
1283 137
1283 63
1283 13
1284 14
1284 79
1284 114
1284 138
1284 18
1285 49
1285 91
1285 59
1285 25
1285 81
1285 28
1285 126
1285 87
1285 47
1285 54
1285 69
1285 37
1285 51
1285 56
1285 38
1285 110
1285 125
1285 119
1285 29
1285 30
1285 128
1285 96
1285 16
1286 50
1286 79
1286 57
1286 104
1286 132
1287 11
1287 93
1287 86
1287 5
1287 90
1287 33
1287 3
1287 102
1287 53
1287 99
1288 126
1288 43
1288 12
1288 115
1288 95
1288 26
1288 117
1289 90
1289 96
1289 34
1289 102
1289 26
1290 108
1290 91
1290 20
1290 38
1290 110
1290 15
1291 61
1291 99
1291 98
1291 136
1291 63
1292 86
1292 126
1292 114
1292 16
1292 118
1292 44
1293 86
1293 61
1293 76
1293 8
1293 57
1294 91
1294 49
1294 16
1294 123
1294 88
1295 13
1295 9
1295 34
1295 43
1295 75
1296 50
1296 135
1296 99
1296 74
1296 116
1297 111
1297 37
1297 105
1297 42
1297 98
1297 22
1297 119
1297 96
1297 13
1297 14
1297 109
1297 114
1297 24
1297 30
1297 103
1298 90
1298 44
1298 2
1298 77
1298 75
1299 1
1299 81
1299 124
1299 101
1299 131
1299 54
1299 55
1299 12
1299 40
1299 28
1300 116
1300 114
1300 53
1300 98
1300 122
1301 10
1301 19
1301 38
1301 62
1301 20
1301 134
1302 9
1302 99
1302 10
1302 1
1303 33
1303 117
1303 73
1303 102
1303 40
1303 34
1303 44
1304 53
1304 115
1304 78
1304 88
1304 32
1305 40
1305 87
1305 121
1305 14
1305 37
1306 58
1306 92
1306 106
1306 1
1306 44
1306 15
1307 19
1307 123
1307 30
1307 41
1307 133
1308 30
1308 105
1308 128
1308 40
1308 42
1309 130
1309 12
1309 35
1309 117
1309 58
1309 5
1309 133
1309 90
1309 28
1309 34
1309 84
1309 78
1309 99
1309 52
1310 6
1310 17
1310 111
1310 83
1310 11
1311 112
1311 40
1311 35
1311 62
1311 90
1311 23
1311 86
1312 15
1312 94
1312 109
1312 51
1312 129
1312 67
1312 20
1312 37
1312 101
1312 7
1312 121
1312 106
1312 73
1313 62
1313 74
1314 50
1314 57
1314 132
1314 85
1314 93
1314 23
1314 12
1314 8
1315 107
1315 90
1315 128
1315 120
1315 37
1316 73
1316 139
1316 50
1316 1
1316 28
1316 92
1316 38
1316 23
1316 80
1317 128
1317 135
1317 109
1317 93
1317 19
1318 136
1318 99
1318 27
1318 100
1318 42
1319 84
1319 18
1319 35
1319 61
1319 88
1320 128
1320 87
1320 51
1320 129
1320 116
1321 93
1321 63
1321 105
1321 90
1321 92
1321 118
1322 85
1322 48
1322 110
1322 138
1322 129
1322 123
1322 115
1322 44
1322 90
1322 84
1322 113
1322 7
1322 140
1322 109
1322 17
1322 96
1322 39
1322 45
1322 65
1322 95
1322 56
1322 119
1322 64
1322 67
1322 137
1322 6
1322 106
1322 75
1322 61
1322 26
1322 114
1322 46
1322 21
1322 121
1322 51
1322 87
1323 17
1323 11
1323 33
1323 63
1323 97
1323 38
1323 59
1323 4
1323 44
1323 112
1323 64
1323 24
1323 108
1323 88
1323 76
1323 26
1323 135
1323 43
1323 98
1323 132
1323 126
1323 37
1323 13
1323 121
1323 130
1323 65
1323 54
1323 100
1323 89
1323 73
1323 110
1323 23
1323 5
1323 49
1323 40
1323 12
1323 99
1323 101
1323 56
1323 2
1323 36
1323 140
1323 6
1323 27
1323 124
1323 120
1323 28
1323 137
1323 118
1323 77
1323 84
1323 85
1323 104
1323 67
1323 114
1323 139
1323 51
1323 131
1323 102
1323 32
1323 109
1323 18
1323 94
1324 25
1324 77
1324 135
1324 22
1324 114
1324 58
1325 0
1325 47
1325 137
1325 32
1325 134
1326 84
1326 17
1326 116
1326 57
1326 45
1326 52
1326 37
1326 99
1326 130
1326 135
1326 79
1326 8
1326 42
1326 23
1326 94
1326 20
1326 132
1326 120
1326 44
1326 7
1326 64
1326 69
1326 59
1326 82
1326 32
1327 37
1327 11
1327 88
1327 96
1327 134
1328 21
1328 128
1328 122
1328 135
1328 13
1329 16
1329 14
1329 68
1329 62
1329 58
1330 117
1330 41
1330 140
1330 51
1330 50
1331 112
1331 90
1331 68
1331 136
1331 138
1332 90
1332 41
1332 111
1332 54
1332 35
1332 37
1333 90
1333 127
1333 64
1333 104
1333 34
1334 59
1334 76
1334 67
1334 11
1334 103
1334 99
1334 58
1335 121
1335 49
1335 87
1335 78
1335 26
1335 41
1335 28
1335 115
1335 12
1335 2
1335 106
1335 67
1335 30
1335 0
1335 122
1335 77
1335 140
1335 59
1335 14
1335 88
1336 66
1336 47
1336 106
1336 125
1336 102
1337 12
1337 128
1337 31
1337 44
1337 35
1337 30
1337 54
1337 138
1338 31
1338 9
1338 24
1338 21
1338 107
1339 132
1339 32
1339 100
1339 125
1339 94
1339 33
1339 30
1339 127
1339 19
1340 65
1340 6
1340 21
1340 18
1340 38
1340 101
1340 95
1340 3
1340 137
1340 33
1340 125
1340 39
1340 9
1340 24
1340 20
1340 89
1340 76
1340 86
1340 31
1341 54
1341 18
1341 67
1341 13
1341 136
1342 93
1342 136
1342 123
1342 67
1342 122
1343 132
1343 58
1343 12
1343 2
1343 87
1343 26
1343 41
1343 4
1344 24
1344 45
1344 55
1344 123
1344 78
1345 62
1345 7
1345 26
1345 79
1345 135
1345 5
1345 21
1346 76
1346 85
1346 59
1346 63
1346 134
1346 121
1346 43
1346 68
1346 50
1346 99
1346 90
1346 93
1346 136
1346 9
1346 77
1346 66
1346 57
1346 75
1346 104
1346 103
1346 82
1346 60
1346 20
1346 102
1346 95
1346 125
1347 68
1347 15
1347 137
1347 61
1347 111
1347 64
1348 112
1348 24
1348 4
1348 17
1348 89
1349 111
1349 68
1349 30
1349 93
1349 51
1350 35
1350 39
1350 129
1350 28
1350 13
1350 5
1351 12
1351 130
1351 30
1351 118
1351 76
1352 50
1352 93
1352 54
1352 96
1352 139
1352 36
1353 128
1353 129
1353 111
1353 109
1353 7
1353 84
1353 138
1353 79
1353 77
1353 87
1354 71
1355 77
1355 25
1355 74
1355 48
1355 135
1355 49
1355 99
1355 69
1355 3
1355 21
1355 110
1355 43
1355 42
1355 19
1355 109
1355 13
1355 31
1355 58
1355 64
1355 122
1355 79
1355 128
1355 89
1355 24
1355 124
1355 90
1355 126
1355 102
1355 136
1355 114
1355 134
1355 116
1355 12
1355 11
1355 38
1356 11
1356 76
1356 9
1356 24
1356 68
1357 49
1357 121
1357 64
1357 83
1357 8
1358 90
1358 59
1358 76
1358 11
1358 115
1358 42
1358 55
1358 44
1358 10
1359 58
1359 45
1359 85
1359 133
1359 118
1359 92
1359 127
1360 116
1360 127
1360 76
1360 111
1360 108
1360 24
1360 87
1360 28
1360 3
1361 32
1361 49
1361 97
1361 63
1361 117
1362 83
1362 86
1362 95
1362 90
1362 57
1362 138
1362 63
1362 19
1362 120
1362 79
1362 131
1362 22
1363 111
1363 86
1363 87
1363 129
1363 57
1364 86
1364 79
1364 99
1364 41
1364 36
1364 95
1364 44
1365 48
1365 133
1365 119
1365 43
1365 125
1366 135
1366 73
1366 140
1366 133
1366 12
1366 56
1366 81
1366 58
1367 112
1367 51
1367 37
1367 134
1367 46
1368 81
1368 28
1368 83
1369 85
1369 113
1369 127
1369 118
1369 20
1370 97
1370 94
1370 45
1370 0
1370 24
1371 69
1371 48
1371 32
1371 17
1371 78
1371 94
1371 84
1371 8
1371 61
1371 117
1371 130
1371 23
1371 89
1371 75
1371 14
1371 131
1371 132
1371 116
1371 3
1371 11
1371 90
1372 13
1372 59
1372 62
1372 6
1372 84
1373 91
1373 82
1373 45
1373 60
1373 13
1374 2
1374 89
1374 92
1374 93
1374 23
1375 137
1376 41
1376 2
1376 23
1376 100
1376 66
1377 28
1377 127
1377 79
1377 94
1377 122
1377 56
1378 31
1378 109
1378 114
1378 111
1378 93
1378 133
1379 103
1379 28
1379 44
1379 96
1379 41
1379 50
1379 93
1379 98
1379 95
1379 21
1379 61
1380 13
1380 5
1380 105
1380 37
1380 86
1381 7
1381 96
1381 125
1381 82
1381 127
1382 13
1382 95
1382 109
1383 4
1383 95
1383 87
1383 86
1383 123
1384 43
1384 87
1384 100
1384 34
1384 136
1384 134
1384 4
1385 66
1385 12
1385 126
1385 116
1385 64
1385 39
1386 133
1386 73
1386 31
1386 1
1386 53
1387 136
1387 120
1387 7
1387 112
1387 25
1387 16
1388 97
1388 35
1388 135
1388 94
1388 84
1389 105
1389 13
1389 122
1389 138
1389 74
1390 117
1390 24
1390 90
1390 18
1390 115
1391 2
1391 119
1391 20
1391 12
1391 47
1392 9
1392 12
1392 125
1392 30
1392 95
1393 132
1393 18
1393 40
1393 60
1393 46
1394 24
1394 104
1394 49
1394 119
1394 116
1395 135
1395 97
1395 107
1395 125
1395 74
1395 26
1396 54
1396 37
1396 76
1396 83
1396 136
1397 15
1397 77
1397 75
1397 13
1397 43
1397 31
1397 42
1398 0
1398 92
1398 30
1398 45
1398 138
1398 91
1398 82
1398 48
1399 16
1399 35
1399 45
1399 78
1399 95
1400 42
1400 120
1400 29
1400 96
1400 137
1401 125
1401 58
1401 117
1401 101
1401 39
1402 83
1402 37
1402 38
1402 89
1402 95
1403 30
1403 84
1403 127
1403 37
1403 85
1403 128
1404 60
1404 22
1404 106
1404 59
1404 50
1405 61
1405 67
1405 120
1405 121
1405 27
1406 78
1406 131
1406 10
1406 58
1406 63
1406 62
1406 67
1406 94
1406 34
1406 122
1406 79
1406 93
1406 119
1406 74
1406 51
1406 6
1406 114
1406 112
1406 133
1406 22
1407 45
1407 23
1407 22
1407 97
1407 92
1408 45
1408 85
1408 103
1408 79
1408 38
1408 5
1408 129
1408 118
1408 77
1408 57
1409 136
1409 56
1409 59
1409 121
1409 41
1409 92
