3
37
82 87
89 87
6 89
59 6
59 96
95 96
95 23
93 23
93 120
95 22
22 18
21 18
21 20
59 76
84 76
84 85
76 91
123 91
74 123
82 81
7 81
7 12
12 3
10 3
57 10
57 47
47 43
46 43
57 134
82 87
89 87
9 89
9 59
59 101
101 33
100 33
37 33
48
82 89
7 89
59 7
94 59
94 22
95 22
95 23
94 98
98 96
59 123
74 123
132 123
132 124
124 90
90 85
97 59
120 97
120 20
82 89
9 89
9 0
2 0
10 2
58 10
58 134
58 61
46 61
46 43
82 89
7 89
59 7
21 59
21 37
63 37
63 125
69 125
53 69
53 136
137 136
137 103
103 33
33 17
14 17
14 100
82 89
7 89
59 7
59 101
44
82 87
89 87
8 89
59 8
93 59
93 23
122 93
122 99
99 96
93 120
75 99
21 75
135 21
135 20
21 124
74 124
124 90
90 85
82 81
9 81
9 73
66 73
66 134
66 57
39 57
39 43
46 43
82 81
8 81
119 8
119 98
75 98
21 75
135 21
135 20
20 14
15 14
15 37
35 15
35 32
34 32
34 100
14 33
101 33
