3
45
80 88
80 77
88 10
58 10
10 2
58 55
111 2
44 55
10 1
10 3
110 1
2 73
44 43
9 73
30 2
76 73
76 90
9 59
59 101
59 100
94 59
14 100
94 99
14 17
122 99
123 76
131 123
88 87
82 87
21 59
21 18
59 33
102 33
63 33
69 33
130 63
103 33
130 127
130 64
33 60
62 60
84 76
84 83
53 69
53 136
52
88 79
82 79
79 77
80 88
79 81
9 81
7 81
7 73
1 73
111 1
30 1
9 0
3 0
2 0
66 73
66 58
66 44
39 66
39 55
39 43
66 20
20 14
20 18
20 123
123 90
14 33
101 33
100 33
33 17
90 85
85 83
63 33
102 63
69 63
9 97
97 76
97 94
119 9
119 99
94 98
122 98
130 63
103 33
110 1
21 20
131 21
50 69
50 136
64 50
130 127
63 54
62 54
57
78 88
78 77
78 86
80 86
10 77
118 10
118 9
10 2
58 10
57 10
57 55
10 3
44 55
10 4
4 73
111 4
30 4
75 73
75 99
9 89
82 89
122 99
76 73
41 57
41 43
10 1
76 90
94 99
94 23
23 18
59 76
128 59
127 128
59 100
139 128
130 139
34 100
34 17
139 53
53 64
139 50
50 103
53 136
64 65
102 65
102 69
129 64
129 63
59 101
14 100
21 75
131 21
64 54
62 54
84 90
84 83
110 1
