3
23
26 73
4 73
111 4
6 73
6 89
4 104
10 104
10 86
26 73
6 73
120 6
120 75
66 75
66 58
58 55
46 55
26 73
6 73
97 6
97 33
69 33
50 69
139 50
32
26 11
30 11
30 1
111 1
9 11
9 89
10 1
88 10
80 88
80 86
107 26
107 24
24 73
76 73
59 76
41 59
41 38
42 38
67 42
46 67
26 11
9 11
9 97
120 97
120 20
20 14
15 14
15 51
54 51
63 54
130 63
130 139
40
107 26
107 24
24 11
31 11
31 1
111 1
11 3
12 3
8 12
8 89
89 87
88 87
78 88
78 86
107 26
107 25
25 73
66 73
66 44
67 44
46 67
107 26
107 24
24 11
11 3
12 3
8 12
97 8
97 76
124 76
21 124
135 21
135 20
34 20
34 15
15 51
54 51
63 54
130 63
130 139
