3
24
78 86
79 86
82 79
82 89
7 89
97 7
97 94
133 97
133 124
124 92
92 85
78 86
79 86
82 79
82 89
7 89
97 7
97 33
33 60
60 36
49 36
62 60
62 54
63 54
31
78 88
88 87
82 87
82 81
7 81
7 73
75 73
75 98
94 98
94 23
95 23
95 96
59 96
133 59
133 124
124 92
92 85
78 88
88 87
82 87
82 81
9 81
9 59
128 59
139 128
139 50
50 52
49 52
64 50
129 64
129 63
32
78 86
10 86
10 104
4 104
31 4
31 11
8 11
97 8
97 96
95 96
95 22
94 22
97 76
84 76
84 85
78 86
10 86
10 104
4 104
31 4
31 11
8 11
8 89
6 89
59 6
59 101
101 33
69 33
69 52
49 52
102 69
102 63
