3
19
119 6
119 98
93 98
94 98
94 124
124 92
92 85
118 6
118 10
58 10
58 134
120 6
120 75
21 75
21 20
20 14
14 32
37 32
37 54
22
6 81
8 81
119 8
119 99
93 99
93 59
59 123
123 92
92 85
6 81
7 81
7 73
66 73
66 134
6 81
7 81
59 7
128 59
127 128
130 127
130 64
64 54
27
118 6
118 8
8 73
74 73
74 91
91 85
74 123
132 123
132 124
133 124
133 59
59 121
93 121
118 6
118 8
8 73
74 73
74 123
20 123
66 20
66 134
97 6
97 33
33 60
52 60
52 51
54 51
