3
21
138 50
50 48
50 103
103 33
14 33
14 100
59 100
59 6
6 12
6 89
82 89
6 73
24 73
24 11
30 11
30 4
111 4
120 59
57 120
57 45
45 43
29
138 50
50 48
140 50
140 53
53 52
68 52
68 33
101 33
59 101
59 6
6 12
6 89
89 87
82 87
9 12
9 73
26 73
107 26
107 24
24 11
31 11
31 4
111 4
97 59
120 97
120 75
66 75
66 44
44 43
33
138 50
138 53
53 52
49 52
49 48
50 69
69 33
34 33
34 20
20 18
19 18
19 96
98 96
75 98
75 73
25 73
25 11
11 3
12 3
107 25
107 24
9 12
9 89
82 89
30 11
30 2
111 2
20 123
124 123
133 124
133 59
41 59
41 43
