3
24
5 0
8 0
118 8
118 6
120 6
120 75
21 75
135 21
5 0
3 0
10 3
57 10
39 57
5 0
8 0
97 8
97 33
102 33
102 65
65 54
54 51
52 51
50 52
139 50
26
5 0
7 0
118 7
119 7
119 99
93 99
93 22
22 18
20 18
135 20
5 0
2 0
10 2
57 10
39 57
5 0
7 0
7 12
9 12
9 97
97 59
59 101
101 33
103 33
50 103
139 50
28
5 0
6 0
118 6
119 6
119 93
93 23
23 18
21 18
135 21
5 0
1 0
31 1
31 11
24 11
24 73
66 73
39 66
5 0
6 0
119 6
119 120
120 20
34 20
34 15
15 51
52 51
50 52
139 50
