3
24
110 1
30 1
30 11
11 3
12 3
9 12
9 81
79 81
79 86
6 81
97 6
97 76
76 92
110 1
30 1
30 11
11 3
12 3
6 12
97 6
97 59
59 33
33 60
52 60
32
110 1
27 1
27 11
9 11
9 89
89 87
88 87
80 88
80 86
118 9
118 7
119 7
119 120
120 97
93 120
122 93
122 98
94 98
94 124
124 92
110 1
27 1
27 11
7 11
119 7
119 93
93 59
59 100
34 100
34 15
15 51
52 51
41
110 1
1 104
4 104
28 4
28 11
8 11
118 8
118 9
8 89
82 89
82 79
88 79
78 88
78 86
118 6
119 6
119 99
93 99
93 121
59 121
133 59
133 97
59 76
76 92
110 1
1 104
4 104
28 4
28 11
8 11
118 8
118 6
119 6
119 99
93 99
93 121
59 121
59 101
101 33
33 60
52 60
