3
25
130 139
139 53
53 51
15 51
35 15
34 15
34 20
20 123
123 91
91 85
85 83
97 123
9 97
9 0
9 11
31 11
31 1
108 1
9 89
82 89
82 79
79 77
66 20
39 66
39 55
22
130 139
130 63
63 37
37 32
35 32
37 33
101 33
59 101
9 59
9 12
12 3
3 0
10 3
10 77
10 1
108 1
59 123
123 92
92 85
85 83
58 10
58 55
25
130 139
130 64
64 54
37 54
15 37
35 15
15 14
20 14
120 20
120 6
6 0
1 0
108 1
1 104
10 104
88 10
80 88
80 77
21 20
21 124
124 84
84 83
57 120
39 57
39 55
