3
33
115 10
10 77
79 77
79 81
8 81
8 73
25 73
25 11
27 11
27 2
109 2
109 4
97 8
97 96
19 96
115 10
10 77
79 77
79 81
9 81
9 97
97 96
19 96
19 18
20 18
20 14
14 32
36 32
60 36
63 60
69 63
50 69
139 50
29
115 10
88 10
88 79
82 79
82 81
7 81
7 0
4 0
97 7
97 94
94 22
22 18
19 18
115 10
88 10
88 79
82 79
82 81
7 81
97 7
97 59
59 101
101 33
69 33
69 125
65 125
64 65
130 64
130 139
36
115 10
10 86
79 86
80 86
80 88
88 87
89 87
6 89
6 73
26 73
26 11
28 11
28 4
119 6
119 93
93 23
23 18
19 18
115 10
116 10
107 116
107 25
25 73
6 73
119 6
119 93
93 59
59 100
100 33
68 33
68 52
52 51
54 51
64 54
130 64
130 139
