3
32
132 123
20 123
20 18
23 18
94 23
94 99
119 99
119 8
118 8
118 9
9 0
1 0
1 104
2 104
132 123
20 123
120 20
57 120
57 61
46 61
132 123
59 123
59 36
60 36
33 60
68 33
52 36
69 52
69 63
130 63
130 139
139 128
32
132 124
133 124
133 59
59 96
99 96
19 96
19 21
135 21
135 20
98 96
119 98
119 6
6 12
2 12
132 124
133 124
133 59
59 96
99 96
75 99
66 75
66 57
57 55
46 55
132 124
133 124
133 59
128 59
139 128
139 53
53 52
68 52
31
132 123
123 90
124 90
94 124
94 99
94 23
23 18
21 18
21 20
132 123
74 123
74 73
2 73
132 123
123 90
124 90
21 124
21 20
66 20
66 57
57 55
46 55
132 123
59 123
59 101
101 33
68 33
63 33
130 63
130 127
127 128
