3
34
91 85
85 83
84 83
84 90
76 91
97 76
9 97
9 81
9 89
89 87
82 87
8 89
8 73
1 73
110 1
105 1
27 1
123 91
59 123
41 59
41 43
46 43
46 61
58 61
123 91
59 123
59 36
36 32
52 36
69 52
53 52
138 53
138 50
50 103
48
124 91
124 92
92 85
90 85
124 91
132 124
132 123
97 123
97 8
8 81
8 89
82 89
8 12
7 12
7 11
28 11
28 1
110 1
1 104
105 104
109 1
109 2
27 2
124 91
132 124
132 123
20 123
66 20
41 66
66 134
58 134
124 91
21 124
21 59
59 33
33 60
52 60
52 51
15 51
15 16
32 16
65 60
65 125
69 125
53 51
138 53
138 50
50 103
51
91 85
85 83
84 83
84 90
76 91
97 76
97 6
6 81
6 89
89 87
82 87
6 73
4 73
4 104
105 104
1 104
110 1
27 1
91 85
85 83
84 83
124 84
94 124
94 98
75 98
66 75
41 66
66 45
67 45
46 67
46 55
58 55
91 85
85 83
84 83
84 90
123 90
20 123
34 20
34 32
35 32
35 15
15 36
54 36
63 54
63 125
69 125
53 69
53 136
137 136
137 103
