3
31
30 4
30 2
2 0
7 0
7 81
82 81
82 87
79 81
88 79
80 88
80 86
30 4
30 2
2 0
7 0
7 81
6 81
120 6
120 20
34 20
34 32
36 32
52 36
53 52
139 53
34 32
36 32
54 36
63 54
130 63
130 127
40
30 4
30 11
7 11
7 89
89 87
82 87
82 79
79 77
78 77
78 86
111 4
111 2
2 73
6 73
97 6
97 96
19 96
19 21
21 20
20 14
14 17
34 17
14 13
15 13
15 36
60 36
64 60
140 64
140 53
139 53
14 13
15 13
15 36
60 36
64 60
140 64
140 53
139 53
139 128
127 128
33
31 4
31 1
27 1
27 11
9 11
9 89
82 89
82 87
10 1
10 86
109 4
109 2
2 12
7 12
119 7
119 93
93 59
59 100
34 100
34 33
103 33
137 103
137 136
50 136
139 50
100 33
103 33
137 103
137 136
53 136
53 64
130 64
130 127
