3
24
29 11
8 11
8 81
6 81
97 6
97 76
84 76
84 85
29 11
24 11
24 73
66 73
66 44
56 44
29 11
8 11
8 81
6 81
97 6
97 33
33 60
64 60
64 50
50 48
27
29 11
7 11
119 7
119 120
120 97
97 123
124 123
124 84
84 85
29 11
24 11
107 24
107 116
116 10
58 10
66 58
66 44
56 44
29 11
7 11
119 7
119 120
120 59
59 36
60 36
49 36
49 48
31
29 11
9 11
118 9
118 6
120 6
120 20
21 20
131 21
131 123
123 90
90 85
29 11
31 11
31 1
10 1
57 10
41 57
41 56
29 11
9 11
118 9
118 6
120 6
120 20
21 20
21 37
37 60
63 60
69 63
50 69
50 48
