3
17
57 106
57 10
118 10
118 9
9 97
97 94
94 23
95 23
23 18
19 18
10 4
4 0
8 0
97 8
97 59
128 59
128 126
29
57 106
57 10
118 10
118 7
119 7
119 120
93 120
93 23
95 23
95 22
22 18
19 18
10 1
109 1
109 2
2 12
8 12
119 8
119 120
93 120
93 99
94 99
94 59
59 36
52 36
50 52
139 50
139 128
128 126
24
106 56
56 55
39 55
39 66
66 73
7 73
118 7
7 12
9 12
119 9
119 93
93 22
95 22
22 18
19 18
9 73
9 59
59 33
33 60
52 60
50 52
139 50
139 128
128 126
