3
33
58 61
57 61
58 61
56 61
41 56
41 59
59 96
19 96
97 59
133 97
97 76
84 76
84 85
98 96
119 98
119 9
9 11
24 11
24 73
9 89
82 89
1 73
10 1
113 10
117 10
10 77
79 77
128 59
128 126
127 126
130 127
130 63
129 63
39
58 134
57 134
58 134
57 134
57 120
120 97
97 94
94 124
21 124
19 21
124 90
84 90
84 85
133 97
119 120
119 6
6 73
6 81
82 81
4 73
4 104
10 104
113 10
117 10
88 10
88 79
120 59
59 33
33 60
64 60
129 64
103 33
137 103
137 136
53 136
138 53
138 50
139 50
139 128
42
58 134
66 134
66 47
57 47
58 134
66 134
66 73
6 73
97 6
97 96
19 96
6 89
89 87
82 87
82 79
79 86
10 86
113 10
117 10
133 97
97 123
123 92
92 85
26 73
26 11
7 11
118 7
118 8
119 8
119 93
93 23
23 18
21 18
21 37
63 37
129 63
63 37
102 63
102 69
53 69
139 53
139 128
