3
21
111 2
2 73
8 73
59 8
59 96
95 96
95 23
23 18
19 18
19 21
111 2
2 73
66 73
66 44
111 2
2 73
75 73
21 75
21 20
34 20
34 15
30
111 4
109 4
109 2
2 12
8 12
97 8
97 96
97 123
124 123
21 124
111 4
109 4
109 2
2 12
6 12
120 6
120 75
66 75
66 44
111 4
109 4
109 2
2 12
8 12
97 8
97 123
124 123
21 124
21 37
15 37
35
111 1
1 73
7 73
7 89
9 89
9 97
97 94
94 99
99 96
133 97
133 124
124 123
131 123
131 21
111 1
10 1
57 10
57 47
47 43
44 43
111 1
1 73
7 73
7 89
9 89
9 97
133 97
133 124
124 123
131 123
131 21
135 21
135 20
20 14
15 14
