3
29
76 91
59 76
93 59
76 91
76 73
1 73
110 1
124 91
21 124
19 21
19 18
20 18
66 20
41 66
41 38
76 91
59 76
59 33
69 33
50 69
50 136
68 33
68 52
69 52
102 69
102 63
130 63
130 127
127 126
36
91 85
92 85
123 92
131 123
131 21
21 75
75 99
122 99
122 93
74 91
74 73
2 73
109 2
109 1
110 1
4 73
4 104
10 104
57 10
57 40
40 38
91 85
92 85
123 92
131 123
131 21
21 37
63 37
69 63
50 69
50 136
65 37
64 65
130 64
130 127
127 126
31
124 91
94 124
94 23
93 23
93 99
75 99
75 73
24 73
24 11
30 11
30 1
110 1
66 73
41 66
41 38
123 91
20 123
20 14
15 14
15 51
53 51
53 136
14 13
15 13
15 37
37 60
64 60
64 50
139 50
139 128
128 126
