3
18
131 21
131 123
97 123
97 8
8 11
25 11
107 25
107 116
116 10
117 10
10 86
80 86
80 88
21 59
41 59
41 43
21 59
59 36
22
21 18
23 18
94 23
97 94
97 6
6 81
79 81
88 79
88 10
117 10
21 18
20 18
66 20
41 66
41 43
21 18
23 18
94 23
94 59
59 33
33 60
60 36
33
19 21
19 18
22 18
95 22
95 23
93 23
119 93
119 8
8 12
9 12
118 9
118 10
117 10
10 86
78 86
78 88
19 21
19 18
22 18
95 22
95 23
93 23
122 93
122 98
75 98
66 75
66 45
45 43
135 21
135 20
34 20
34 32
36 32
