3
24
78 77
78 88
88 87
82 87
82 89
9 89
119 9
119 99
10 77
58 10
66 58
41 66
78 77
78 88
88 87
82 87
82 89
9 89
119 9
119 99
93 99
93 59
59 36
53 36
20
79 77
79 81
7 81
119 7
119 120
120 75
75 99
119 120
57 120
41 57
79 77
79 81
7 81
119 7
119 120
120 20
20 14
15 14
15 51
53 51
25
80 77
80 86
79 86
82 79
82 81
8 81
119 8
119 93
122 93
122 99
93 121
59 121
41 59
80 77
80 86
79 86
82 79
82 81
9 81
9 59
59 100
100 33
33 60
52 60
53 52
