3
29
41 56
56 42
66 42
66 73
25 73
107 25
4 73
31 4
7 73
7 12
9 12
119 9
119 93
93 22
22 18
21 18
21 124
124 76
7 73
7 12
9 12
119 9
119 120
120 97
97 33
33 60
64 60
64 50
50 136
41
41 56
39 56
39 57
57 10
116 10
107 116
107 25
25 11
27 11
27 2
2 104
4 104
31 4
107 26
26 73
8 73
118 8
118 6
119 6
119 99
99 96
19 96
19 21
131 21
131 123
123 76
88 10
88 79
79 81
6 81
119 6
119 99
99 96
19 96
19 21
21 37
37 54
54 51
52 51
50 52
50 136
32
41 38
40 38
40 43
42 43
42 55
58 55
58 10
116 10
107 116
107 24
24 11
28 11
28 1
31 1
1 0
7 0
97 7
97 76
10 77
78 77
78 88
88 87
89 87
6 89
120 6
120 20
20 14
15 14
15 51
52 51
50 52
50 136
