3
19
76 90
76 73
24 73
107 24
107 26
4 73
109 4
109 1
27 1
107 116
116 10
117 10
76 90
97 76
120 97
120 75
66 75
66 45
67 45
22
84 90
124 84
74 124
74 73
26 73
107 26
107 24
26 11
27 11
27 2
10 2
117 10
116 10
90 85
92 85
76 92
59 76
120 59
120 20
66 20
66 45
67 45
27
90 85
92 85
123 92
97 123
9 97
9 12
12 3
11 3
24 11
107 24
107 26
30 11
30 2
27 2
10 3
117 10
116 10
90 85
92 85
123 92
97 123
120 97
57 120
41 57
41 43
44 43
67 44
