3
18
131 123
74 123
74 73
26 73
26 11
31 11
31 4
111 4
111 2
10 2
117 10
131 21
21 20
66 20
66 58
131 21
21 37
65 37
24
131 123
123 76
76 73
24 73
107 24
107 26
24 11
30 11
30 2
30 4
31 4
30 1
10 1
117 10
131 21
21 75
66 75
66 58
131 123
123 76
97 76
97 33
33 60
65 60
34
131 21
21 18
23 18
95 23
95 96
59 96
59 6
118 6
118 9
9 11
26 11
27 11
27 2
27 1
31 1
105 1
105 104
10 104
117 10
131 21
21 18
23 18
93 23
93 120
57 120
57 134
58 134
131 21
21 18
20 18
20 14
14 32
37 32
65 37
