3
22
74 124
74 73
4 73
4 104
105 104
105 1
108 1
7 73
7 81
82 81
124 91
123 91
59 123
59 36
52 36
50 52
50 136
53 36
53 136
50 136
139 50
139 128
29
124 92
76 92
76 73
26 73
26 11
27 11
27 1
108 1
6 73
6 89
82 89
124 123
20 123
34 20
34 15
15 51
52 51
50 52
50 136
34 17
17 13
16 13
15 16
15 37
37 60
63 60
130 63
130 127
127 128
20
94 124
94 98
119 98
119 8
8 89
89 87
82 87
8 11
28 11
28 4
109 4
109 1
108 1
124 90
76 90
59 76
128 59
139 128
139 53
53 136
