3
45
8 12
12 3
7 12
3 0
5 0
8 11
24 11
107 24
107 25
8 81
82 81
82 79
79 77
80 77
80 86
80 88
59 8
59 121
93 121
93 22
95 22
95 96
19 96
19 18
20 18
59 76
76 90
90 85
8 12
12 3
10 3
57 10
57 55
42 55
42 38
59 8
21 59
21 37
15 37
65 37
65 125
63 125
69 125
53 69
53 51
50
8 89
7 89
7 0
5 0
3 0
8 73
24 73
107 24
107 25
82 89
82 87
88 87
78 88
78 86
76 73
76 91
91 85
76 92
123 92
59 123
94 59
94 23
95 23
95 96
19 96
19 21
21 20
8 73
66 73
41 66
41 38
66 40
40 43
46 43
46 61
56 61
56 55
97 8
97 33
33 17
17 13
15 13
63 33
63 125
102 63
102 69
50 69
140 50
140 53
53 51
59
8 81
7 81
8 0
5 0
3 0
7 73
25 73
8 89
89 87
82 87
26 73
26 11
28 11
28 4
10 4
10 77
80 77
80 86
80 88
8 12
9 12
9 59
93 59
93 98
98 96
93 22
22 18
19 18
19 21
135 21
135 20
21 124
124 92
92 85
21 59
135 21
135 20
66 20
66 58
58 55
39 55
39 38
8 12
9 12
9 73
75 73
21 75
135 21
135 20
34 20
34 15
34 33
68 33
68 52
69 52
69 63
69 125
49 52
49 51
