3
24
124 92
124 90
76 92
76 73
7 73
4 73
4 104
10 104
117 10
124 92
94 124
94 98
75 98
66 75
66 47
123 92
59 123
59 100
100 33
68 33
68 52
50 52
50 136
137 136
26
76 92
76 90
76 92
76 91
74 91
74 73
9 73
9 12
7 12
12 3
10 3
117 10
123 92
97 123
120 97
57 120
57 47
123 92
97 123
97 59
59 36
53 36
53 64
64 50
50 103
137 103
29
124 92
124 84
84 90
76 92
97 76
97 7
7 89
82 89
82 79
88 79
88 10
117 10
124 92
132 124
132 123
20 123
66 20
66 47
124 92
132 124
132 123
59 123
128 59
127 128
130 127
130 63
63 33
103 33
137 103
