3
39
57 134
57 47
57 134
57 61
46 61
46 43
40 43
66 40
66 20
135 20
135 21
131 21
131 123
123 91
74 91
132 123
91 85
85 83
84 83
84 90
19 21
19 96
59 123
59 7
7 73
24 73
107 24
24 11
27 11
27 1
110 1
21 20
21 37
37 54
54 51
52 51
50 52
63 54
130 63
43
58 134
58 55
39 55
39 43
47 43
58 134
58 61
56 61
41 56
41 59
59 76
76 91
74 91
91 85
85 83
84 83
84 90
92 85
123 92
132 123
94 59
94 22
95 22
95 96
59 8
118 8
118 7
8 0
4 0
4 104
1 104
110 1
31 4
31 11
25 11
107 25
59 36
60 36
63 60
130 63
65 60
64 65
64 50
31
66 134
66 47
66 134
66 75
75 98
98 96
97 96
97 123
123 91
74 91
132 123
123 90
84 90
97 7
7 11
28 11
28 1
110 1
24 11
107 24
75 98
93 98
93 23
94 23
97 94
97 33
33 60
52 60
50 52
139 50
130 139
