3
41
137 136
53 136
139 53
53 36
36 32
34 32
37 32
59 36
59 76
59 96
41 59
99 96
95 96
95 22
41 38
42 38
42 55
59 6
118 6
118 10
115 10
53 52
68 52
116 10
107 116
59 123
132 123
10 1
28 1
31 1
111 1
28 11
29 11
54 36
62 54
6 0
5 0
76 90
90 85
130 139
130 127
45
137 103
103 33
34 33
37 33
68 33
14 33
14 32
33 60
62 60
97 33
97 76
97 96
97 7
118 7
7 11
31 11
124 76
132 124
29 11
28 11
31 4
111 4
10 4
50 103
139 50
97 94
94 99
94 22
115 10
139 128
127 128
58 10
58 55
57 10
57 42
41 57
69 33
53 69
25 11
107 25
84 76
84 85
95 96
7 0
5 0
51
137 136
53 136
139 53
53 51
15 51
34 15
15 37
35 15
35 32
54 51
62 54
34 20
66 20
66 42
41 66
20 18
22 18
66 44
44 55
20 123
123 76
66 75
75 99
132 123
19 18
19 96
123 92
92 85
23 18
95 23
66 73
2 73
111 2
10 2
4 73
28 4
26 73
107 26
26 11
31 4
9 73
118 9
52 51
68 52
53 64
130 64
130 127
115 10
29 11
2 0
5 0
