2
39
117 10
10 4
30 4
30 2
2 12
8 12
118 8
4 73
75 73
75 98
21 75
135 21
135 20
117 10
57 10
57 55
117 10
10 4
4 73
76 73
59 76
128 59
128 126
139 128
139 53
53 52
68 52
49 52
49 36
53 64
64 54
62 54
140 53
140 50
50 103
137 103
15 36
15 13
14 13
50
117 10
10 1
111 1
111 2
2 0
7 0
118 7
118 6
120 6
93 120
93 98
93 23
23 18
21 18
21 20
117 10
10 1
1 73
66 73
66 57
57 55
117 10
10 1
1 73
74 73
74 123
20 123
20 14
14 16
32 16
37 32
37 54
62 54
54 36
62 60
63 60
69 63
50 69
50 103
137 103
37 33
68 33
14 16
32 16
37 32
37 60
64 60
130 64
130 127
127 126
