3
21
28 4
28 1
27 1
28 11
8 11
8 81
59 8
59 96
93 59
59 36
53 36
53 64
59 33
102 33
10 4
58 10
58 55
58 61
59 76
84 76
84 83
23
28 4
28 11
27 11
9 11
9 81
9 97
97 96
119 9
119 93
97 33
102 33
69 33
53 69
33 60
64 60
120 97
57 120
57 61
57 55
97 76
76 92
92 85
85 83
27
28 4
30 4
30 2
27 2
4 0
6 0
6 81
120 6
93 120
93 99
99 96
59 6
128 59
139 128
139 53
130 139
130 64
130 63
102 63
41 59
41 56
56 55
56 61
94 99
94 124
124 84
84 83
