3
26
58 55
42 55
66 42
66 73
9 73
119 9
119 120
120 59
59 76
76 91
26 73
26 11
29 11
93 59
93 22
95 22
95 23
76 73
123 76
59 123
59 36
60 36
63 60
69 63
50 69
50 48
25
58 10
116 10
107 116
107 25
25 11
29 11
107 24
24 73
8 73
97 8
97 76
76 91
76 92
124 92
94 124
94 23
118 10
118 9
9 97
97 33
14 33
14 32
36 32
49 36
49 48
21
58 61
56 61
41 56
41 59
133 59
133 124
124 91
94 59
94 23
133 97
97 6
6 89
9 89
9 11
29 11
21 59
21 37
37 54
54 51
49 51
49 48
