3
21
117 10
118 10
118 9
9 12
6 12
119 6
119 120
120 20
117 10
118 10
118 6
119 6
119 120
120 75
21 75
21 37
63 37
129 63
129 64
64 50
138 50
27
117 10
10 86
80 86
80 88
88 87
89 87
7 89
7 12
6 89
120 6
120 97
97 123
20 123
117 10
10 86
80 86
80 88
88 87
89 87
7 89
59 7
59 101
101 33
33 60
52 60
50 52
138 50
25
117 10
10 3
12 3
9 12
9 73
75 73
120 75
75 99
94 99
94 124
21 124
135 21
135 20
117 10
10 2
2 73
76 73
123 76
59 123
128 59
127 128
130 127
130 64
53 64
138 53
