3
34
122 98
122 93
93 59
133 59
59 76
123 76
93 120
120 6
6 12
8 12
8 11
27 11
27 1
110 1
122 98
122 93
93 120
57 120
57 55
122 98
122 93
93 59
21 59
21 37
37 54
54 51
52 51
50 52
138 50
50 103
103 33
100 33
14 100
14 13
38
93 98
93 22
94 22
94 124
124 123
133 124
124 90
76 90
76 73
4 73
30 4
30 1
110 1
93 98
93 99
119 99
119 7
7 81
79 81
88 79
88 10
57 10
57 55
93 98
93 22
94 22
94 59
59 36
52 36
50 52
138 50
138 53
53 69
69 125
65 125
65 37
15 36
15 13
30
98 96
59 96
133 59
133 97
97 123
123 91
74 91
74 73
2 73
111 2
111 1
110 1
98 96
59 96
59 7
118 7
118 10
58 10
58 55
98 96
59 96
59 33
33 60
52 60
50 52
138 50
65 60
65 37
14 33
14 13
