3
22
124 84
124 91
21 124
21 75
21 37
66 75
66 44
66 40
66 57
40 38
57 10
10 86
118 10
10 77
118 8
8 11
8 0
5 0
37 60
52 60
10 1
110 1
28
84 76
76 91
97 76
97 8
76 73
75 73
97 7
7 11
118 7
120 97
57 120
57 40
41 57
41 38
57 55
44 55
97 33
37 33
68 33
68 52
8 81
79 81
79 86
79 77
7 0
5 0
1 73
110 1
28
84 85
91 85
123 91
59 123
59 8
9 59
9 11
118 9
120 59
120 75
59 36
52 36
57 120
36 32
37 32
39 57
39 38
57 40
39 56
56 44
11 3
10 3
10 86
10 77
9 0
5 0
1 0
110 1
