3
22
78 77
78 88
88 87
82 87
82 81
6 81
120 6
120 75
75 98
120 97
97 123
132 123
78 77
78 88
88 87
82 87
82 81
9 81
9 59
59 33
33 60
64 60
30
80 77
80 86
79 86
82 79
82 87
89 87
8 89
119 8
119 99
122 99
122 98
93 98
93 120
120 59
59 76
124 76
132 124
80 77
80 86
79 86
82 79
82 87
89 87
8 89
97 8
97 59
128 59
127 128
130 127
130 64
23
10 77
10 2
2 73
9 73
9 97
97 76
124 76
132 124
120 97
97 96
99 96
122 99
122 98
10 77
10 2
2 73
9 73
9 97
97 59
59 101
101 33
33 60
64 60
