3
69
95 22
95 23
93 23
122 93
122 99
99 96
93 120
120 97
97 59
97 76
76 91
120 20
135 20
97 6
6 73
24 73
24 11
29 11
28 11
28 1
109 1
31 1
108 1
9 73
9 12
12 3
9 81
82 81
10 1
115 10
117 10
114 10
10 86
80 86
80 77
116 10
93 22
122 93
122 99
75 99
66 75
66 134
66 47
57 47
57 42
58 134
94 22
94 59
59 100
14 100
14 16
15 16
35 15
14 13
17 13
15 37
37 60
65 60
65 125
69 125
69 52
49 52
49 51
100 33
102 33
102 63
130 63
130 127
127 128
73
95 22
95 23
95 96
93 23
97 96
93 120
97 123
123 91
91 85
84 85
84 76
93 121
59 121
20 123
135 20
97 8
8 89
6 89
8 73
24 73
24 11
29 11
31 11
31 4
109 4
109 1
108 1
8 12
12 3
82 89
10 4
115 10
117 10
114 10
10 77
80 77
80 86
116 10
93 22
93 120
57 120
57 106
106 56
56 42
39 56
39 43
47 43
57 134
58 134
95 22
95 96
97 96
97 33
63 33
63 125
65 125
65 60
69 125
69 52
49 52
49 51
63 37
37 32
35 32
14 32
14 17
100 33
103 33
50 103
138 50
138 53
139 53
139 128
84
94 22
94 23
95 23
93 23
93 99
99 96
97 94
120 97
94 124
124 91
124 90
76 90
94 59
75 99
21 75
135 21
21 20
59 7
7 11
29 11
27 11
27 1
27 2
109 2
105 1
105 104
4 104
31 4
108 1
26 11
107 26
107 24
7 89
6 89
11 3
10 104
115 10
117 10
114 10
7 81
82 81
88 10
80 88
80 86
78 86
78 77
107 116
94 22
94 59
41 59
41 57
57 42
42 43
47 43
42 61
58 61
66 42
66 134
93 22
93 99
75 99
21 75
21 37
37 32
32 16
16 13
17 13
35 32
14 16
37 60
62 60
62 54
63 54
63 125
54 36
49 36
52 36
49 51
14 100
65 37
64 65
130 64
130 127
127 128
