3
25
88 79
82 79
82 89
7 89
7 11
30 11
30 1
105 1
26 11
7 73
75 73
75 98
94 98
94 22
122 98
122 93
93 59
133 59
59 36
54 36
63 54
63 125
64 54
64 50
50 136
22
88 10
10 104
105 104
2 104
2 73
26 73
76 73
76 91
124 91
133 124
97 76
97 94
94 23
95 23
95 22
94 99
75 99
97 33
69 33
69 125
50 69
50 136
30
78 88
78 77
10 77
10 4
28 4
28 1
105 1
31 4
31 11
26 11
9 11
9 81
7 81
119 7
119 120
120 75
93 120
93 22
120 97
133 97
95 22
95 23
23 18
21 18
21 37
65 37
65 125
69 125
53 69
53 136
