3
23
62 54
62 60
64 60
64 50
62 54
62 60
63 60
69 63
69 33
100 33
59 100
59 6
6 73
74 73
74 91
6 89
89 87
82 87
59 121
97 59
41 59
41 56
56 44
24
54 51
53 51
140 53
140 50
65 54
65 60
37 60
21 37
21 124
124 91
133 124
133 97
19 21
19 96
98 96
93 98
93 121
9 97
9 81
79 81
82 79
21 75
66 75
66 44
25
62 54
62 60
64 60
140 64
140 50
63 54
130 63
130 139
139 128
128 59
133 59
133 124
124 91
133 97
59 121
97 7
7 81
79 81
88 79
88 87
82 87
21 59
21 20
66 20
66 44
