3
34
14 13
14 32
37 32
63 37
129 63
14 13
14 33
101 33
59 101
59 6
6 89
6 81
9 81
9 11
24 11
31 11
31 4
109 4
97 59
120 97
120 20
97 59
97 6
6 81
82 81
82 87
88 87
80 88
80 77
10 77
58 10
58 61
56 61
106 56
29
17 13
33 17
103 33
50 103
140 50
140 64
129 64
16 13
14 16
20 14
21 20
21 75
75 73
1 73
10 1
10 77
79 77
82 79
82 89
109 1
24 73
75 99
119 99
119 9
9 73
66 73
41 66
41 56
106 56
36
16 13
32 16
34 32
34 33
37 33
37 60
63 60
129 63
16 13
32 16
34 32
34 33
37 33
37 60
64 60
53 64
139 53
139 128
128 59
9 59
9 89
9 12
2 12
109 2
109 4
28 4
28 11
24 11
59 76
123 76
20 123
41 59
41 56
56 42
57 42
57 106
