3
30
8 12
7 12
7 73
4 73
31 4
76 73
76 91
91 85
85 83
8 12
7 12
7 73
4 73
10 4
58 10
58 61
46 61
8 12
7 12
7 73
76 73
123 76
131 123
131 21
135 21
135 20
34 20
34 15
15 51
49 51
24
8 0
4 0
31 4
118 8
118 6
97 6
133 97
133 124
124 84
84 83
8 73
1 73
1 104
10 104
57 10
57 55
46 55
118 8
118 6
97 6
97 33
68 33
68 52
49 52
25
8 81
7 81
7 0
1 0
31 1
111 1
111 2
2 73
74 73
74 124
124 84
84 83
8 81
82 81
82 87
88 87
88 10
58 10
58 55
46 55
59 8
59 33
33 60
52 60
49 52
