3
21
35 15
15 16
16 13
15 37
63 37
69 63
50 69
35 15
15 37
63 37
69 63
50 69
139 50
139 128
128 59
59 8
8 11
27 11
27 2
10 2
113 10
22
35 15
15 13
14 13
14 33
63 33
63 125
65 125
65 60
64 60
64 50
35 32
32 16
14 16
14 33
59 33
97 59
97 6
6 0
1 0
1 104
10 104
113 10
26
35 15
15 16
16 13
17 13
33 17
103 33
50 103
35 15
15 16
16 13
17 13
33 17
103 33
50 103
138 50
138 53
53 51
49 51
49 36
59 36
133 59
133 97
97 7
118 7
118 10
113 10
