3
25
27 2
2 73
26 73
107 26
107 25
7 73
119 7
119 99
99 96
27 1
105 1
105 104
10 104
57 10
57 40
27 2
2 73
7 73
119 7
119 93
93 23
23 18
21 18
21 37
63 37
26
27 1
111 1
111 4
31 4
31 11
24 11
107 24
107 25
7 11
59 7
59 96
27 1
111 1
111 4
4 73
66 73
66 40
27 1
111 1
111 4
31 4
31 11
7 11
97 7
97 33
63 33
26
27 2
109 2
109 1
28 1
28 11
25 11
2 0
9 0
9 59
94 59
94 22
95 22
95 96
27 2
2 104
4 104
10 4
58 10
66 58
66 40
27 2
2 0
9 0
9 59
59 33
63 33
