3
26
53 136
137 136
139 53
139 128
53 69
69 33
34 33
34 20
20 18
23 18
93 23
119 93
119 6
6 12
12 3
10 3
114 10
115 10
2 12
109 2
109 1
27 1
66 20
66 44
44 55
39 55
30
53 64
140 64
140 50
50 103
137 103
53 64
129 64
129 63
130 63
130 127
127 128
127 126
128 126
128 59
59 6
6 0
3 0
10 3
115 10
114 10
4 0
30 4
30 2
27 2
120 59
120 75
66 75
66 44
56 44
39 56
30
53 136
137 136
53 51
49 51
49 48
50 48
139 50
139 128
53 52
69 52
102 69
102 33
14 33
20 14
20 123
74 123
74 73
25 73
25 11
11 3
10 3
114 10
115 10
27 11
120 20
57 120
66 57
66 44
44 43
39 43
