3
33
109 4
30 4
30 11
26 11
107 26
9 11
9 81
82 81
109 2
10 2
115 10
26 73
74 73
74 91
124 91
94 124
94 23
23 18
19 18
109 2
2 73
66 73
66 45
109 4
4 0
8 0
119 8
119 93
93 23
23 18
20 18
34 20
34 17
37
109 1
31 1
31 11
25 11
107 25
7 11
7 89
82 89
1 104
10 104
115 10
97 7
97 76
124 76
74 124
84 76
124 84
21 124
19 21
76 92
123 92
59 123
94 59
109 2
2 0
7 0
7 73
66 73
66 45
109 2
2 0
7 0
7 12
8 12
59 8
59 33
33 17
42
109 1
28 1
28 11
26 11
107 26
8 11
8 89
89 87
82 87
107 116
116 10
115 10
8 81
7 81
119 7
119 99
94 99
94 22
22 18
19 18
94 124
74 124
109 1
111 1
111 2
2 12
7 12
119 7
119 99
75 99
66 75
66 45
109 1
111 1
111 2
2 12
7 12
119 7
119 120
120 20
20 14
14 17
