2
35
78 77
79 77
79 81
7 81
7 11
29 11
7 73
74 73
74 91
91 85
85 83
74 91
91 85
84 85
124 84
94 124
94 23
23 18
21 18
135 21
78 77
10 77
57 10
41 57
78 77
79 77
79 81
7 81
59 7
59 101
101 33
33 60
60 36
53 36
140 53
36
78 88
88 10
10 1
30 1
30 11
29 11
25 11
25 73
76 73
76 91
84 76
84 83
76 92
123 92
20 123
135 20
78 88
88 10
10 4
4 73
66 73
41 66
78 88
88 87
89 87
9 89
9 59
59 100
100 33
68 33
68 52
50 52
140 50
34 100
34 33
101 33
