3
28
109 4
109 2
2 73
8 73
8 89
82 89
76 73
76 92
76 92
124 92
94 124
94 22
4 104
10 104
58 10
66 58
66 40
40 38
109 4
109 2
2 73
8 73
59 8
59 33
33 60
52 60
50 52
139 50
35
31 4
31 11
7 11
7 89
82 89
26 11
26 73
74 73
74 124
124 92
74 91
124 91
133 124
133 97
97 96
95 96
95 22
74 91
124 91
133 124
133 59
41 59
41 38
31 4
31 11
7 11
118 7
118 9
9 59
59 101
101 33
68 33
68 52
53 52
139 53
40
4 104
2 104
27 2
27 11
8 11
8 81
82 81
97 8
97 76
76 92
84 76
124 84
21 124
19 21
19 96
99 96
93 99
93 22
84 76
84 85
92 85
123 92
20 123
66 20
41 66
41 38
4 104
2 104
27 2
27 11
8 11
97 8
97 123
20 123
34 20
34 32
36 32
52 36
50 52
139 50
