3
27
78 86
78 77
10 86
10 1
109 1
109 2
2 12
7 12
97 7
133 97
133 124
124 84
84 85
97 94
94 23
95 23
133 59
120 59
10 86
10 104
2 104
2 12
7 12
97 7
97 123
20 123
20 14
33
78 86
78 77
80 86
80 88
88 10
10 4
109 4
4 73
7 73
6 73
97 6
97 76
76 90
90 85
84 76
124 84
94 124
94 23
95 23
94 99
75 99
120 75
80 86
80 88
88 10
10 4
4 73
6 73
97 6
97 59
59 36
36 32
14 32
35
78 86
80 86
80 77
78 88
88 79
79 81
8 81
118 8
118 7
8 11
27 11
27 2
109 2
118 9
119 9
119 120
93 120
93 99
99 96
95 96
59 96
59 76
84 76
84 85
80 86
80 88
88 79
79 81
9 81
119 9
119 120
120 20
34 20
34 32
14 32
