3
27
19 21
21 124
124 84
124 92
133 124
133 97
97 96
98 96
122 98
122 99
97 8
8 12
2 12
19 21
21 20
66 20
66 134
66 42
42 61
19 21
21 20
34 20
34 32
37 32
37 54
14 32
14 17
44
19 18
21 18
131 21
131 123
123 90
84 90
84 85
92 85
132 123
132 124
133 124
132 123
132 124
94 124
94 99
119 99
119 8
8 0
2 0
19 18
21 18
131 21
131 123
59 123
41 59
41 57
57 134
57 61
42 61
42 43
45 43
66 45
19 18
21 18
131 21
131 123
59 123
59 36
54 36
65 54
102 65
102 33
34 33
34 17
36
19 96
99 96
97 96
133 97
97 76
84 76
76 92
97 7
7 11
30 11
30 2
97 96
97 7
7 89
82 89
82 79
79 86
10 86
57 10
57 61
42 61
66 42
57 134
19 96
59 96
59 33
33 60
52 60
52 51
54 51
100 33
34 100
34 15
15 14
14 13
17 13
