3
26
140 53
138 53
53 69
69 33
97 33
97 94
94 98
75 98
75 73
25 73
25 11
11 3
10 3
88 10
88 87
82 87
30 11
12 3
7 12
7 81
66 73
66 45
45 43
46 43
46 55
58 55
30
53 64
140 64
64 50
138 50
53 64
129 64
129 63
63 33
100 33
59 100
59 6
6 0
3 0
10 3
10 77
79 77
82 79
6 81
11 3
27 11
27 1
30 1
118 6
118 10
57 10
57 45
45 43
42 43
42 61
58 61
35
140 53
138 53
53 69
69 125
65 125
65 54
54 36
36 32
14 32
20 14
20 18
22 18
95 22
95 96
98 96
119 98
119 6
6 0
3 0
10 3
10 77
79 77
82 79
7 0
7 81
2 0
30 2
119 6
6 12
2 12
10 2
58 10
66 58
66 44
44 43
