3
15
2 0
2 73
76 73
123 76
131 123
131 21
19 21
2 0
2 73
76 73
59 76
59 101
101 33
103 33
33 17
23
1 0
1 73
74 73
74 123
59 123
59 96
19 96
19 18
21 18
131 21
1 0
1 73
74 73
74 124
21 124
21 37
37 33
37 54
64 54
64 50
50 103
34 33
34 17
32
9 0
118 9
118 8
119 8
119 98
94 98
94 23
23 18
19 18
21 18
131 21
9 0
118 9
118 8
119 8
119 98
94 98
94 23
23 18
21 18
21 20
34 20
34 33
69 33
50 69
50 136
137 136
137 103
34 32
32 16
16 13
17 13
