3
22
2 0
7 0
7 81
8 81
6 81
120 6
93 120
93 22
22 18
21 18
131 21
131 123
123 90
57 120
57 42
67 42
46 67
95 22
95 96
97 96
97 33
68 33
25
109 2
109 4
4 0
9 0
118 9
118 8
119 9
119 98
93 98
98 96
19 96
19 21
21 124
124 90
19 18
20 18
66 20
66 44
44 55
46 55
20 14
15 14
15 51
52 51
68 52
24
2 12
8 12
119 8
119 99
93 99
8 73
74 73
74 124
124 90
75 99
66 75
66 42
67 42
46 67
74 123
20 123
34 20
34 17
17 13
15 13
15 36
49 36
49 52
68 52
