3
17
79 86
82 79
82 89
6 89
9 89
9 73
24 73
59 6
21 59
135 21
79 86
82 79
82 89
6 89
97 6
97 33
100 33
26
80 86
80 88
88 79
79 81
6 81
8 81
8 73
24 73
120 6
120 20
135 20
80 86
80 88
88 87
89 87
8 89
59 8
128 59
139 128
130 139
130 64
64 54
37 54
37 32
34 32
34 100
28
10 86
10 1
28 1
28 11
24 11
30 1
30 2
2 12
6 12
107 24
107 25
25 73
74 73
74 123
20 123
135 20
10 86
10 1
28 1
28 11
25 11
25 73
76 73
123 76
59 123
59 101
101 33
100 33
