3
20
122 98
119 98
119 8
8 0
1 0
31 1
122 93
93 59
41 59
41 43
122 93
93 59
59 101
101 33
33 60
60 36
53 36
139 53
130 139
130 127
25
122 98
93 98
119 93
119 7
7 0
2 0
111 2
111 4
31 4
122 99
75 99
66 75
41 66
41 43
122 98
94 98
94 59
128 59
127 128
128 126
127 126
130 127
130 63
63 33
101 33
30
122 93
93 99
119 99
119 9
9 73
4 73
31 4
122 93
93 120
57 120
57 47
47 43
122 98
98 96
19 96
19 21
135 21
135 20
20 14
14 32
36 32
53 36
139 53
139 128
127 128
122 93
93 99
94 99
94 59
59 101
