3
28
57 106
57 10
114 10
10 2
30 2
111 2
111 4
28 4
28 11
29 11
9 11
119 9
119 120
120 97
97 123
123 90
90 85
10 4
28 4
28 11
8 11
119 8
119 93
93 59
59 100
100 33
69 33
69 125
31
106 56
39 56
39 66
66 73
9 73
9 0
3 0
10 3
114 10
2 73
30 2
30 11
29 11
9 81
6 81
120 6
120 59
59 123
123 90
90 85
6 73
119 6
119 99
94 99
94 59
128 59
127 128
130 127
130 64
64 65
65 125
30
106 56
56 42
42 43
41 43
41 59
94 59
94 98
119 98
119 7
7 0
3 0
10 3
114 10
4 0
30 4
4 104
2 104
27 2
27 11
29 11
59 76
84 76
84 85
122 98
122 93
93 120
59 101
101 33
69 33
69 125
