3
21
118 6
118 9
9 81
79 81
88 79
119 6
119 120
57 120
66 57
6 89
7 89
97 7
97 123
20 123
20 14
14 33
68 33
68 52
50 52
50 136
137 136
32
6 12
9 12
9 81
82 81
82 79
79 77
78 77
78 88
6 12
8 12
97 8
97 76
124 76
21 124
135 21
135 20
66 20
6 12
8 12
97 8
97 76
124 76
21 124
135 21
135 20
34 20
34 15
15 51
52 51
50 52
50 136
137 136
17
118 6
118 9
6 89
89 87
88 87
6 81
7 81
7 73
66 73
6 81
8 81
59 8
128 59
139 128
139 50
50 136
137 136
