3
31
19 18
19 96
21 18
21 75
97 96
97 6
6 89
66 75
66 134
41 66
66 45
66 47
89 87
88 87
21 37
15 37
21 124
124 84
124 90
22 18
93 22
75 73
26 73
37 54
64 54
129 64
88 10
114 10
59 96
128 59
128 126
32
23 18
93 23
95 23
95 96
93 120
120 6
120 75
57 120
57 45
41 57
57 47
57 134
6 89
20 18
20 123
123 90
84 90
34 20
34 15
57 10
114 10
88 10
34 33
33 60
64 60
63 33
129 63
6 73
26 73
130 64
130 127
127 126
33
21 18
21 59
41 59
93 59
59 6
41 43
47 43
45 43
59 8
8 89
59 76
84 76
76 90
8 11
26 11
59 36
15 36
21 75
53 36
53 64
59 96
129 64
6 81
79 81
88 79
21 20
66 20
66 134
128 59
128 126
118 6
118 10
114 10
