3
24
140 53
53 69
102 69
102 65
65 37
21 37
19 21
19 96
99 96
21 124
124 91
122 99
122 98
119 98
119 8
118 8
118 10
114 10
21 59
41 59
41 38
42 38
57 42
57 134
22
140 53
53 36
59 36
59 6
6 73
75 73
75 99
6 81
82 81
82 87
88 87
88 10
114 10
59 76
76 91
120 59
57 120
41 57
41 38
57 61
58 61
58 134
27
140 50
50 48
49 48
49 36
15 36
15 13
14 13
20 14
21 20
21 75
75 99
131 21
131 123
123 91
120 75
119 120
119 9
9 11
26 11
107 26
107 116
116 10
114 10
66 20
41 66
41 38
66 134
