3
25
63 125
65 125
65 54
54 36
15 36
15 14
14 100
59 100
59 6
6 81
8 81
6 81
82 81
82 79
79 77
10 77
58 10
66 58
39 66
63 125
65 125
65 60
37 60
37 33
101 33
25
63 54
62 54
62 60
37 60
37 32
32 16
14 16
20 14
20 18
22 18
95 22
95 96
98 96
119 98
119 6
6 81
118 6
118 8
75 98
66 75
39 66
120 20
93 120
93 59
59 101
21
102 63
102 65
65 37
21 37
21 75
75 73
1 73
10 1
10 77
79 77
79 81
8 73
21 75
66 75
39 66
102 63
102 69
69 52
68 52
68 33
101 33
