3
42
111 2
111 4
28 4
28 11
29 11
24 11
107 24
10 2
10 77
24 73
76 73
76 90
90 85
91 85
74 91
76 90
123 90
59 123
59 121
10 2
57 10
57 106
111 2
111 4
31 4
31 11
26 11
26 73
74 73
74 123
59 123
59 36
60 36
63 60
130 63
63 125
65 125
54 36
63 54
130 63
130 127
127 128
45
2 104
1 104
28 1
27 2
27 11
29 11
25 11
107 25
10 104
88 10
80 88
80 77
2 0
8 0
119 8
119 93
93 121
93 59
59 76
76 90
124 90
124 91
74 91
2 104
10 104
58 10
58 55
56 55
106 56
2 0
7 0
97 7
97 33
33 60
64 60
130 64
62 60
62 54
65 54
103 33
50 103
140 50
140 53
139 53
139 128
48
30 2
30 4
28 4
28 11
29 11
26 11
107 26
26 73
9 73
9 89
82 89
82 79
79 77
119 9
119 98
122 98
122 93
93 121
94 98
94 124
124 90
74 124
2 12
9 12
119 9
119 120
57 120
57 106
2 12
9 12
119 9
119 98
122 98
122 93
93 23
23 18
21 18
21 37
63 37
130 63
102 63
102 65
65 37
102 65
102 63
130 63
130 127
127 128
