3
28
133 124
124 90
133 59
59 101
94 124
94 98
59 36
53 36
41 59
41 57
57 45
57 10
88 10
114 10
10 2
10 1
58 10
2 12
59 96
95 96
15 36
15 13
59 33
68 33
102 33
59 8
8 11
29 11
31
133 97
120 97
57 120
97 76
76 90
97 7
7 12
57 61
58 61
76 73
1 73
2 73
97 33
101 33
97 96
98 96
102 33
68 33
14 33
14 13
69 33
53 69
95 96
57 45
7 11
29 11
7 81
79 81
88 79
57 10
114 10
36
133 124
124 90
21 124
21 75
75 98
66 75
66 57
66 45
66 58
21 18
22 18
95 22
21 59
59 101
59 6
6 12
6 0
2 0
1 0
6 89
89 87
88 87
21 37
65 37
102 65
64 65
53 64
53 52
68 52
15 37
15 13
9 59
9 11
29 11
58 10
114 10
