3
28
8 12
6 12
120 6
120 75
8 12
9 12
9 73
76 73
123 76
59 123
59 101
101 33
102 33
102 65
65 54
54 51
52 51
50 52
50 136
137 136
68 33
68 52
49 52
49 51
53 51
53 64
130 64
130 127
27
118 8
118 6
6 73
74 73
74 123
131 123
131 21
21 75
118 8
118 6
6 73
74 73
74 124
133 124
133 59
59 36
52 36
50 52
50 136
137 136
54 36
53 36
138 53
138 50
139 50
139 128
127 128
25
8 11
24 11
24 73
75 73
8 89
6 89
120 6
120 20
20 14
15 14
15 51
52 51
50 52
50 136
137 136
53 136
140 53
140 64
64 54
14 13
15 13
15 37
63 37
130 63
130 127
