3
21
80 86
80 77
79 77
79 81
7 81
97 7
80 86
80 77
79 77
79 81
8 81
59 8
128 59
128 126
127 126
130 127
130 64
64 54
54 36
49 36
63 54
27
78 86
78 88
88 79
82 79
82 89
9 89
9 97
10 86
10 1
1 73
74 73
74 123
20 123
34 20
34 15
15 51
49 51
53 51
138 53
138 50
50 69
69 63
34 33
69 33
50 69
139 50
139 128
29
78 86
78 88
88 87
82 87
82 81
8 81
97 8
78 86
78 88
88 87
82 87
82 81
8 81
97 8
97 33
33 60
52 60
49 52
65 60
65 125
63 125
68 33
68 52
69 52
69 125
63 125
130 63
130 127
127 128
