2
30
41 56
106 56
56 42
66 42
41 56
56 42
66 42
66 75
75 98
98 96
95 96
21 75
131 21
93 98
93 120
119 120
119 8
8 89
75 99
99 96
59 96
59 101
101 33
102 33
102 63
63 54
64 54
54 36
49 36
49 51
39
41 43
44 43
44 55
56 55
106 56
39 43
39 66
41 43
39 43
39 57
57 120
93 120
93 98
98 96
95 96
120 75
94 98
94 124
124 123
131 123
120 6
6 89
120 59
59 36
54 36
65 54
64 65
65 125
63 125
102 63
49 36
49 51
54 36
65 54
65 125
63 125
63 37
37 33
101 33
