3
24
78 77
80 77
10 77
10 104
10 1
31 1
57 10
41 57
57 55
57 42
41 56
41 38
41 43
41 59
59 36
21 59
135 21
21 124
36 32
35 32
59 33
63 33
63 125
129 63
29
78 77
80 77
10 77
10 104
1 104
58 10
58 55
42 55
56 55
42 38
42 43
10 4
31 4
66 58
41 66
66 20
135 20
20 123
124 123
34 20
34 15
35 15
15 36
34 33
69 33
69 125
53 36
53 64
129 64
32
79 77
88 79
78 88
80 88
88 10
10 2
2 104
10 1
31 1
2 73
66 73
66 42
56 42
76 73
124 76
39 66
39 55
39 43
39 38
41 66
59 76
59 36
54 36
65 54
65 125
64 54
129 64
36 32
35 32
75 73
21 75
135 21
