3
26
31 4
109 4
109 2
2 0
4 73
8 73
8 89
89 87
31 4
4 73
9 73
9 97
97 96
99 96
75 99
66 75
66 40
31 4
4 73
76 73
123 76
131 123
131 21
21 20
34 20
34 15
26
31 1
105 1
105 104
4 104
4 0
9 0
9 89
82 89
82 87
31 1
10 1
57 10
57 40
31 1
105 1
105 104
4 104
30 4
30 11
9 11
119 9
119 99
99 96
59 96
59 36
15 36
24
31 4
111 4
111 2
2 0
10 4
88 10
88 87
31 4
111 4
111 2
2 73
66 73
66 40
31 4
111 4
111 2
2 73
6 73
119 6
119 120
120 75
21 75
21 37
15 37
