3
35
78 86
78 88
88 10
114 10
118 10
78 86
78 88
88 10
58 10
66 58
66 44
78 86
78 88
88 10
118 10
118 9
119 9
119 99
93 99
93 23
95 23
95 96
59 96
59 33
37 33
37 32
32 16
68 33
68 52
53 52
138 53
138 50
139 50
139 128
128 126
41
10 86
114 10
116 10
107 116
107 25
25 73
8 73
118 8
80 86
80 88
88 79
79 81
8 81
59 8
41 59
41 56
56 44
80 86
80 88
88 79
79 81
8 81
8 73
75 73
75 98
122 98
122 93
93 23
23 18
20 18
20 14
14 16
14 32
35 32
35 15
15 36
53 36
53 64
130 64
130 127
127 126
36
79 86
82 79
82 81
7 81
118 7
9 81
9 11
28 11
28 4
4 104
10 104
114 10
79 86
82 79
82 81
6 81
6 73
66 73
66 44
79 86
82 79
82 81
6 81
120 6
120 20
34 20
34 15
15 16
34 33
103 33
137 103
137 136
53 136
139 53
139 128
128 126
