3
27
52 36
59 36
133 59
93 59
93 99
93 98
93 23
59 6
6 0
21 59
131 21
19 21
135 21
59 123
74 123
1 0
112 1
10 1
117 10
116 10
57 10
57 45
39 57
67 45
59 8
8 11
29 11
34
52 36
59 36
133 59
59 96
99 96
19 96
98 96
59 7
7 0
133 124
74 124
94 59
94 23
124 123
131 123
93 59
20 123
135 20
66 20
39 66
66 45
66 44
67 44
7 11
29 11
25 11
107 25
107 116
7 73
1 73
112 1
118 7
118 10
117 10
38
53 36
53 52
60 36
33 60
59 33
97 33
133 97
9 59
9 0
97 94
94 99
94 98
9 73
74 73
120 59
93 120
94 23
23 18
19 18
120 20
135 20
41 59
41 38
39 38
41 43
45 43
42 38
67 42
97 123
131 123
3 0
10 3
116 10
117 10
9 11
29 11
1 0
112 1
