3
37
105 1
105 104
4 104
28 4
109 4
109 2
2 12
7 12
7 81
27 2
27 11
25 11
25 73
74 73
74 124
74 91
91 85
85 83
84 83
124 84
124 123
131 123
10 1
58 10
58 55
44 55
44 43
40 43
1 0
8 0
59 8
59 101
101 33
33 60
52 60
52 51
54 51
28
28 1
28 11
9 11
9 81
9 12
9 97
133 97
133 124
124 92
123 92
131 123
1 104
10 104
57 10
57 55
42 55
42 38
40 38
30 1
30 11
9 11
9 59
59 101
1 73
75 73
21 75
21 37
37 54
33
109 1
109 4
28 4
4 0
8 0
8 12
8 81
97 8
97 76
124 76
123 76
131 123
31 1
31 11
8 11
8 12
6 12
120 6
57 120
57 55
57 40
31 1
31 11
8 11
8 12
6 12
59 6
59 36
54 36
52 36
68 52
68 33
101 33
