3
25
117 10
10 4
28 4
28 11
11 3
117 10
116 10
107 116
107 25
25 73
66 73
39 66
117 10
10 77
79 77
82 79
82 81
7 81
97 7
97 33
33 60
52 60
49 52
49 48
64 60
23
117 10
10 1
28 1
28 11
30 1
30 2
2 12
12 3
117 10
57 10
39 57
117 10
10 104
4 104
4 0
7 0
59 7
59 100
100 33
103 33
50 103
50 48
64 50
26
117 10
116 10
107 116
107 26
26 11
11 3
117 10
118 10
118 6
120 6
57 120
39 57
117 10
118 10
118 9
9 59
128 59
127 128
130 127
130 63
69 63
69 52
49 52
49 48
129 63
129 64
