3
23
122 99
99 96
97 96
97 123
123 90
84 90
124 84
97 7
7 11
28 11
28 4
10 4
115 10
10 86
59 96
59 33
103 33
50 103
140 50
64 50
130 64
130 127
127 126
26
122 98
94 98
94 124
119 98
119 8
8 89
7 89
8 11
30 11
30 4
28 4
10 4
115 10
10 86
94 22
22 18
21 18
21 37
37 54
64 54
140 64
64 50
139 50
130 139
139 128
128 126
28
122 98
98 96
97 96
97 76
124 76
9 97
9 81
7 81
9 11
27 11
27 1
28 1
10 1
115 10
10 77
80 77
80 86
94 98
94 59
59 101
101 33
69 33
53 69
140 53
69 63
130 63
130 127
127 126
