3
26
58 61
58 10
10 1
1 0
8 0
119 8
119 93
122 93
109 1
109 4
122 99
94 99
10 1
31 1
31 11
26 11
26 73
76 73
124 76
21 124
21 37
37 54
54 51
52 51
50 52
140 50
16
56 61
41 56
41 59
59 96
98 96
122 98
94 98
59 7
7 0
4 0
59 36
60 36
63 60
69 63
50 69
140 50
28
42 61
57 42
66 57
66 75
75 98
122 98
94 98
122 99
119 99
119 7
7 11
30 11
30 4
75 99
93 99
93 23
23 18
19 18
19 21
135 21
135 20
20 14
14 32
37 32
37 54
54 51
53 51
140 53
