3
28
110 1
111 1
111 2
2 73
74 73
74 91
91 85
110 1
111 1
111 2
2 73
6 73
120 6
57 120
57 61
110 1
105 1
105 104
4 104
4 0
9 0
9 59
59 101
101 33
37 33
65 37
102 65
102 69
32
110 1
109 1
109 4
31 4
31 11
7 11
97 7
97 76
76 90
90 85
110 1
109 1
109 4
31 4
31 11
24 11
24 73
66 73
66 58
58 61
110 1
109 1
109 4
31 4
31 11
7 11
59 7
21 59
21 37
65 37
65 125
69 125
43
110 1
27 1
27 11
26 11
26 73
9 73
9 97
133 97
133 124
124 84
84 85
110 1
27 1
27 11
26 11
26 73
9 73
9 97
133 97
133 59
120 59
120 75
66 75
66 58
58 61
110 1
27 1
27 11
26 11
26 73
9 73
9 97
133 97
133 124
21 124
21 20
20 14
15 14
15 37
37 60
65 60
102 65
102 69
