3
24
132 123
123 90
76 90
90 85
91 85
132 123
123 90
76 90
76 73
4 73
109 4
132 123
59 123
59 101
101 33
33 60
52 60
50 52
50 136
37 33
63 37
130 63
130 127
127 126
22
132 124
124 90
76 90
76 91
132 124
74 124
74 73
1 73
109 1
132 124
124 90
76 90
59 76
59 36
52 36
50 52
50 136
52 36
53 52
139 53
139 128
128 126
27
132 123
123 92
76 92
92 85
91 85
132 123
97 123
97 96
99 96
119 99
119 8
8 0
2 0
109 2
132 123
97 123
97 33
68 33
68 52
50 52
50 136
103 33
50 103
139 50
130 139
130 127
127 126
