3
18
28 11
9 11
9 89
89 87
24 11
24 73
76 73
76 91
76 92
123 92
131 123
28 4
4 73
75 73
21 75
21 18
20 18
20 14
26
28 1
31 1
31 11
8 11
8 89
82 89
82 87
119 8
119 93
93 99
94 99
94 124
124 91
93 22
22 18
21 18
131 21
28 1
31 1
31 11
8 11
119 8
119 93
93 59
59 33
14 33
29
28 4
30 4
30 2
27 2
27 11
7 11
7 89
89 87
119 7
119 98
93 98
93 121
59 121
59 123
123 91
131 123
28 4
30 4
30 2
27 2
27 11
7 11
119 7
119 98
93 98
93 121
59 121
59 100
14 100
