3
32
85 83
92 85
123 92
97 123
97 96
98 96
94 98
94 22
85 83
92 85
123 92
97 123
120 97
57 120
57 134
58 134
85 83
92 85
123 92
131 123
131 21
21 59
128 59
128 126
127 126
130 127
130 64
64 54
54 36
36 32
32 16
16 13
31
84 83
124 84
21 124
19 21
19 96
95 96
95 22
99 96
122 99
122 98
85 83
91 85
76 91
76 73
26 73
107 26
107 116
116 10
58 10
84 83
124 84
21 124
21 37
37 33
14 33
14 13
63 37
69 63
53 69
139 53
139 128
37
84 83
84 90
90 85
92 85
76 92
97 76
120 97
120 75
75 98
122 98
122 99
94 99
94 22
84 83
84 90
124 90
124 123
74 123
74 73
66 73
66 58
84 83
84 90
124 90
133 124
133 59
59 100
14 100
14 13
14 100
14 32
37 32
37 60
63 60
130 63
130 127
127 128
