3
20
82 79
79 86
10 86
58 10
58 55
39 55
39 38
40 38
82 79
82 89
6 89
119 6
119 99
93 99
93 59
59 100
14 100
14 32
36 32
54 36
25
79 77
78 77
78 88
88 87
82 87
79 86
10 86
58 10
58 61
42 61
42 43
40 43
79 77
78 77
78 88
88 87
82 87
82 81
9 81
9 59
59 101
101 33
33 60
62 60
62 54
24
82 79
79 81
6 81
6 12
12 3
11 3
24 11
24 73
66 73
66 58
39 66
39 56
56 61
57 61
57 40
79 81
6 81
97 6
97 59
128 59
127 128
130 127
130 64
64 54
