3
28
92 85
84 85
84 76
97 76
97 96
99 96
97 6
6 81
9 81
9 11
25 11
123 92
131 123
131 21
19 21
19 18
20 18
20 14
14 32
37 32
37 54
14 33
102 33
102 65
64 65
130 64
130 127
127 126
23
124 92
94 124
94 99
122 99
122 93
119 93
119 6
6 73
25 73
123 92
59 123
59 33
102 33
102 65
65 54
37 33
63 37
129 63
129 64
53 64
139 53
139 128
128 126
22
123 92
97 123
97 96
95 96
95 23
93 23
122 93
122 99
75 99
75 73
26 73
107 26
107 25
76 92
59 76
128 59
128 126
128 126
127 126
130 127
130 63
63 54
