3
27
108 1
110 1
109 1
109 2
2 0
8 0
97 8
133 97
133 124
124 91
124 123
20 123
108 1
1 73
9 73
119 9
119 120
120 59
41 59
41 38
108 1
1 73
75 73
21 75
21 20
20 14
15 14
31
108 1
110 1
30 1
30 2
2 12
7 12
97 7
97 76
76 91
76 92
124 92
21 124
135 21
135 20
108 1
109 1
109 2
2 73
66 73
41 66
41 38
108 1
109 1
109 2
2 12
7 12
97 7
120 97
120 20
34 20
34 15
26
108 1
110 1
27 1
27 11
24 11
24 73
76 73
76 91
76 90
123 90
20 123
108 1
10 1
57 10
57 40
40 38
108 1
27 1
27 11
8 11
119 8
119 93
93 59
59 100
34 100
34 15
