3
40
111 4
109 4
30 4
4 104
105 104
31 4
31 11
24 11
10 104
114 10
8 11
119 8
119 98
93 98
93 22
95 22
95 96
111 4
4 73
66 73
66 42
111 4
31 4
31 11
9 11
9 81
6 81
59 6
59 100
14 100
14 32
35 32
35 15
15 13
37 32
37 60
65 60
64 65
64 50
50 103
43
111 2
2 104
105 104
30 2
30 4
109 4
1 104
28 1
28 11
26 11
107 26
107 24
10 2
114 10
7 11
119 7
119 93
122 93
122 98
93 22
98 96
111 2
10 2
57 10
57 42
111 1
28 1
28 11
7 11
97 7
97 59
59 101
101 33
14 33
14 16
16 13
103 33
137 103
137 136
53 136
53 64
64 65
65 37
46
111 1
105 1
30 1
109 1
30 11
24 11
10 1
114 10
11 3
12 3
9 12
119 9
119 99
122 99
122 98
122 93
93 23
95 23
95 22
99 96
111 2
2 73
6 73
120 6
120 75
66 75
66 42
111 2
2 73
6 73
97 6
97 59
128 59
127 128
130 127
130 64
64 54
37 54
37 32
14 32
35 32
35 15
15 13
140 64
140 50
50 103
