3
17
115 10
88 10
88 87
82 87
89 87
6 89
97 6
133 97
115 10
118 10
118 6
97 6
120 97
120 20
34 20
34 32
36 32
29
115 10
10 86
79 86
82 79
82 81
9 81
119 9
119 99
122 99
122 93
93 121
59 121
133 59
115 10
10 2
2 0
9 0
119 9
119 99
122 99
122 93
93 23
23 18
20 18
20 14
15 14
15 36
14 17
34 17
25
115 10
88 10
88 87
82 87
89 87
9 89
9 59
133 59
115 10
10 4
111 4
111 2
2 12
9 12
9 59
128 59
139 128
139 53
53 36
60 36
37 60
15 37
15 13
17 13
34 17
