3
22
111 2
10 2
114 10
111 2
2 73
74 73
74 123
59 123
41 59
41 56
111 2
2 73
74 73
74 123
59 123
59 33
63 33
103 33
137 103
33 17
14 17
14 13
30
111 4
4 0
7 0
118 7
118 10
114 10
111 4
4 0
7 0
97 7
120 97
120 75
66 75
66 44
56 44
111 4
4 0
7 0
97 7
97 94
94 59
59 101
101 33
63 33
103 33
137 103
37 33
37 32
32 16
16 13
34
111 1
10 1
114 10
111 1
105 1
105 104
2 104
2 12
7 12
59 7
59 96
19 96
19 18
20 18
66 20
41 66
41 56
111 1
105 1
105 104
2 104
2 12
7 12
59 7
59 36
60 36
63 60
129 63
129 64
64 50
50 103
137 103
15 36
15 13
