3
38
88 79
88 87
89 87
9 89
9 81
8 81
8 73
24 73
107 24
107 25
119 9
119 98
93 98
93 121
59 121
21 59
135 21
88 79
88 87
89 87
9 89
119 9
119 120
120 20
66 20
66 58
88 79
88 87
89 87
9 89
119 9
119 98
93 98
93 121
59 121
59 36
60 36
63 60
33
79 81
9 81
9 12
12 3
11 3
24 11
107 24
107 25
8 12
119 8
119 99
94 99
94 124
124 123
20 123
135 20
79 81
8 81
119 8
119 99
93 99
93 59
41 59
41 66
66 58
79 81
8 81
119 8
119 99
93 99
93 59
59 33
63 33
32
79 86
10 86
10 2
30 2
30 11
25 11
107 25
107 24
24 73
76 73
124 76
21 124
135 21
79 86
10 86
58 10
79 86
10 86
10 2
30 2
30 11
24 11
24 73
74 73
74 124
21 124
21 20
34 20
34 15
15 51
54 51
63 54
