3
41
105 104
105 1
1 73
7 73
74 73
74 91
123 91
131 123
119 7
74 91
123 91
132 123
132 124
94 124
94 99
75 99
66 75
41 66
41 56
106 56
56 42
42 38
105 104
105 1
1 73
7 73
97 7
133 97
133 59
59 100
100 33
33 60
62 60
62 54
63 60
102 63
102 69
34 100
34 32
14 32
14 17
36
2 104
30 2
30 11
7 11
7 81
9 81
119 9
119 120
120 75
21 75
131 21
21 124
74 124
21 75
21 20
66 20
41 66
41 38
39 38
39 56
106 56
2 104
2 73
9 73
9 97
97 123
20 123
34 20
34 15
15 51
54 51
65 54
65 125
69 125
15 14
14 17
37
4 104
4 73
8 73
118 8
118 7
119 8
118 6
97 6
97 76
124 76
74 124
76 91
124 91
132 124
132 123
131 123
10 104
57 10
57 106
57 61
42 61
42 38
4 104
4 73
8 73
59 8
128 59
127 128
130 127
130 64
64 54
129 64
129 63
69 63
63 33
34 33
34 17
