3
36
112 1
30 1
30 2
2 0
7 0
118 7
118 8
119 8
119 98
93 98
93 23
23 18
21 18
131 21
131 123
123 91
112 1
1 104
10 104
58 10
66 58
66 42
112 1
30 1
30 2
2 0
7 0
118 7
118 8
59 8
59 101
101 33
68 33
68 52
50 52
138 50
32
112 1
31 1
31 4
4 73
74 73
74 91
74 123
132 123
132 124
94 124
94 23
74 123
59 123
41 59
41 38
42 38
112 1
31 1
31 4
109 4
109 2
2 12
9 12
119 9
119 120
120 20
20 14
14 32
36 32
52 36
50 52
138 50
31
112 1
28 1
28 11
26 11
26 73
76 73
76 91
76 92
124 92
21 124
19 21
19 18
23 18
112 1
10 1
57 10
57 42
112 1
28 1
28 11
11 3
12 3
6 12
120 6
120 20
34 20
34 15
15 51
52 51
50 52
138 50
