3
17
58 134
66 134
39 66
58 10
113 10
118 10
118 9
9 97
133 97
133 124
74 124
124 91
118 10
118 8
59 8
59 36
52 36
21
58 55
39 55
58 61
57 61
57 10
113 10
118 10
118 6
97 6
97 123
74 123
124 123
124 91
118 10
118 6
97 6
133 97
133 59
59 33
68 33
68 52
30
58 134
57 134
39 57
58 134
66 134
66 73
25 73
107 25
107 116
116 10
113 10
8 73
97 8
97 76
124 76
74 124
124 90
90 85
91 85
8 73
119 8
119 99
94 99
94 22
22 18
21 18
21 37
37 54
54 51
52 51
