3
28
124 84
94 124
94 99
122 99
122 98
119 98
119 8
8 12
2 12
2 104
1 104
108 1
10 104
10 77
124 84
94 124
94 99
122 99
122 98
75 98
66 75
66 134
124 84
21 124
21 37
37 32
35 32
35 15
34
84 85
91 85
123 91
59 123
59 8
8 0
4 0
30 4
30 1
108 1
8 89
89 87
88 87
78 88
78 77
84 85
91 85
123 91
97 123
120 97
57 120
57 134
84 85
91 85
123 91
59 123
21 59
135 21
135 20
34 20
34 32
35 32
32 16
15 16
35
84 90
76 90
97 76
97 6
118 6
118 7
7 0
2 0
2 104
105 104
105 1
108 1
118 10
10 86
80 86
80 77
84 90
90 85
92 85
124 92
124 123
20 123
66 20
66 134
84 90
90 85
92 85
124 92
124 123
20 123
20 14
14 32
35 32
14 16
15 16
