3
18
123 91
123 91
97 123
9 97
9 0
2 0
10 2
88 10
123 91
59 123
59 101
101 33
33 60
52 60
49 52
14 33
14 32
32 16
29
91 85
92 85
123 92
91 85
84 85
84 76
97 76
97 6
118 6
118 7
7 73
26 73
107 26
107 116
116 10
10 86
80 86
80 88
91 85
84 85
84 76
59 76
59 100
100 33
33 60
60 36
49 36
14 100
14 16
25
124 91
124 123
124 91
94 124
94 98
119 98
119 7
7 89
89 87
88 87
124 91
133 124
133 59
128 59
127 128
130 127
130 63
69 63
69 52
49 52
63 125
65 125
65 37
15 37
15 16
