3
32
93 98
93 99
93 59
59 36
41 59
60 36
41 57
65 60
57 61
46 61
128 59
139 128
57 10
10 77
59 6
6 89
10 1
105 1
28 1
111 1
110 1
53 36
53 51
140 53
59 76
84 76
6 0
5 0
98 96
19 96
59 33
103 33
41
93 98
122 98
122 99
93 120
57 120
41 57
57 55
46 55
57 61
119 98
119 7
7 89
7 11
28 11
28 4
111 4
4 104
105 104
75 98
21 75
19 21
21 37
37 60
65 37
37 54
54 51
54 36
64 60
140 64
21 124
124 84
64 50
50 103
139 50
7 81
79 81
79 77
7 0
5 0
1 104
110 1
42
94 98
94 99
94 23
93 23
23 18
19 18
97 94
9 97
9 89
97 33
33 60
103 33
52 60
52 51
52 36
53 52
139 53
102 33
102 65
50 52
140 50
75 99
66 75
66 57
41 66
66 58
58 61
41 43
46 43
9 0
2 0
111 2
58 10
10 77
9 11
28 11
1 0
105 1
94 124
124 84
110 1
5 0
