3
37
21 20
21 124
74 124
124 84
84 90
123 90
97 123
133 97
97 96
99 96
93 99
119 93
119 6
6 81
82 81
82 79
79 77
10 77
10 104
116 10
21 20
19 21
19 96
99 96
93 99
119 93
119 6
6 81
79 81
88 79
88 10
57 10
57 40
21 20
21 37
65 37
65 54
26
20 123
74 123
123 90
124 90
133 124
123 90
84 90
84 76
76 73
1 73
105 1
105 104
10 1
10 77
80 77
80 88
88 87
82 87
116 10
66 20
66 40
34 20
34 32
37 32
65 37
65 54
35
135 20
135 21
131 21
131 123
74 123
21 59
133 59
59 7
7 89
82 89
82 79
79 86
78 86
78 77
78 88
88 10
10 104
116 10
135 20
135 21
21 59
59 7
7 12
2 12
2 73
66 73
66 40
135 20
135 21
21 59
59 33
33 60
60 36
54 36
65 60
