3
37
28 1
1 104
2 104
2 0
8 0
8 89
119 8
119 99
75 99
28 1
1 104
2 104
2 0
8 0
8 89
6 89
97 6
97 59
120 59
120 20
66 20
66 134
28 1
1 104
2 104
2 0
8 0
8 89
6 89
97 6
97 59
59 100
100 33
33 60
52 60
50 52
140 50
20
28 4
4 73
6 73
6 89
75 73
28 4
10 4
57 10
57 134
28 4
4 73
76 73
123 76
20 123
34 20
34 15
15 51
54 51
64 54
140 64
27
28 1
1 73
7 73
7 89
119 7
119 93
122 93
122 99
75 99
28 4
4 104
10 104
58 10
58 134
28 1
1 73
7 73
119 7
119 93
93 23
95 23
95 96
59 96
128 59
139 128
139 50
140 50
