3
31
94 98
93 98
93 120
119 120
119 7
7 0
5 0
118 7
118 8
8 11
25 11
94 23
93 23
93 120
119 120
119 7
7 0
2 0
10 2
57 10
57 40
57 45
45 43
41 57
94 23
95 23
95 96
59 96
59 101
101 33
34 33
23
94 99
122 99
122 98
119 98
119 6
6 12
9 12
9 0
5 0
9 11
24 11
107 24
107 25
94 99
75 99
66 75
66 40
40 43
41 43
94 23
23 18
20 18
34 20
24
94 22
93 22
122 93
122 98
97 94
97 8
8 0
5 0
8 73
25 73
94 22
93 22
93 120
120 20
66 20
66 40
40 43
46 43
46 55
56 55
41 56
94 59
59 100
34 100
