3
28
138 53
53 51
54 51
62 54
62 60
138 53
53 52
69 52
69 33
33 17
34 17
34 20
20 18
22 18
94 22
94 98
119 98
119 6
6 0
3 0
10 3
10 77
79 77
82 79
122 98
20 123
123 90
84 90
27
138 53
140 53
140 64
64 60
138 53
53 52
52 36
15 36
15 14
20 14
20 18
22 18
95 22
95 96
98 96
119 98
119 6
6 0
3 0
10 3
10 77
79 77
82 79
122 98
20 123
124 123
124 84
24
138 53
53 69
102 69
102 65
65 60
138 53
53 51
49 51
49 48
50 48
139 50
139 128
128 59
9 59
9 0
3 0
10 3
10 77
79 77
82 79
93 59
122 93
59 76
84 76
