3
27
128 126
128 59
9 59
9 12
8 12
8 73
26 73
4 73
10 4
115 10
117 10
59 121
93 121
93 22
95 22
59 121
93 121
93 98
119 98
119 8
8 73
4 73
10 4
58 10
58 55
46 55
46 43
28
127 126
130 127
130 63
63 37
21 37
21 18
22 18
95 22
95 96
98 96
119 98
119 6
6 12
6 73
24 73
107 24
107 26
26 11
30 11
30 2
10 2
115 10
117 10
19 21
19 96
59 96
41 59
41 43
30
128 126
139 128
139 53
53 36
59 36
59 6
6 12
6 89
8 89
8 11
25 11
107 25
107 26
31 11
31 1
105 1
105 104
10 104
115 10
117 10
94 59
94 23
95 23
59 8
118 8
118 7
7 73
66 73
41 66
41 43
