3
25
58 134
57 134
57 47
66 47
66 73
1 73
31 1
7 73
7 89
82 89
82 79
79 77
78 77
78 86
7 12
8 12
59 8
59 123
8 73
97 8
97 33
33 60
52 60
53 52
53 69
28
58 134
57 134
57 42
42 55
44 55
44 43
41 43
41 59
59 7
7 73
4 73
30 4
30 1
31 1
7 81
82 81
82 79
88 79
80 88
80 86
59 76
123 76
21 59
21 37
65 37
65 125
69 125
69 52
27
58 134
66 134
66 40
57 40
57 120
120 97
97 7
7 73
2 73
111 2
111 4
31 4
7 89
82 89
82 87
88 87
80 88
80 86
97 123
120 59
59 100
34 100
34 15
15 51
52 51
53 51
53 69
