3
20
88 79
79 81
7 81
7 12
12 3
11 3
6 12
97 6
97 96
88 79
79 81
7 81
7 73
75 73
21 75
21 37
37 60
52 60
50 52
139 50
25
88 10
10 1
30 1
30 11
25 11
25 73
76 73
97 76
97 96
88 10
10 1
30 1
30 11
26 11
26 73
74 73
74 123
20 123
20 14
15 14
15 37
37 54
64 54
130 64
130 139
25
80 88
80 77
10 77
10 4
28 4
28 11
9 11
119 9
119 120
120 97
97 59
59 96
80 88
80 77
10 77
118 10
118 9
119 9
119 120
120 59
59 33
33 60
52 60
50 52
139 50
