3
21
128 126
127 126
128 126
127 126
130 127
130 64
64 54
130 139
130 63
69 63
69 33
97 33
97 94
94 98
75 98
75 73
1 73
111 1
6 73
6 89
89 87
21
128 126
127 126
128 126
127 126
130 127
130 63
63 54
130 139
130 139
139 53
53 52
68 52
68 33
59 33
59 6
6 0
1 0
111 1
6 81
82 81
82 87
26
128 126
127 126
139 128
130 139
130 63
63 54
139 53
53 51
49 51
49 36
54 36
37 54
37 33
14 33
14 16
15 16
34 15
34 100
59 100
59 6
6 0
4 0
111 4
6 89
82 89
82 87
