3
26
10 86
115 10
114 10
10 104
58 10
66 58
88 10
88 87
10 1
31 1
66 20
34 20
34 15
15 16
15 13
20 123
123 92
131 123
20 18
22 18
15 36
52 36
59 123
128 59
127 128
130 127
32
79 86
82 79
82 87
10 86
114 10
57 10
66 57
58 10
10 104
115 10
10 4
31 4
57 120
93 120
93 22
66 73
76 73
76 92
120 20
20 14
14 16
15 14
14 13
34 20
15 51
52 51
21 20
131 21
14 33
63 33
130 63
130 127
34
80 86
80 88
88 87
80 77
10 77
10 2
2 104
10 3
11 3
31 11
2 73
66 73
66 58
74 73
74 124
124 92
94 124
94 22
74 123
131 123
21 124
21 37
15 37
37 32
32 16
34 32
16 13
37 60
52 60
64 60
130 64
114 10
115 10
130 127
