3
50
59 121
93 121
93 98
122 98
119 98
119 8
8 12
8 89
82 89
82 87
8 73
26 73
8 0
2 0
30 2
109 2
109 1
28 1
105 1
105 104
10 104
115 10
10 86
78 86
78 77
78 88
93 121
93 120
57 120
57 106
57 47
47 43
46 43
46 67
41 57
93 121
93 23
23 18
20 18
20 14
14 13
15 13
15 37
63 37
102 63
102 69
69 52
49 52
53 69
140 53
48
59 121
59 96
98 96
122 98
122 99
119 99
119 6
6 12
6 89
89 87
7 12
7 0
1 0
30 1
30 2
28 1
30 11
26 11
107 26
107 116
116 10
115 10
88 10
80 88
80 77
78 77
59 121
59 8
118 8
118 10
58 10
58 55
56 55
106 56
44 55
67 44
41 56
59 121
59 36
52 36
50 52
140 50
49 36
140 64
64 65
102 65
102 33
14 33
52
93 121
122 93
122 98
94 98
94 59
97 94
9 97
9 12
9 81
82 81
82 87
9 73
26 73
25 73
25 11
28 11
28 4
30 4
30 2
4 0
88 87
78 88
78 77
78 86
10 86
115 10
93 121
93 98
75 98
66 75
66 45
67 45
67 42
42 61
56 61
106 56
46 61
46 43
41 43
93 121
93 98
98 96
19 96
19 21
21 37
37 54
54 51
49 51
64 54
140 64
37 32
14 32
