3
49
102 69
102 65
65 54
54 36
49 36
49 48
15 36
15 13
14 13
14 32
17 13
53 36
139 53
130 139
102 69
102 65
65 54
54 36
15 36
15 13
14 13
14 100
59 100
59 6
6 0
3 0
10 3
116 10
117 10
6 89
8 89
11 3
10 77
78 77
94 59
94 23
93 23
122 93
122 98
75 98
21 75
131 21
131 123
123 90
84 90
132 123
120 59
57 120
57 61
51
50 69
50 48
69 125
63 125
63 54
37 54
37 32
32 16
14 16
14 17
53 69
139 53
130 139
69 33
101 33
59 101
59 6
6 0
3 0
10 3
116 10
117 10
6 89
118 6
118 8
11 3
10 86
78 86
93 59
93 23
93 22
94 22
93 99
75 99
22 18
21 18
131 21
59 123
132 123
124 123
124 84
84 90
9 59
9 89
8 89
8 11
30 11
30 1
10 1
58 10
58 61
61
69 52
49 52
49 48
69 63
63 37
15 37
35 15
35 32
15 16
14 16
14 17
53 52
139 53
130 139
69 63
63 37
15 37
15 16
16 13
17 13
34 17
34 20
20 18
22 18
94 22
94 98
119 98
119 6
6 0
3 0
10 3
116 10
117 10
6 89
118 6
118 8
88 10
80 88
80 77
78 77
4 0
31 4
31 11
95 22
95 23
75 98
21 18
131 21
131 123
123 90
84 90
124 123
132 124
120 20
93 120
93 121
59 121
41 59
41 43
46 43
46 61
