3
28
132 124
124 92
76 92
97 76
97 94
94 23
23 18
19 18
97 6
6 81
8 81
8 0
1 0
30 1
132 124
124 92
76 92
97 76
97 33
69 33
69 125
14 33
14 32
14 100
37 33
63 37
130 63
130 127
34
132 123
124 123
94 124
94 22
22 18
19 18
93 22
93 120
119 120
119 7
7 0
2 0
30 2
132 123
124 123
21 124
21 37
37 54
54 51
52 51
69 52
69 125
68 52
68 33
33 17
14 17
14 32
34 17
34 100
65 37
102 65
102 63
130 63
130 127
29
132 124
133 124
133 97
97 96
95 96
95 23
94 23
19 96
99 96
119 99
119 9
9 0
4 0
30 4
132 123
59 123
59 36
36 32
37 32
65 37
65 125
37 33
14 32
14 100
52 36
53 52
139 53
139 128
127 128
