3
34
68 52
53 52
53 64
49 52
49 48
50 48
50 103
137 103
49 36
15 36
68 52
53 52
53 64
64 65
65 37
21 37
19 21
19 96
95 96
95 22
93 22
119 93
119 6
6 0
1 0
111 1
19 21
19 96
97 96
97 7
118 7
118 10
58 10
58 61
20
68 33
37 33
63 37
129 63
129 64
64 50
50 136
137 136
14 33
14 16
15 16
68 33
59 33
59 6
6 0
1 0
111 1
120 59
57 120
57 61
29
68 52
49 52
49 51
53 51
140 53
140 64
140 50
50 103
137 103
52 36
60 36
37 60
37 32
32 16
16 13
15 13
68 52
52 36
59 36
59 6
6 0
1 0
111 1
59 8
8 73
2 73
10 2
57 10
57 61
