3
98
17 13
16 13
32 16
34 17
34 100
33 17
102 33
102 63
102 65
63 54
64 65
54 36
49 36
140 64
49 51
65 37
140 53
53 136
137 136
64 65
130 64
130 139
17 13
15 13
15 37
65 37
64 65
130 64
130 127
127 126
33 17
101 33
59 101
59 6
6 0
3 0
11 3
5 0
12 3
9 12
118 9
9 89
28 11
28 4
4 104
1 104
112 1
110 1
109 4
27 1
111 4
111 2
108 1
24 11
107 24
107 26
24 73
118 10
114 10
88 10
78 88
78 86
80 86
80 77
97 59
120 59
59 121
97 94
94 99
93 99
93 98
94 23
23 18
133 97
133 124
132 124
132 123
123 76
124 84
84 85
19 18
19 21
131 21
135 21
59 8
118 8
118 10
57 10
57 45
45 43
44 43
44 55
56 55
42 55
67 42
39 43
39 38
40 43
102
14 17
14 32
14 13
14 100
14 33
103 33
137 103
50 103
140 50
64 50
50 69
102 69
102 63
63 125
65 125
63 60
62 60
62 54
60 36
49 36
140 53
53 51
37 60
50 69
102 69
102 63
130 63
130 139
14 17
14 32
37 32
37 60
63 60
130 63
130 127
127 126
14 17
14 100
59 100
120 59
93 120
122 93
122 98
93 23
93 99
94 98
94 22
22 18
97 59
59 123
124 123
132 123
123 76
84 76
84 85
59 121
20 18
135 20
21 59
131 21
120 6
6 89
6 12
118 6
6 73
24 73
107 24
107 26
107 25
25 11
30 11
30 2
30 4
27 2
2 104
1 104
112 1
110 1
109 4
28 1
108 1
2 0
5 0
10 4
114 10
88 10
80 88
80 77
120 59
120 75
66 75
66 44
44 43
67 44
44 55
56 55
39 43
39 38
40 38
14 17
14 33
101 33
104
17 13
16 13
32 16
34 17
34 100
34 33
68 33
68 52
49 52
69 52
102 69
69 63
102 65
63 54
65 60
64 60
53 52
140 53
49 36
49 51
63 37
53 136
137 136
53 52
139 53
130 139
34 17
34 33
68 33
68 52
53 52
139 53
139 128
128 126
17 13
16 13
14 16
20 14
120 20
135 20
120 97
133 97
133 59
97 76
76 91
91 85
84 85
90 85
124 90
132 124
97 94
94 99
122 99
122 98
94 23
23 18
122 93
93 121
21 20
131 21
97 6
6 81
8 81
8 89
8 12
9 81
118 9
8 11
26 11
26 73
107 26
107 24
27 11
27 1
112 1
110 1
105 1
105 104
109 1
4 104
111 1
111 2
28 1
108 1
8 0
5 0
79 81
79 77
88 79
80 77
80 86
10 86
114 10
66 20
66 44
44 43
42 43
56 42
67 42
42 38
40 43
21 20
21 59
59 101
