3
21
79 86
79 86
79 81
7 81
119 7
119 99
99 96
95 96
78 86
78 77
10 77
58 10
66 58
66 44
44 43
41 43
79 86
79 81
9 81
9 59
59 36
38
78 86
78 88
88 79
78 86
78 88
88 79
82 79
82 81
8 81
97 8
97 94
94 98
122 98
122 99
94 22
95 22
78 86
78 88
88 79
82 79
82 89
7 89
7 73
66 73
66 44
56 44
41 56
78 86
78 88
88 79
82 79
82 81
6 81
120 6
120 20
34 20
34 32
36 32
32
80 86
80 77
79 77
80 86
80 88
88 87
89 87
7 89
97 7
97 96
99 96
95 96
80 86
80 88
88 87
89 87
7 89
97 7
97 96
59 96
41 59
41 56
56 44
80 86
80 88
88 87
89 87
7 89
97 7
97 33
33 60
60 36
