3
26
40 43
45 43
57 45
57 10
10 1
1 0
6 0
6 89
89 87
8 89
97 8
133 97
133 59
59 121
10 4
109 4
109 1
1 73
74 73
74 123
20 123
34 20
34 17
14 17
15 14
15 37
32
40 38
39 38
39 56
56 61
58 61
58 10
10 1
1 0
6 0
6 89
89 87
9 89
9 97
97 59
59 121
10 86
79 86
82 79
82 81
9 81
9 97
97 59
128 59
139 128
139 50
50 52
68 52
68 33
14 33
64 50
64 60
37 60
20
40 43
39 43
39 66
66 20
120 20
120 6
6 0
1 0
10 1
10 77
79 77
82 79
82 87
93 120
93 121
20 14
14 13
17 13
33 17
37 33
