3
26
116 10
114 10
107 116
107 26
26 73
7 73
97 7
97 94
94 23
93 23
93 98
122 98
107 116
107 26
26 73
7 73
97 7
97 94
94 23
93 23
93 120
120 20
20 14
15 14
15 51
53 51
20
116 10
114 10
118 10
118 6
97 6
97 96
98 96
122 98
116 10
118 10
118 6
97 6
97 96
19 96
19 18
20 18
34 20
34 32
36 32
53 36
24
107 116
107 26
26 11
27 11
27 2
10 2
114 10
107 24
24 73
8 73
119 8
119 98
122 98
107 116
107 24
24 73
8 73
119 8
119 93
93 59
59 33
33 60
52 60
53 52
