3
27
132 123
123 91
74 91
74 73
26 73
2 73
111 2
111 4
7 73
7 12
7 89
89 87
132 123
123 91
74 91
74 73
26 73
107 26
107 116
116 10
57 10
41 57
57 45
45 43
42 43
42 61
58 61
25
132 124
124 91
76 91
76 73
4 73
4 104
2 104
25 73
107 25
107 26
25 11
7 11
7 12
7 89
82 89
82 87
132 124
124 91
76 91
97 76
120 97
57 120
41 57
57 55
58 55
28
132 123
59 123
59 7
118 7
118 9
9 12
7 81
82 81
82 87
7 11
26 11
27 11
27 2
109 2
109 4
132 123
59 123
59 8
8 81
82 81
82 79
88 79
88 10
58 10
58 61
46 61
46 43
41 43
