3
19
53 136
53 69
69 33
100 33
53 136
53 69
69 33
59 33
9 59
9 0
1 0
27 1
93 59
122 93
122 99
120 59
120 75
66 75
66 42
24
53 136
53 36
15 36
15 13
14 13
14 100
53 136
53 36
15 36
15 13
14 13
14 100
59 100
9 59
9 0
1 0
27 1
59 96
99 96
133 59
133 97
120 97
57 120
57 42
31
53 136
53 64
64 54
65 54
65 37
15 37
34 15
34 100
53 136
53 64
64 54
65 54
102 65
102 33
101 33
59 101
9 59
9 0
1 0
27 1
59 121
93 121
93 99
59 7
7 11
24 11
107 24
107 116
116 10
57 10
57 42
