3
18
58 61
42 61
42 43
45 43
58 61
42 61
42 43
41 43
41 59
133 59
133 124
124 84
84 85
124 92
59 7
118 7
128 59
127 128
25
58 134
66 134
66 47
47 43
45 43
58 134
66 134
66 75
120 75
120 97
97 94
94 124
124 84
84 85
124 92
133 97
9 97
118 9
120 75
93 120
93 59
59 33
63 33
130 63
130 127
29
58 61
46 61
46 67
67 45
58 61
56 61
56 42
66 42
66 20
20 123
123 92
92 85
124 123
133 124
123 92
76 92
97 76
97 8
118 8
21 20
21 59
59 101
101 33
33 60
52 60
50 52
139 50
139 128
127 128
