3
56
124 84
132 124
124 84
94 124
94 99
94 23
93 99
93 120
99 96
59 96
124 84
124 123
20 123
135 20
119 99
119 7
7 81
8 81
82 81
9 81
9 73
26 73
107 26
107 116
82 87
88 87
78 88
78 86
79 86
124 84
94 124
94 98
93 98
93 120
57 120
57 45
57 55
42 55
44 55
84 76
59 76
59 36
36 32
32 16
16 13
17 13
54 36
63 54
63 125
69 125
64 54
69 52
37 54
64 50
139 50
130 139
68
84 90
124 90
132 124
84 83
85 83
91 85
76 91
76 92
123 92
59 123
94 59
94 98
122 98
122 99
122 93
93 23
75 99
120 75
94 22
22 18
20 18
135 20
119 98
119 9
118 9
118 7
118 8
9 89
82 89
9 11
26 11
107 26
107 116
82 79
84 83
85 83
91 85
76 91
76 92
123 92
97 123
97 96
99 96
75 99
66 75
66 45
67 45
67 42
67 44
42 55
39 55
39 57
84 90
124 90
21 124
21 37
37 32
32 16
16 13
17 13
63 37
69 63
63 60
64 60
69 52
63 60
64 60
130 64
65
84 85
90 85
123 90
132 123
84 85
92 85
124 92
133 124
133 59
93 59
93 99
93 23
94 99
133 97
120 97
84 85
90 85
123 90
20 123
135 20
119 120
119 6
6 89
8 89
7 89
89 87
82 87
88 87
88 79
7 11
24 11
107 24
107 116
84 85
90 85
123 90
20 123
66 20
66 45
45 43
42 43
56 42
56 44
56 55
57 55
84 76
97 76
97 33
33 17
37 33
65 37
102 65
102 69
53 69
53 64
140 53
140 50
50 48
49 48
49 52
14 17
14 32
50 69
139 50
130 139
