3
27
2 0
30 2
8 0
8 81
82 81
2 73
76 73
76 92
123 92
123 91
9 0
9 73
66 73
66 45
8 0
8 81
6 81
120 6
120 20
20 14
14 32
37 32
37 60
52 60
50 52
138 50
50 48
32
7 0
7 89
82 89
7 11
30 11
9 89
9 59
59 123
123 92
124 92
124 91
7 0
7 89
9 89
9 59
41 59
41 43
45 43
7 0
7 89
9 89
9 59
59 101
101 33
33 60
62 60
62 54
54 51
53 51
138 53
49 51
49 48
30
4 0
30 4
10 4
10 77
80 77
80 88
88 79
82 79
82 81
9 81
9 97
97 76
76 92
92 85
91 85
1 0
10 1
57 10
57 45
9 0
119 9
119 98
93 98
93 121
59 121
128 59
139 128
139 50
138 50
50 48
