3
22
112 1
1 73
7 73
97 7
97 123
123 90
112 1
111 1
111 2
2 12
6 12
120 6
120 20
34 20
34 32
37 32
37 60
52 60
50 52
138 50
50 136
68 52
30
112 1
27 1
27 11
9 11
118 9
118 6
97 6
97 76
76 90
112 1
27 1
27 11
9 11
118 9
118 6
97 6
97 96
95 96
95 22
93 22
93 59
59 101
101 33
33 60
52 60
50 52
138 50
138 53
53 136
68 33
17
112 1
1 73
74 73
74 123
123 90
112 1
1 73
8 73
59 8
128 59
139 128
139 50
138 50
50 136
50 103
103 33
68 33
