3
25
42 43
57 42
57 134
46 43
46 55
39 55
39 66
66 73
7 73
7 81
82 81
82 87
26 73
26 11
30 11
30 4
9 73
9 59
59 33
33 60
64 60
64 50
50 136
100 33
34 100
23
40 43
66 40
66 134
40 43
66 40
66 75
75 73
6 73
6 89
89 87
2 73
30 2
30 4
75 99
93 99
93 59
59 101
101 33
69 33
50 69
50 136
34 33
34 100
26
44 43
44 55
57 55
57 134
44 43
44 55
57 55
57 120
120 6
6 89
89 87
6 12
7 12
7 11
31 11
31 4
120 59
59 36
53 36
53 136
15 36
15 13
17 13
34 17
15 14
14 100
