3
24
12 3
11 3
31 11
31 4
30 4
12 3
11 3
31 11
31 1
10 1
57 10
66 57
66 44
8 12
97 8
97 59
128 59
139 128
139 53
53 36
36 32
35 32
138 53
54 36
36
2 12
109 2
109 4
31 4
30 2
7 12
7 89
6 89
120 6
120 59
41 59
41 56
56 44
7 12
7 89
6 89
120 6
120 20
34 20
34 32
35 32
35 15
15 36
60 36
62 60
62 54
64 60
53 64
138 53
34 15
15 36
60 36
64 60
130 64
130 127
127 128
34
8 12
8 11
30 11
30 1
111 1
111 4
31 4
8 12
8 73
66 73
66 44
8 12
8 73
75 73
21 75
21 59
59 100
14 100
15 14
35 15
15 37
37 60
62 60
62 54
63 60
69 63
53 69
138 53
100 33
102 33
102 69
50 69
139 50
139 128
