3
26
54 36
53 36
53 136
62 54
62 60
37 60
15 37
15 13
62 54
62 60
37 60
15 37
15 13
14 13
20 14
20 18
120 20
119 120
119 8
118 8
118 10
57 10
41 57
41 56
56 44
67 44
26
63 54
129 63
129 64
53 64
53 136
63 33
14 33
14 13
63 54
63 33
34 33
34 20
20 18
21 20
21 75
75 98
119 98
119 6
6 12
2 12
2 104
10 104
58 10
66 58
66 44
67 44
25
62 54
62 60
64 60
140 64
140 53
53 136
53 69
69 33
33 17
17 13
54 36
49 36
49 48
50 48
139 50
139 128
128 59
21 59
21 18
97 59
120 97
120 75
66 75
66 45
67 45
