3
24
41 38
39 38
39 43
47 43
66 47
41 38
39 38
39 43
47 43
66 47
66 20
20 123
59 123
59 96
95 96
95 23
99 96
119 99
119 8
8 11
30 11
30 2
20 14
14 100
25
41 38
40 38
66 40
41 38
40 38
66 40
66 75
75 98
98 96
95 96
95 23
75 73
26 73
26 11
31 11
31 1
27 1
27 2
75 99
122 99
122 93
93 59
59 101
101 33
100 33
20
41 56
56 42
66 42
41 59
59 96
95 96
95 23
59 7
7 11
28 11
28 1
109 1
109 2
128 59
139 128
139 50
50 52
68 52
68 33
100 33
