3
31
124 84
124 123
131 123
131 21
21 18
84 83
85 83
92 85
76 92
76 73
9 73
9 81
79 81
88 79
84 83
85 83
92 85
76 92
76 73
2 73
10 2
58 10
58 61
124 84
124 123
131 123
131 21
21 20
34 20
34 32
35 32
31
84 90
124 90
94 124
94 22
95 22
95 23
23 18
84 76
59 76
59 8
8 81
82 81
82 79
88 79
84 90
124 90
94 124
94 22
95 22
95 23
23 18
20 18
66 20
66 58
58 61
84 76
59 76
59 100
34 100
34 32
35 32
24
124 84
21 124
19 21
19 18
84 85
91 85
123 91
97 123
9 97
9 89
89 87
88 87
124 84
133 124
133 59
41 59
41 57
57 61
124 84
133 124
133 59
59 36
36 32
35 32
