2
32
15 37
37 60
64 60
129 64
53 64
53 51
15 14
14 100
59 100
9 59
9 0
1 0
109 1
118 9
118 7
9 73
59 121
93 121
93 98
94 98
94 22
22 18
20 18
41 59
41 38
42 38
67 42
56 42
106 56
15 14
14 33
101 33
52
15 16
32 16
36 32
49 36
49 51
49 48
50 48
140 50
140 64
129 64
64 65
65 37
15 16
32 16
36 32
49 36
49 48
50 48
140 50
140 64
130 64
130 127
127 128
128 59
59 6
6 73
6 81
7 81
26 73
26 11
27 11
27 2
109 2
59 96
95 96
95 22
94 22
93 22
93 121
93 99
75 99
120 75
120 20
41 59
41 56
56 44
67 44
67 42
42 61
57 61
57 106
59 101
