3
26
84 90
84 83
85 83
92 85
76 92
97 76
97 7
7 11
28 11
28 4
4 104
84 90
84 83
85 83
92 85
123 92
59 123
59 36
36 32
34 32
53 36
53 64
53 36
53 64
130 64
130 127
28
76 90
76 91
124 91
133 124
133 97
9 97
9 73
2 73
2 104
76 90
76 91
124 91
133 124
133 59
59 100
34 100
34 15
15 36
49 36
49 48
50 48
64 50
100 33
69 33
53 69
139 53
139 128
127 128
25
84 90
124 84
21 124
19 21
19 96
99 96
119 99
119 6
6 12
2 12
2 104
84 90
124 84
124 123
59 123
59 33
34 33
63 33
129 63
129 64
63 33
129 63
129 64
130 64
130 127
