3
22
66 40
41 66
66 75
66 44
66 45
67 44
66 73
4 73
109 4
4 0
5 0
9 73
9 89
89 87
66 20
20 18
22 18
95 22
41 59
59 33
63 33
130 63
25
57 40
41 57
57 45
67 45
57 120
120 75
57 10
10 4
93 120
93 22
120 6
6 0
10 1
109 1
88 10
88 87
5 0
93 23
95 23
40 43
44 43
120 59
128 59
127 128
130 127
28
40 38
41 38
42 38
67 42
41 56
56 44
41 43
45 43
66 42
66 75
75 73
4 73
2 73
109 2
2 0
75 99
94 99
94 22
99 96
95 96
5 0
7 73
7 89
89 87
21 75
21 37
63 37
130 63
