3
41
84 83
84 90
84 83
84 90
123 90
131 123
131 21
19 21
19 18
22 18
94 22
94 23
95 23
93 22
93 120
94 99
75 99
75 73
9 73
9 81
79 81
79 86
84 83
84 90
124 90
21 124
21 75
120 75
57 120
84 83
84 90
124 90
21 124
21 37
37 54
64 54
64 50
138 50
62 54
62 60
63 60
43
85 83
90 85
85 83
90 85
123 90
131 123
85 83
90 85
123 90
123 91
124 91
94 124
94 22
95 22
95 23
93 23
93 120
23 18
19 18
119 93
119 6
6 81
79 81
79 86
85 83
90 85
123 90
97 123
9 97
118 9
118 10
57 10
85 83
90 85
123 90
59 123
59 36
52 36
50 52
138 50
53 36
53 69
69 63
48
85 83
84 85
84 90
85 83
91 85
123 91
131 123
85 83
84 85
84 90
76 90
59 76
120 59
94 59
94 22
94 23
95 23
95 96
19 96
119 120
119 9
9 89
89 87
88 87
88 79
80 88
80 86
85 83
84 85
84 90
76 90
59 76
41 59
41 57
85 83
84 85
84 90
76 90
59 76
59 101
101 33
33 60
52 60
50 52
138 50
65 60
65 125
63 125
