3
23
111 2
10 2
10 86
80 86
80 88
88 87
111 1
1 73
66 73
66 57
111 2
2 12
7 12
97 7
97 59
21 59
135 21
135 20
20 14
14 33
33 60
64 60
129 64
32
111 4
4 104
10 104
10 86
78 86
78 88
88 79
82 79
82 87
111 4
4 73
8 73
119 8
119 99
75 99
66 75
66 57
111 4
4 73
8 73
119 8
119 98
94 98
94 23
23 18
20 18
34 20
34 15
15 51
54 51
64 54
129 64
28
111 1
1 0
8 0
8 89
82 89
82 87
10 1
88 10
80 88
80 86
111 1
1 104
2 104
2 73
75 73
21 75
21 20
66 20
66 57
111 1
1 0
8 0
59 8
128 59
139 128
130 139
130 64
129 64
