3
20
69 33
102 69
33 17
34 17
59 33
59 6
6 73
6 81
79 81
88 79
88 10
117 10
59 123
20 123
66 20
66 40
40 43
42 43
67 42
67 44
25
63 33
102 63
63 60
60 36
15 36
15 13
17 13
34 17
37 33
21 37
21 75
75 73
25 73
25 11
27 11
27 1
10 1
117 10
21 59
120 59
57 120
57 40
57 45
67 45
67 44
32
68 33
68 52
69 52
102 69
69 125
63 125
63 37
15 37
35 15
35 32
34 32
68 33
68 52
52 36
59 36
59 6
6 73
6 81
7 81
118 7
118 10
117 10
59 121
93 121
93 98
75 98
66 75
66 40
40 38
42 38
42 55
44 55
