3
33
107 116
107 26
26 73
2 73
111 2
111 1
28 1
108 1
8 73
8 81
82 81
82 87
8 12
12 3
107 24
76 73
107 116
107 26
26 73
7 73
119 7
119 99
94 99
94 23
23 18
20 18
34 20
34 15
15 51
54 51
64 54
130 64
130 127
34
116 10
10 1
111 1
105 1
105 104
4 104
28 4
108 1
4 0
8 0
8 89
89 87
9 89
9 12
12 3
4 73
24 73
74 73
74 91
76 91
116 10
10 4
4 0
8 0
8 81
9 81
9 59
59 100
100 33
69 33
50 69
139 50
139 128
127 128
40
107 116
107 26
26 11
28 11
28 4
111 4
30 4
30 1
108 1
11 3
111 2
2 0
7 0
7 81
82 81
82 87
107 24
9 81
119 9
119 93
93 98
98 96
19 96
19 21
131 21
131 123
123 76
107 116
107 25
25 73
6 73
120 6
120 20
20 14
15 14
15 51
54 51
63 54
130 63
130 127
