3
28
124 90
94 124
94 23
93 23
119 93
119 9
9 73
4 73
111 4
124 90
94 124
94 99
75 99
66 75
41 66
124 90
21 124
21 20
20 14
14 32
35 32
35 15
34 15
34 100
100 33
37 33
65 37
65 54
25
84 90
84 76
123 76
97 123
97 8
8 0
2 0
111 2
84 90
84 76
123 76
97 123
120 97
57 120
41 57
84 90
84 76
123 76
131 123
131 21
21 37
37 32
35 32
63 37
63 54
29
90 85
91 85
124 91
133 124
133 59
120 59
119 120
119 8
8 11
30 11
30 4
111 4
90 85
91 85
123 91
20 123
66 20
41 66
90 85
91 85
123 91
20 123
34 20
34 32
35 32
36 32
54 36
65 54
65 37
