3
19
132 124
94 124
94 22
22 18
132 124
94 124
94 98
122 98
122 93
93 120
57 120
57 47
47 43
46 43
57 40
132 123
59 123
59 33
33 60
21
132 123
123 92
76 92
59 76
59 96
19 96
19 18
132 123
20 123
66 20
66 42
67 42
46 67
57 42
57 40
132 123
123 92
76 92
59 76
59 36
60 36
26
132 124
124 123
131 123
131 21
21 18
132 124
124 92
76 92
97 76
97 7
118 7
118 10
58 10
66 58
66 42
67 42
46 67
42 61
57 61
57 40
132 124
124 123
131 123
131 21
21 37
37 60
