3
29
53 136
140 53
140 64
129 64
129 63
63 37
15 37
15 16
53 136
140 53
140 64
129 64
129 63
63 37
15 37
35 15
35 32
14 32
14 100
59 100
59 7
7 11
25 11
30 11
30 1
112 1
59 121
93 121
93 120
24
50 136
50 69
69 33
33 17
14 17
14 16
50 136
50 69
69 33
101 33
59 101
59 7
7 12
2 12
2 104
105 104
105 1
112 1
27 2
27 11
26 11
107 26
107 25
120 59
19
53 136
53 52
52 36
36 32
32 16
53 136
139 53
139 128
128 59
59 7
118 7
118 8
8 11
25 11
31 11
31 1
112 1
97 59
120 97
