3
31
66 47
57 47
39 57
66 47
57 47
57 10
88 10
88 87
89 87
8 89
8 12
8 73
25 73
107 25
107 116
116 10
107 116
107 25
25 73
8 73
59 8
21 59
21 37
37 54
64 54
65 37
64 65
53 64
139 53
139 128
128 126
22
39 66
66 134
58 134
58 10
88 10
88 87
89 87
8 89
8 12
116 10
118 10
118 9
9 97
97 33
33 60
64 60
102 33
102 69
53 69
139 53
139 128
128 126
28
66 42
56 42
39 56
66 20
20 18
23 18
94 23
94 98
119 98
119 7
7 12
7 73
26 73
107 26
107 116
34 20
34 32
37 32
37 54
64 54
34 32
36 32
52 36
53 52
53 64
130 64
130 127
127 126
