3
23
50 103
103 33
59 33
59 7
7 0
1 0
28 1
59 96
98 96
93 98
93 22
95 22
19 96
19 21
120 59
57 120
41 57
57 106
106 56
56 61
39 56
39 55
44 55
39
137 103
137 136
50 136
137 103
137 136
53 136
53 36
36 32
14 32
14 17
34 17
34 100
59 100
59 7
7 0
1 0
28 1
93 59
122 93
122 98
122 99
99 96
93 22
95 22
94 22
94 23
23 18
21 18
97 59
97 6
118 6
118 10
58 10
66 58
41 66
66 42
42 61
67 42
67 44
21
50 103
103 33
101 33
59 101
59 6
6 0
1 0
28 1
59 121
93 121
93 98
98 96
93 23
95 23
21 59
41 59
41 56
56 61
46 61
46 43
44 43
