3
21
92 85
124 92
132 124
132 123
20 123
92 85
124 92
132 124
132 123
97 123
97 6
118 6
118 10
113 10
92 85
124 92
132 124
132 123
59 123
128 59
127 128
23
90 85
124 90
124 76
76 73
9 73
118 9
26 73
26 11
27 11
27 2
10 2
113 10
90 85
124 90
21 124
21 20
90 85
124 90
21 124
21 37
63 37
130 63
130 127
22
91 85
124 91
94 124
94 99
75 99
75 73
7 73
118 7
4 73
10 4
113 10
120 75
120 20
91 85
124 91
94 124
94 59
59 36
60 36
64 60
130 64
130 127
