3
15
139 128
139 53
53 51
140 53
140 64
129 64
128 59
9 59
9 0
3 0
10 3
116 10
9 89
82 89
82 87
22
128 126
127 126
130 127
130 64
64 54
54 51
129 64
130 64
129 64
129 63
69 63
69 52
68 52
68 33
59 33
9 59
9 0
3 0
10 3
116 10
9 89
89 87
30
139 128
139 53
53 51
138 53
138 50
64 50
64 65
65 125
63 125
129 63
139 53
53 136
137 136
137 103
103 33
97 33
97 94
94 98
75 98
75 73
25 73
25 11
11 3
10 3
116 10
12 3
7 12
7 81
82 81
82 87
