3
57
64 50
64 60
130 64
50 136
64 65
60 36
130 127
129 64
138 50
137 136
59 36
102 65
94 59
59 7
133 59
94 99
7 0
93 59
59 8
3 0
59 96
7 89
1 0
82 89
112 1
108 1
27 1
122 99
105 1
82 79
59 76
76 91
84 76
88 79
80 88
21 59
135 21
131 21
36 32
32 16
34 32
16 13
41 59
41 56
41 38
56 55
106 56
46 55
56 44
46 67
64 54
54 51
10 3
116 10
114 10
59 123
132 123
66
53 64
53 136
53 51
53 36
138 53
64 60
65 60
15 51
34 15
15 16
15 13
130 64
34 20
135 20
130 127
20 123
131 123
123 91
66 20
66 44
67 44
44 55
97 123
97 7
97 94
133 97
97 8
97 59
8 0
8 89
97 96
99 96
93 99
122 93
7 12
12 3
44 43
46 43
7 81
82 81
79 81
7 11
27 11
39 66
39 38
39 56
53 69
102 69
50 69
129 64
137 136
66 73
1 73
66 57
57 106
112 1
108 1
123 90
84 90
79 86
80 86
105 1
132 123
10 1
114 10
116 10
73
64 50
64 65
50 136
50 52
52 60
52 51
52 36
33 60
34 33
102 33
59 33
14 33
14 13
14 16
59 6
6 0
6 89
59 8
119 6
119 99
119 7
119 93
2 0
27 2
82 89
119 98
122 98
94 98
98 96
128 59
127 128
1 0
94 124
124 84
124 91
133 124
132 124
3 0
138 50
82 79
50 103
137 103
79 77
80 77
139 50
130 139
2 104
105 104
63 60
129 63
20 14
135 20
120 59
57 120
57 55
57 61
46 61
56 61
57 42
42 38
67 42
44 55
57 106
21 124
131 21
108 1
112 1
6 73
25 73
107 25
107 116
10 2
114 10
