3
20
115 10
10 77
80 77
80 86
116 10
107 116
107 25
25 11
7 11
7 12
119 7
119 98
94 98
94 23
57 10
57 47
94 59
59 100
14 100
14 16
29
115 10
88 10
80 88
80 86
88 87
89 87
9 89
9 12
9 11
25 11
8 89
119 8
119 99
93 99
93 23
58 10
58 55
44 55
44 43
47 43
93 59
128 59
127 128
130 127
130 139
139 53
53 36
36 32
32 16
22
115 10
10 86
79 86
82 79
82 81
8 81
8 12
8 73
25 73
75 73
75 98
98 96
95 96
95 23
66 75
66 57
57 47
59 96
59 101
101 33
14 33
14 16
