3
24
57 45
57 120
93 120
93 23
94 23
94 124
124 91
91 85
124 123
131 123
119 93
119 9
9 0
5 0
9 89
89 87
88 87
80 88
93 121
59 121
59 33
63 33
63 54
54 36
32
67 45
46 67
46 61
58 61
58 10
88 10
80 88
118 10
118 8
8 0
5 0
119 8
119 120
93 120
93 22
95 22
95 23
23 18
21 18
131 21
94 22
97 94
97 76
76 91
84 76
84 85
20 18
20 14
14 13
16 13
32 16
36 32
29
66 45
66 75
120 75
21 75
131 21
120 59
133 59
133 124
74 124
74 91
124 90
90 85
133 97
97 6
6 89
7 89
7 0
5 0
6 81
79 81
79 77
80 77
135 21
135 20
34 20
34 33
69 33
69 52
52 36
