3
55
135 21
21 18
19 18
19 96
95 96
99 96
75 99
131 21
131 123
123 90
84 90
84 83
132 123
119 99
119 7
7 81
118 7
118 8
8 11
31 11
31 1
110 1
31 4
4 104
26 11
107 26
107 25
79 81
79 77
78 77
78 86
66 75
66 58
66 47
39 66
39 55
56 55
46 55
46 67
21 37
65 37
65 54
64 54
64 50
50 103
50 48
49 48
102 65
49 52
68 52
68 33
14 33
14 17
14 32
101 33
60
135 21
21 18
22 18
95 22
93 22
93 98
98 96
75 98
93 59
59 123
123 92
92 85
85 83
84 85
124 92
132 124
59 8
8 81
7 81
7 0
3 0
11 3
28 11
28 1
110 1
1 104
24 11
107 24
107 25
7 89
82 89
82 79
88 79
78 88
78 86
41 59
41 56
39 56
56 44
67 44
41 57
57 47
39 55
58 55
59 101
59 36
54 36
49 36
52 36
50 52
50 136
137 136
137 103
63 54
102 63
68 52
103 33
33 17
14 17
14 32
59
19 21
19 18
19 96
95 96
21 20
135 20
21 75
20 123
123 91
91 85
85 83
84 83
132 123
75 73
25 73
25 11
27 11
27 1
110 1
105 1
105 104
107 25
7 73
118 7
118 9
9 81
118 8
10 1
10 77
78 77
80 77
80 86
58 10
58 61
56 61
56 42
67 42
42 55
39 55
42 43
47 43
20 14
14 17
14 16
32 16
36 32
52 36
49 52
53 52
138 53
138 50
50 103
52 51
54 51
69 52
102 69
68 52
69 33
101 33
