3
43
42 38
40 38
67 42
67 45
67 44
66 42
66 58
66 75
21 75
135 21
131 21
21 59
21 124
128 59
59 7
94 59
118 7
7 0
119 7
3 0
1 0
110 1
108 1
111 1
27 1
59 33
68 33
34 33
33 60
62 60
65 60
14 33
14 13
14 16
34 15
35 15
63 33
129 63
59 36
53 36
53 136
49 36
49 48
50
42 61
58 61
57 42
57 40
57 45
58 10
118 10
10 3
10 4
4 0
111 4
10 2
27 2
42 38
41 57
41 59
118 7
133 59
133 124
94 124
128 59
21 59
57 120
120 75
119 120
135 21
56 42
56 44
59 100
34 100
21 37
65 37
34 32
35 32
32 16
16 13
64 65
129 64
59 123
131 123
64 50
50 136
50 48
50 52
68 52
37 54
62 54
10 1
108 1
110 1
54
42 55
58 55
44 55
42 43
45 43
40 43
39 55
39 38
66 44
66 20
34 20
135 20
21 20
34 17
17 13
131 21
16 13
66 73
7 73
75 73
9 73
118 9
9 0
9 59
119 9
7 11
27 11
11 3
97 7
97 94
2 73
111 2
20 123
124 123
33 17
68 33
102 33
102 65
103 33
137 103
137 136
15 13
35 15
65 54
62 54
50 103
50 48
139 50
139 128
102 63
129 63
1 73
110 1
108 1
