2
88
31 4
4 104
105 104
105 1
112 1
30 4
30 2
28 4
110 1
4 0
8 0
8 89
9 89
7 89
28 11
24 11
107 24
107 26
10 4
113 10
10 77
78 77
80 77
78 86
79 86
7 12
6 12
119 6
119 98
122 98
93 98
93 22
22 18
21 18
131 21
131 123
123 91
76 91
76 92
74 123
91 85
84 85
90 85
124 91
132 124
21 59
133 124
117 10
107 116
41 59
41 38
39 38
39 56
56 42
56 55
42 43
46 55
47 43
66 47
66 134
59 101
101 33
34 33
34 17
17 13
16 13
15 16
32 16
35 32
15 51
52 51
49 51
53 51
138 53
138 50
140 50
49 48
54 51
65 54
65 125
63 125
69 125
102 65
139 53
130 139
139 128
127 128
127 126
92
31 4
31 1
112 1
105 1
105 104
109 4
109 2
28 1
110 1
1 0
9 0
118 9
118 7
118 8
7 73
26 73
107 26
10 1
113 10
10 86
80 86
78 86
80 77
80 88
88 79
59 7
133 59
59 121
93 121
122 93
122 98
93 23
95 23
95 22
23 18
19 18
19 21
131 21
21 124
124 92
124 91
124 76
74 124
92 85
85 83
84 83
84 90
132 124
75 98
120 75
119 120
116 10
117 10
66 73
66 40
40 38
40 43
42 43
42 55
42 61
46 61
41 38
57 40
57 47
66 134
59 101
101 33
14 33
14 13
15 14
16 13
32 16
35 15
34 32
36 32
49 36
49 52
53 52
138 53
138 50
140 53
69 52
49 48
69 63
63 125
63 54
102 69
130 63
130 139
130 127
127 128
127 126
