3
21
79 86
79 81
6 81
7 81
7 73
24 73
25 73
25 11
30 11
30 1
105 1
97 7
97 94
94 22
94 23
23 18
20 18
66 20
66 45
67 45
46 67
22
78 86
78 88
88 87
82 87
82 89
6 89
8 89
8 73
24 73
24 11
27 11
27 1
1 104
105 104
59 8
59 96
95 96
95 22
41 59
41 43
45 43
46 43
30
80 86
80 88
88 79
82 79
82 81
8 81
8 12
6 12
8 0
2 0
2 104
105 104
4 104
31 4
31 11
24 11
97 8
97 96
95 96
95 22
25 11
25 73
66 73
66 44
44 55
46 55
56 44
56 42
57 42
57 45
