3
28
12 3
9 12
3 0
1 0
110 1
9 89
89 87
88 87
78 88
78 77
79 77
28 1
28 11
25 11
107 25
107 116
9 59
59 76
84 76
41 59
41 38
42 38
67 42
67 45
59 100
14 100
14 32
35 32
27
12 3
9 12
9 89
82 89
82 79
88 79
79 77
9 73
2 73
30 2
30 1
110 1
76 73
84 76
88 10
116 10
57 10
57 45
124 84
133 124
133 59
59 101
101 33
33 17
17 13
15 13
35 15
28
3 0
9 0
2 0
109 2
109 1
110 1
9 81
79 81
79 86
78 86
78 77
78 88
6 81
97 6
97 76
76 90
84 90
11 3
26 11
107 26
107 116
9 73
66 73
66 45
59 6
59 36
15 36
35 15
