3
22
39 38
39 66
66 75
75 98
93 98
98 96
19 96
94 98
94 124
124 76
75 73
8 73
8 12
9 12
1 73
120 75
120 20
34 20
34 100
34 32
37 32
65 37
25
39 38
39 57
57 120
93 120
93 98
93 99
99 96
19 96
120 6
6 81
9 81
6 73
4 73
111 4
111 1
120 59
59 76
120 20
20 14
14 100
14 16
15 16
15 36
60 36
65 60
24
42 38
42 61
58 61
58 10
10 104
1 104
2 104
2 73
9 73
76 73
123 76
124 123
21 124
19 21
19 18
22 18
93 22
122 93
122 98
21 37
37 54
65 54
37 33
100 33
