3
51
25 11
107 25
8 11
9 11
30 11
25 73
30 4
76 73
118 8
123 76
4 104
76 92
131 123
105 104
131 21
21 18
19 21
22 18
19 96
98 96
122 98
10 4
115 10
10 86
10 77
78 86
79 86
59 8
59 121
59 33
41 59
33 17
59 36
102 33
49 36
52 36
53 36
49 48
50 52
53 136
41 43
46 43
44 43
33 60
62 60
84 76
84 83
30 1
112 1
8 0
5 0
60
25 11
107 25
8 11
8 73
9 73
4 73
118 9
97 8
97 96
97 33
97 123
97 76
123 92
102 33
69 33
53 69
50 69
69 52
50 48
50 136
49 52
1 73
105 1
1 104
20 123
20 18
21 20
19 18
99 96
122 99
66 73
41 66
66 44
119 8
119 98
93 99
93 121
93 22
39 66
39 43
8 81
79 81
79 77
78 77
112 1
131 123
33 17
79 86
30 11
53 36
92 85
85 83
54 36
62 54
67 44
46 67
9 0
5 0
118 10
115 10
63
25 73
8 73
74 73
74 123
4 73
26 73
107 26
26 11
59 123
59 96
9 59
59 76
21 59
59 36
41 59
75 73
75 98
49 36
41 43
93 59
122 93
21 18
52 36
53 52
49 48
53 136
46 43
50 52
94 59
94 22
41 56
56 44
2 73
30 2
2 104
59 121
105 104
19 96
131 21
74 124
124 92
7 73
118 7
59 33
63 33
102 63
34 33
34 17
124 84
84 83
10 2
10 77
88 10
78 88
88 79
10 86
60 36
62 60
115 10
10 1
112 1
4 0
5 0
