3
25
35 15
15 37
63 37
63 125
15 36
53 36
139 53
138 53
49 36
49 48
59 36
59 96
97 59
59 8
120 59
130 63
130 127
59 76
84 76
84 83
21 37
135 21
8 0
1 0
108 1
25
35 32
37 32
63 37
37 33
97 33
97 8
97 96
120 97
69 63
53 69
69 125
50 69
139 50
138 50
50 48
139 128
127 128
120 20
135 20
97 76
84 76
84 83
8 73
1 73
108 1
29
35 15
15 51
53 51
54 51
63 54
139 53
138 53
65 54
65 125
63 33
97 33
97 8
120 97
97 96
133 97
133 124
124 84
84 85
85 83
21 124
135 21
49 51
49 48
130 139
130 127
118 8
118 10
10 1
108 1
