3
24
124 90
132 124
21 124
19 21
94 124
94 98
122 98
21 59
128 59
59 8
8 12
2 12
8 0
5 0
1 0
10 2
10 86
57 10
57 40
66 57
66 44
21 37
37 32
35 32
27
123 90
132 123
97 123
97 8
97 96
19 96
98 96
97 7
7 12
99 96
122 99
8 73
2 73
1 73
66 73
66 40
66 44
8 81
79 81
79 86
7 0
5 0
59 123
128 59
59 36
15 36
35 15
28
76 90
76 73
2 73
9 73
9 12
1 73
75 73
75 98
8 73
122 98
21 75
19 21
10 1
10 86
66 75
66 40
40 43
44 43
123 76
132 123
59 76
128 59
21 20
20 14
14 32
35 32
2 0
5 0
