3
25
93 98
93 23
95 23
75 98
75 73
26 73
66 75
66 42
67 42
67 44
44 43
39 43
93 121
59 121
128 59
128 126
127 128
130 127
130 64
140 64
140 53
53 36
15 36
15 16
14 16
20
98 96
95 96
119 98
119 9
9 11
26 11
11 3
10 3
57 10
39 57
59 96
59 100
14 100
15 14
15 37
37 60
63 60
130 63
130 127
127 126
25
93 98
93 22
95 22
93 59
59 7
7 73
24 73
107 24
107 26
93 120
57 120
57 45
67 45
67 44
56 44
39 56
59 36
36 32
14 32
49 36
49 52
53 52
139 53
139 128
128 126
