3
20
114 10
118 10
118 6
120 6
93 120
93 23
23 18
19 18
120 59
59 101
101 33
33 17
14 17
102 33
102 63
69 63
53 69
139 53
139 128
128 126
26
114 10
116 10
107 116
107 25
25 73
8 73
59 8
93 59
93 22
22 18
19 18
19 21
135 21
135 20
20 14
15 14
15 51
54 51
63 54
130 63
130 127
127 126
14 17
34 17
34 33
101 33
26
114 10
10 104
105 104
105 1
1 0
8 0
97 8
97 96
19 96
19 18
20 18
34 20
34 32
32 16
16 13
14 13
36 32
54 36
63 54
52 36
50 52
139 50
139 128
128 126
34 33
101 33
