3
20
10 3
12 3
6 12
119 6
119 99
97 6
133 97
133 124
57 10
57 42
66 57
97 33
103 33
50 103
50 48
34 33
68 33
139 50
139 128
128 126
24
10 3
3 0
9 0
9 97
97 94
94 99
97 76
124 76
58 10
66 58
66 42
97 59
128 59
128 126
59 33
69 33
53 69
53 51
49 51
49 48
33 17
34 17
52 51
68 52
31
118 10
118 9
9 12
12 3
118 8
97 8
97 123
124 123
97 96
99 96
118 7
7 73
66 73
66 47
47 43
42 43
131 123
131 21
21 37
37 54
54 51
49 51
49 48
37 32
34 32
49 52
68 52
64 54
130 64
130 127
127 126
