3
24
138 50
140 50
140 64
64 65
139 50
139 128
128 59
59 121
59 76
123 76
124 123
21 124
21 18
19 18
76 73
1 73
111 1
10 1
58 10
58 61
56 61
42 61
42 38
41 38
33
138 53
53 52
52 60
65 60
65 125
63 125
130 63
130 127
127 128
37 60
15 37
15 14
20 14
20 18
19 18
20 123
22 18
95 22
95 23
93 23
93 121
119 93
119 8
8 11
28 11
28 1
28 4
111 4
66 20
66 42
56 42
42 43
41 43
37
138 50
50 69
69 125
65 125
139 50
139 128
65 37
37 32
34 32
34 20
135 20
135 21
21 18
19 21
21 124
124 123
19 96
99 96
93 99
93 121
97 96
9 97
9 0
1 0
27 1
27 2
111 2
75 99
66 75
66 47
47 43
44 43
56 44
67 44
67 42
57 42
41 57
