3
26
44 55
58 55
58 134
67 44
67 45
66 45
66 73
2 73
2 104
105 104
4 104
111 4
10 2
88 10
88 79
79 77
2 0
8 0
97 8
97 33
34 33
33 60
62 60
62 54
63 60
69 63
25
56 44
56 61
57 61
57 134
57 10
10 77
10 104
105 104
105 1
111 1
4 104
4 0
7 0
118 7
118 6
59 6
59 100
34 100
34 17
33 17
102 33
102 69
69 125
63 125
63 54
26
44 43
40 43
66 40
66 134
58 134
58 10
88 10
78 88
78 77
10 3
11 3
31 11
31 1
105 1
31 4
111 4
12 3
7 12
97 7
97 59
59 33
37 33
63 37
69 63
63 54
34 33
