3
20
112 1
27 1
27 2
2 12
7 12
7 81
6 81
120 6
93 120
93 22
22 18
20 18
135 20
66 20
66 44
44 55
20 14
14 16
15 16
15 51
25
112 1
31 1
31 11
7 11
97 7
97 94
94 22
95 22
95 23
23 18
21 18
135 21
120 97
120 75
66 75
39 66
39 55
21 20
34 20
34 15
35 15
35 32
36 32
52 36
52 51
25
112 1
30 1
30 11
9 11
119 9
119 98
93 98
93 22
75 98
21 75
135 21
66 75
66 40
40 43
46 43
46 67
67 42
42 55
93 59
59 100
100 33
33 60
64 60
53 64
53 51
