3
18
54 36
65 54
49 36
49 48
36 32
32 16
16 13
17 13
34 17
34 20
20 123
120 20
93 120
122 93
123 76
76 73
1 73
110 1
27
54 36
65 54
52 36
50 52
50 48
53 52
139 53
130 139
130 127
127 126
128 126
128 59
59 76
84 76
84 85
90 85
123 90
93 59
93 98
122 98
124 84
74 124
74 73
4 73
31 4
31 1
110 1
24
60 36
65 60
52 60
49 52
49 48
65 125
63 125
63 37
21 37
131 21
131 123
21 18
22 18
95 22
95 96
99 96
122 99
119 99
119 7
7 12
2 12
111 2
111 1
110 1
