3
25
127 128
128 59
59 96
98 96
59 33
68 33
63 33
14 33
59 76
84 76
84 83
139 128
139 50
138 50
76 73
1 73
28 1
105 1
94 59
94 22
10 1
10 86
79 86
21 59
131 21
31
130 127
130 63
130 64
64 50
53 64
138 53
50 52
68 52
53 36
59 36
36 32
14 32
93 59
93 98
93 22
59 96
59 123
131 123
123 90
84 90
90 85
85 83
59 8
8 11
28 11
8 81
79 81
8 0
1 0
79 86
105 1
32
127 128
128 59
59 100
14 100
97 59
97 96
97 94
94 98
95 96
95 22
94 124
124 84
84 83
100 33
68 33
63 33
103 33
50 103
138 50
97 123
131 123
59 7
7 11
28 11
27 11
27 1
1 104
105 104
7 81
79 81
10 104
10 86
