3
20
119 8
8 81
79 81
79 77
80 77
80 86
8 73
76 73
76 91
10 77
58 10
58 61
46 61
46 43
59 76
59 33
102 33
102 69
69 52
49 52
23
119 7
7 89
82 89
82 79
88 79
78 88
78 86
7 73
74 73
74 91
119 120
57 120
39 57
39 43
74 123
59 123
59 100
34 100
34 17
14 17
15 14
15 36
49 36
26
119 6
6 81
82 81
82 87
88 87
80 88
80 86
97 6
133 97
133 124
124 91
97 59
41 59
41 56
56 44
44 43
21 59
135 21
135 20
20 14
14 33
33 60
62 60
62 54
54 51
49 51
