3
22
95 23
95 22
93 22
122 93
119 93
119 6
6 73
26 73
26 11
29 11
6 81
79 81
79 86
10 86
58 10
58 134
57 134
93 59
59 36
53 36
138 53
138 50
23
94 23
94 98
122 98
95 23
95 96
97 96
97 7
7 73
24 73
24 11
29 11
7 81
82 81
82 79
79 86
97 59
41 59
41 57
57 61
58 61
97 33
69 33
50 69
24
93 23
122 93
93 98
119 98
119 9
9 73
25 73
25 11
29 11
9 89
89 87
88 87
80 88
80 86
93 120
57 120
57 55
58 55
23 18
21 18
21 37
37 60
64 60
64 50
