3
23
105 1
30 1
30 11
11 3
10 3
114 10
115 10
3 0
8 0
59 8
59 96
21 59
21 20
135 20
66 20
41 66
34 20
34 33
37 33
65 37
64 65
53 64
138 53
36
105 1
31 1
31 4
30 4
111 4
111 2
27 2
27 11
24 11
107 24
107 116
116 10
114 10
115 10
107 26
26 73
75 73
75 98
98 96
21 75
135 21
135 20
66 75
66 40
40 38
41 38
93 98
93 121
59 121
128 59
139 128
139 50
138 50
50 69
69 63
63 37
27
105 1
105 104
2 104
30 2
10 1
114 10
115 10
1 0
6 0
120 6
120 20
135 20
20 18
19 18
19 96
57 10
41 57
22 18
94 22
94 59
59 101
101 33
37 33
37 54
54 51
53 51
138 53
