3
18
25 11
28 11
28 1
110 1
107 25
107 116
116 10
88 10
80 88
25 73
76 73
76 90
90 85
124 76
21 124
21 37
63 37
129 63
27
107 25
107 24
24 73
1 73
110 1
111 1
111 2
2 0
3 0
10 3
10 77
80 77
7 0
97 7
97 123
124 123
124 90
84 90
84 83
85 83
20 123
20 14
15 14
15 37
37 54
63 54
129 63
24
107 25
107 24
24 11
31 11
31 1
110 1
107 116
116 10
10 86
80 86
8 11
97 8
133 97
133 124
124 92
92 85
124 123
20 123
34 20
34 32
37 32
65 37
64 65
129 64
