3
28
106 56
56 61
41 56
41 59
59 96
98 96
59 123
123 90
124 90
119 98
119 8
8 11
27 11
27 2
8 81
79 81
79 86
80 86
59 36
54 36
62 54
53 36
138 53
138 50
50 103
37 54
37 33
68 33
35
106 56
56 61
58 61
58 10
10 77
80 77
78 77
78 88
88 87
89 87
9 89
9 11
28 11
28 4
111 4
111 2
119 9
119 98
94 98
94 23
95 23
95 96
94 59
94 124
59 100
100 33
103 33
50 103
50 48
49 48
49 51
54 51
62 54
49 52
68 52
33
57 106
57 42
67 42
46 67
46 61
57 120
120 59
59 96
98 96
133 59
133 124
124 76
76 73
25 73
25 11
30 11
30 2
6 73
6 89
82 89
82 79
88 79
80 88
120 97
97 33
33 60
62 60
64 60
64 50
50 136
137 136
137 103
68 33
