3
27
105 1
1 73
109 1
109 2
2 12
6 12
119 6
119 93
93 22
22 18
19 18
19 21
21 75
66 75
66 45
67 45
46 67
67 44
67 42
21 37
63 37
63 60
69 63
53 69
138 53
138 50
50 48
34
105 104
2 104
2 73
9 73
9 12
7 12
119 7
119 99
122 99
122 93
93 23
95 23
95 96
19 96
19 21
21 20
66 20
66 47
47 43
46 43
42 43
44 43
20 14
14 16
15 16
15 37
37 60
62 60
62 54
64 54
53 64
53 51
49 51
49 48
26
105 1
31 1
31 4
4 73
1 0
8 0
59 8
93 59
21 59
19 21
41 59
41 38
42 38
56 42
56 44
56 55
46 55
135 21
135 20
34 20
34 15
15 36
60 36
53 36
49 36
49 48
