3
24
105 1
1 0
6 0
6 89
118 6
118 9
9 81
10 1
114 10
120 6
93 120
93 59
59 123
132 123
57 10
57 45
45 43
46 43
46 61
124 123
21 124
21 37
37 32
35 32
31
105 104
4 104
4 73
6 73
6 89
6 12
9 12
7 89
7 81
10 104
114 10
119 6
119 120
120 75
75 99
93 99
94 99
94 124
132 124
57 120
57 61
42 61
42 43
94 23
95 23
95 22
22 18
20 18
20 14
15 14
35 15
32
105 104
4 104
4 0
9 0
9 89
118 9
118 6
118 8
8 81
118 10
114 10
119 9
119 93
93 120
93 121
59 121
59 76
123 76
132 123
41 59
41 56
56 61
56 55
46 55
46 43
131 123
131 21
135 21
135 20
34 20
34 32
35 32
