3
22
42 43
41 43
40 43
66 40
66 73
24 73
24 11
7 11
7 81
82 81
82 79
88 79
78 88
75 73
21 75
21 18
21 37
63 37
63 125
69 125
130 63
130 127
21
56 42
41 56
66 42
66 20
20 18
21 18
21 124
124 123
97 123
97 7
7 89
89 87
88 87
78 88
97 33
102 33
102 69
102 65
64 65
130 64
130 127
25
42 38
41 38
57 42
66 57
66 75
75 98
94 98
94 23
23 18
120 75
119 120
119 7
7 0
4 0
10 4
10 86
78 86
93 98
93 59
128 59
127 128
139 128
139 53
53 52
69 52
