3
24
50 103
64 50
64 65
138 50
138 53
139 53
139 128
103 33
34 33
34 20
21 20
131 21
131 123
123 91
91 85
90 85
21 18
22 18
93 22
119 93
119 6
6 73
1 73
108 1
21
50 103
50 69
69 63
102 63
102 65
139 50
139 128
69 33
101 33
59 101
133 59
133 124
124 84
84 90
133 97
9 97
9 73
4 73
28 4
28 1
108 1
21
137 103
137 136
53 136
53 52
52 60
65 60
65 54
63 54
130 63
130 127
127 128
128 59
59 76
84 76
84 90
76 73
26 73
26 11
30 11
30 1
108 1
