3
31
17 13
34 17
34 33
16 13
15 16
15 51
53 51
139 53
139 128
127 128
15 37
21 37
131 21
19 21
19 96
97 96
97 6
6 73
2 73
2 104
105 104
111 2
111 1
110 1
6 81
79 81
21 75
66 75
66 42
56 42
42 38
23
17 13
33 17
33 60
64 60
130 64
130 127
59 33
21 59
131 21
59 8
8 12
2 12
30 2
30 1
105 1
110 1
8 89
82 89
82 79
41 59
41 38
39 38
39 56
34
17 13
14 13
14 33
63 33
63 54
54 51
49 51
49 48
50 48
139 50
139 128
127 128
97 33
97 76
123 76
131 123
97 7
7 0
1 0
105 1
110 1
7 89
89 87
88 87
88 79
118 7
118 8
8 73
66 73
41 66
41 56
56 55
39 55
39 38
