3
28
110 1
1 104
105 104
28 1
28 11
8 11
10 1
113 10
8 12
9 12
119 9
119 93
93 23
119 120
57 120
57 40
40 38
93 59
59 101
101 33
63 33
63 125
65 125
64 65
140 64
14 33
15 14
35 15
35
110 1
27 1
27 2
2 104
105 104
27 11
11 3
12 3
8 12
10 2
113 10
7 12
97 7
97 96
95 96
95 23
24 11
24 73
75 73
66 75
66 40
40 38
97 59
128 59
128 126
127 126
130 127
130 63
63 125
69 125
53 69
140 53
63 37
15 37
35 15
28
110 1
105 1
30 1
30 11
9 11
118 9
118 8
118 10
113 10
9 97
97 96
95 96
95 23
95 22
22 18
20 18
66 20
66 42
42 38
20 14
14 32
35 32
37 32
65 37
65 125
65 54
64 54
140 64
