3
38
28 1
10 1
108 1
114 10
27 1
28 11
29 11
1 73
75 73
57 10
57 47
57 55
21 75
131 21
131 123
97 123
21 37
15 37
63 37
37 54
102 63
130 63
62 54
63 125
130 139
37 32
139 50
15 16
138 50
37 60
139 128
21 59
59 101
97 33
33 17
68 33
76 73
84 76
44
28 4
10 4
10 2
27 2
114 10
58 10
58 55
66 58
66 75
66 47
120 75
120 97
66 20
20 123
120 59
128 59
34 20
34 15
34 32
34 17
32 16
59 33
63 33
101 33
63 54
33 60
102 33
62 60
123 90
84 90
131 123
103 33
50 103
68 33
127 128
130 127
139 128
138 50
69 33
69 125
27 11
29 11
28 1
108 1
48
28 4
10 4
4 73
75 73
9 73
9 97
74 73
74 123
74 124
124 84
9 59
59 36
15 36
54 36
36 32
60 36
63 60
15 14
14 17
14 16
65 54
102 65
65 125
64 54
130 64
64 50
52 36
68 52
128 59
53 36
138 53
139 53
62 54
59 101
66 73
66 44
44 55
66 47
2 73
27 2
21 124
131 21
114 10
9 11
29 11
30 4
30 1
108 1
