3
21
115 10
10 4
109 4
4 73
74 73
74 91
76 91
124 91
94 124
58 10
58 55
46 55
46 43
94 59
128 59
139 128
139 50
50 48
49 48
49 51
15 51
27
115 10
10 2
109 2
2 0
8 0
119 8
119 99
94 99
94 124
124 76
57 10
57 40
40 43
57 61
58 61
94 23
23 18
21 18
135 21
135 20
20 14
14 16
15 16
15 36
53 36
140 53
140 50
28
115 10
10 4
109 4
4 0
6 0
119 6
119 98
94 98
97 94
133 97
133 124
124 84
84 76
6 73
66 73
39 66
39 43
66 58
120 6
120 20
34 20
34 32
32 16
16 13
15 13
36 32
52 36
50 52
