3
25
57 106
57 45
66 45
66 134
66 73
2 73
30 2
109 2
111 2
111 1
108 1
8 73
8 0
5 0
8 89
6 89
97 6
97 94
94 99
122 99
122 98
93 98
93 121
97 33
34 33
25
106 56
56 44
66 44
66 134
44 55
57 55
57 10
10 104
4 104
30 4
109 4
28 4
28 1
108 1
4 0
5 0
7 0
97 7
97 59
59 121
59 96
98 96
122 98
59 100
34 100
25
57 106
57 134
58 134
58 10
10 3
3 0
5 0
11 3
30 11
30 1
109 1
108 1
8 0
97 8
133 97
133 59
59 121
93 121
122 93
59 33
100 33
14 100
14 16
32 16
34 32
