3
26
88 10
116 10
107 116
107 24
24 73
1 73
109 1
8 73
119 8
119 99
99 96
19 96
19 21
135 21
75 99
66 75
66 44
67 44
67 42
59 96
59 101
101 33
102 33
102 65
102 63
129 63
27
78 88
78 86
10 86
116 10
107 116
107 26
26 11
27 11
27 2
109 2
9 11
119 9
119 93
93 22
22 18
21 18
135 21
57 10
57 42
67 42
93 59
128 59
139 128
139 50
64 50
129 64
64 65
32
88 79
79 81
6 81
6 12
2 12
30 2
30 4
109 4
28 4
28 11
24 11
107 24
107 116
120 6
120 20
135 20
57 120
39 57
39 55
42 55
46 55
46 67
20 14
14 13
17 13
33 17
33 60
65 60
62 60
62 54
64 54
129 64
