3
20
129 64
64 54
63 54
63 37
37 32
14 32
63 33
101 33
59 101
21 59
59 8
8 81
82 81
82 87
88 87
80 88
41 59
41 43
40 43
40 38
27
129 63
63 37
15 37
15 13
14 13
63 60
60 36
53 36
139 53
139 128
128 59
94 59
94 22
95 22
95 23
23 18
21 18
9 59
9 89
82 89
82 79
79 86
80 86
120 59
57 120
57 40
40 38
24
129 64
53 64
53 51
15 51
15 14
52 51
52 36
59 36
59 96
19 96
19 21
97 59
97 7
7 81
79 81
79 86
80 86
19 18
20 18
66 20
66 45
45 43
39 43
39 38
