3
44
7 12
118 7
7 89
118 6
118 9
9 0
4 0
10 4
114 10
28 4
28 11
25 11
25 73
75 73
75 99
94 99
94 22
95 22
22 18
97 94
133 97
133 124
124 91
91 85
66 75
41 66
41 57
57 45
45 43
40 43
94 59
59 101
59 36
54 36
62 54
62 60
65 60
65 125
53 36
37 60
140 53
140 50
139 50
130 139
33
8 12
118 8
8 89
6 12
8 0
2 0
10 2
114 10
97 6
97 76
76 92
92 85
97 96
95 96
95 23
23 18
133 97
97 59
41 59
41 57
57 45
57 40
59 100
100 33
37 33
37 60
62 60
63 60
63 125
52 60
53 52
130 63
59 101
44
9 12
118 9
9 89
9 81
6 81
9 0
9 73
1 73
10 1
114 10
9 97
97 123
123 92
92 85
124 92
133 124
97 94
94 22
95 22
22 18
93 22
93 120
57 120
57 61
46 61
46 67
67 45
46 43
40 43
41 57
21 18
21 37
37 54
62 54
54 51
53 51
63 54
63 125
53 64
130 64
64 50
50 103
103 33
101 33
