3
35
34 33
34 17
14 17
14 16
33 60
64 60
130 64
34 20
135 20
135 21
21 18
23 18
94 23
97 94
93 23
119 93
119 7
118 7
7 81
82 81
7 12
2 12
27 2
30 2
131 21
66 20
66 57
57 45
67 45
67 44
44 55
56 55
56 61
42 55
42 38
36
14 33
14 13
16 13
102 33
102 63
130 63
130 127
127 126
128 126
128 59
59 96
95 96
95 22
94 22
97 96
59 8
118 8
8 89
82 89
8 0
4 0
30 4
4 104
1 104
27 1
94 124
124 123
131 123
41 59
41 38
41 57
39 38
39 56
56 61
39 55
44 55
31
33 17
17 13
16 13
33 60
65 60
64 65
130 64
97 33
120 97
93 120
93 99
94 99
97 6
118 6
6 89
89 87
82 87
6 0
2 0
30 2
27 2
94 22
22 18
21 18
131 21
57 120
57 61
56 61
56 44
42 61
42 38
