3
23
112 1
105 1
105 104
2 104
2 73
24 73
107 24
8 73
97 8
66 73
66 47
47 43
39 43
97 59
59 36
53 36
53 136
36 32
35 32
32 16
14 16
139 53
130 139
25
112 1
31 1
31 11
25 11
107 25
31 4
4 73
76 73
97 76
75 73
66 75
66 42
42 55
39 55
21 75
21 37
37 54
64 54
64 50
50 136
15 37
15 14
35 15
139 50
130 139
28
112 1
28 1
28 11
24 11
107 24
7 11
97 7
1 73
66 73
66 40
40 43
39 43
59 7
59 100
34 100
34 32
35 32
34 17
14 17
32 16
15 16
15 36
49 36
49 51
53 51
53 136
53 64
130 64
