3
20
57 120
57 10
57 42
57 45
67 42
56 42
120 6
6 73
76 73
76 92
10 3
11 3
29 11
120 59
59 36
49 36
53 36
53 136
53 69
69 125
24
120 75
75 73
66 75
66 42
66 45
67 45
4 73
10 4
41 66
41 56
120 97
97 123
123 92
97 33
63 33
63 125
33 60
52 60
49 52
50 52
50 136
25 73
25 11
29 11
25
119 120
119 9
9 73
118 9
118 10
74 73
74 124
124 92
66 73
66 44
67 44
56 44
66 45
66 42
21 124
21 37
65 37
65 125
37 54
54 51
49 51
53 51
53 136
9 11
29 11
