3
28
120 20
93 120
93 98
120 59
119 120
119 9
9 81
8 81
8 73
26 73
107 26
79 81
88 79
78 88
80 88
59 76
76 92
92 85
85 83
84 83
20 14
14 32
35 32
37 32
37 60
63 60
130 63
130 127
29
20 18
19 18
19 96
98 96
59 96
19 21
131 21
131 123
123 90
84 90
119 98
119 6
6 73
24 73
107 24
6 81
82 81
82 87
88 87
78 88
80 88
59 36
60 36
63 60
15 36
35 15
64 60
130 64
130 127
34
21 20
21 59
94 59
94 98
21 124
124 90
90 85
84 85
59 7
7 12
12 3
11 3
24 11
107 24
7 81
82 81
82 79
79 86
78 86
80 86
34 20
34 15
35 15
15 16
32 16
36 32
52 36
69 52
69 63
52 60
50 52
139 50
139 128
127 128
