3
60
80 88
88 79
88 87
89 87
8 89
9 89
118 8
88 10
58 10
113 10
58 61
56 61
56 44
39 56
39 38
40 38
59 8
133 59
59 121
128 59
128 126
127 128
10 1
111 1
28 1
105 1
108 1
59 33
63 33
37 33
14 33
63 125
37 32
65 37
14 13
33 17
34 33
129 63
15 37
57 10
57 45
119 8
119 98
75 98
8 11
29 11
25 11
33 60
62 60
52 60
50 52
140 50
103 33
137 103
94 59
94 23
8 0
5 0
59 96
19 96
70
80 86
79 86
80 88
10 86
118 10
118 9
82 79
82 89
10 4
28 4
111 4
113 10
9 97
133 97
97 8
9 73
25 73
75 73
66 73
66 45
66 44
39 66
66 58
66 40
21 75
19 21
21 37
63 37
66 20
34 20
20 14
34 15
34 17
15 13
34 32
41 66
41 56
41 38
130 63
130 127
127 126
69 63
69 52
69 125
50 69
65 125
97 94
94 98
130 64
140 64
129 64
37 54
62 54
50 136
137 136
93 98
93 121
93 23
10 104
105 104
66 42
42 61
130 139
139 128
9 0
5 0
1 73
108 1
9 11
29 11
70
80 77
79 77
78 77
78 88
79 81
9 81
8 81
7 81
7 89
118 7
7 11
28 11
25 11
9 59
59 100
34 100
14 100
15 14
14 17
14 32
17 13
15 37
120 59
120 75
128 59
63 37
57 120
57 40
57 61
39 57
128 126
63 125
57 42
56 42
42 38
57 134
58 134
57 45
133 59
127 128
59 121
75 98
129 63
57 55
44 55
59 36
52 36
65 37
53 36
140 53
50 52
53 136
137 136
93 59
93 23
23 18
19 18
37 60
62 60
10 77
10 2
111 2
2 104
105 104
113 10
29 11
1 104
108 1
7 0
5 0
