3
63
7 81
79 81
9 81
7 11
7 89
7 12
11 3
6 81
24 11
89 87
120 6
30 11
93 120
25 11
93 99
122 93
30 1
99 96
105 1
112 1
111 1
110 1
95 96
57 120
57 55
57 40
57 42
46 55
56 55
67 42
39 57
57 134
58 55
40 38
40 43
120 20
135 20
34 20
21 20
34 15
35 15
15 36
15 13
60 36
53 36
140 53
53 69
138 53
140 50
102 69
50 103
21 124
124 84
132 124
124 91
74 124
88 79
78 88
10 3
115 10
59 7
128 59
127 128
73
82 81
82 87
82 89
82 79
9 89
6 89
9 11
9 12
12 3
79 77
78 77
9 73
74 73
7 73
74 91
24 73
1 73
25 73
119 9
119 99
119 93
122 99
119 120
74 123
132 123
110 1
112 1
93 22
95 22
105 1
76 73
84 76
66 73
39 66
66 40
66 58
66 42
39 38
39 55
66 134
39 56
39 43
46 43
46 67
2 12
111 2
30 2
9 59
21 59
59 96
135 21
59 36
59 33
103 33
102 33
33 60
34 33
69 33
50 69
138 50
36 32
35 32
64 60
140 64
53 64
130 64
130 127
21 37
15 37
14 33
14 13
10 77
115 10
75
7 81
8 81
8 11
8 89
8 12
6 12
59 8
93 59
120 59
9 81
59 76
76 91
94 59
94 99
41 59
41 38
41 56
42 38
41 43
42 55
59 36
56 61
46 61
58 61
58 134
53 36
40 38
15 36
60 36
52 36
69 52
50 52
138 53
35 15
65 60
102 65
93 23
95 23
25 11
7 0
1 0
3 0
21 59
140 53
122 93
50 103
15 13
1 104
105 104
4 0
111 4
30 4
39 38
56 44
67 44
74 91
79 81
97 7
97 96
59 100
34 100
84 76
79 86
78 86
135 21
89 87
24 11
59 123
132 123
128 59
127 128
112 1
110 1
58 10
115 10
