3
21
78 88
88 87
82 87
88 10
10 1
108 1
111 1
1 73
75 73
9 73
9 59
133 59
94 59
94 23
59 33
69 33
63 33
130 63
76 73
76 92
92 85
25
78 86
79 86
82 79
10 86
10 4
111 4
79 81
6 81
59 6
97 6
133 97
93 59
93 23
120 6
120 75
59 36
53 36
53 69
139 53
130 139
59 76
76 90
90 85
10 1
108 1
24
78 77
79 77
82 79
10 77
10 2
111 2
82 89
8 89
59 8
133 59
21 59
21 75
21 18
23 18
21 37
63 37
69 63
130 63
59 123
123 91
91 85
10 104
1 104
108 1
