3
33
80 86
10 86
114 10
10 1
105 1
105 104
2 104
2 12
8 12
119 8
119 98
94 98
94 124
124 92
75 98
66 75
66 40
40 38
41 66
40 43
44 43
57 40
57 106
124 123
20 123
34 20
34 32
37 32
37 60
64 60
64 50
50 136
137 136
23
80 77
10 77
114 10
80 88
88 87
89 87
6 89
119 6
97 6
97 76
76 92
133 97
133 59
41 59
41 38
42 38
56 42
56 44
106 56
59 100
100 33
103 33
137 103
31
80 88
88 10
114 10
118 10
118 7
119 7
97 7
97 123
123 92
92 85
90 85
124 90
21 124
21 20
66 20
39 66
39 38
39 43
44 43
41 66
39 57
57 106
20 14
14 33
33 60
52 60
49 52
49 48
50 48
50 103
137 103
