3
48
4 104
105 104
28 4
111 4
111 1
112 1
4 0
10 104
114 10
6 0
6 81
9 81
9 89
88 10
78 88
78 86
110 1
120 6
120 97
93 120
122 93
93 23
23 18
133 97
133 124
124 123
57 10
57 40
57 47
133 59
59 101
128 59
127 128
130 127
130 63
63 125
69 125
65 125
65 54
54 51
49 51
49 48
50 48
138 50
50 136
63 37
37 33
100 33
51
109 4
109 1
105 1
1 104
28 4
112 1
109 2
2 0
7 0
7 81
7 89
10 4
114 10
82 89
82 87
88 87
80 88
80 86
110 1
97 7
97 96
99 96
122 99
19 96
19 18
120 97
97 123
58 10
58 61
42 61
42 43
40 43
47 43
97 33
69 33
102 69
102 65
65 54
54 36
49 36
49 51
53 69
138 53
53 136
37 54
34 33
34 100
101 33
64 54
130 64
130 127
57
4 104
105 104
30 4
30 1
28 1
112 1
30 11
11 3
3 0
9 11
9 81
8 81
8 89
10 104
114 10
82 81
82 79
79 86
88 79
110 1
9 97
97 94
94 99
122 99
94 22
22 18
75 99
120 75
97 76
76 90
123 90
66 75
66 40
66 47
21 18
21 37
65 37
65 60
62 60
62 54
102 65
102 69
69 52
49 52
49 51
64 60
64 50
138 50
50 136
37 33
14 33
14 100
139 50
139 128
128 126
127 126
101 33
