3
23
50 103
140 50
140 53
53 69
53 36
15 36
35 15
15 14
14 100
59 100
59 7
7 11
28 11
28 1
1 104
7 81
79 81
88 79
78 88
78 86
41 59
41 57
57 42
26
137 103
137 136
53 136
53 64
64 54
65 54
65 125
69 125
53 51
15 51
35 15
15 16
16 13
17 13
33 17
59 33
9 59
9 0
1 0
105 1
105 104
10 1
10 86
58 10
66 58
66 42
25
50 103
50 69
69 52
52 51
49 51
49 36
36 32
35 32
34 32
34 33
101 33
59 101
97 59
9 97
9 73
2 73
2 104
10 2
10 77
78 77
78 86
66 73
66 45
67 45
67 42
