3
26
34 33
14 33
103 33
102 33
50 103
102 65
50 48
65 125
59 33
94 59
94 22
94 124
41 59
41 56
41 38
40 38
41 57
57 134
57 10
10 77
10 1
30 1
79 77
82 79
1 73
26 73
33
34 17
14 17
33 17
103 33
102 33
97 33
97 94
69 33
69 125
50 69
94 22
50 48
33 60
65 60
133 97
133 124
34 20
66 20
66 40
66 134
66 44
56 44
39 66
39 38
97 7
7 11
26 11
30 11
7 89
82 89
66 58
58 10
10 77
35
34 100
14 100
100 33
63 33
102 63
63 125
37 33
65 37
21 37
21 124
64 65
64 50
21 18
22 18
50 103
94 124
50 52
49 52
49 48
21 75
66 75
66 42
42 38
56 42
66 134
66 40
75 73
26 73
4 73
30 4
9 73
9 81
82 81
79 81
79 77
