3
34
57 61
41 57
57 47
57 120
120 6
120 97
57 10
10 86
10 1
112 1
120 20
20 14
14 13
97 123
131 123
124 123
123 91
97 96
19 96
98 96
6 73
25 73
93 120
93 23
46 61
46 67
97 33
102 33
63 33
130 63
130 139
139 53
138 53
53 136
39
56 61
41 56
57 61
41 59
97 59
59 6
94 59
94 98
94 124
94 23
124 91
59 100
14 100
42 61
67 42
128 59
139 128
21 59
131 21
19 21
139 50
50 136
138 50
127 128
130 127
50 69
102 69
41 43
47 43
14 13
6 0
1 0
112 1
6 81
79 81
79 86
59 8
8 11
25 11
39
58 61
66 58
41 66
66 47
66 57
66 75
75 98
66 73
1 73
66 44
67 44
9 73
9 97
97 6
25 73
21 75
21 124
76 73
76 91
131 21
19 21
21 18
23 18
58 10
10 86
66 20
20 14
15 14
15 13
21 37
65 37
102 65
64 65
130 64
130 139
53 64
138 53
53 136
112 1
