3
41
108 1
111 1
111 2
111 4
1 73
7 73
7 81
79 81
79 77
80 77
80 86
7 12
9 12
119 9
119 93
93 22
95 22
93 98
122 98
119 120
95 23
94 23
94 124
124 76
66 73
66 134
58 134
39 66
39 38
93 59
59 36
54 36
53 36
140 53
138 53
140 50
50 48
63 54
63 125
52 36
68 52
36
108 1
109 1
109 4
109 2
4 73
10 1
10 86
6 73
119 6
119 99
93 99
93 22
95 22
122 99
93 120
76 73
57 120
57 134
58 134
57 45
45 43
40 43
40 38
120 59
59 33
68 33
102 33
102 69
69 125
65 125
64 65
140 64
64 54
64 50
138 50
50 48
46
108 1
27 1
27 2
30 2
30 4
27 11
26 11
26 73
10 2
10 77
78 77
78 86
8 11
119 8
119 98
98 96
95 96
122 98
75 98
120 75
21 75
131 21
131 123
123 76
66 73
66 58
41 66
41 38
21 59
59 100
34 100
34 17
33 17
68 33
33 60
62 60
62 54
64 60
140 64
63 60
63 125
140 53
138 53
60 36
49 36
49 48
