3
18
58 55
56 55
41 56
41 59
21 59
21 124
124 84
59 7
7 89
89 87
7 12
2 12
109 2
109 4
28 4
21 37
37 60
63 60
24
58 55
42 55
66 42
66 20
20 123
124 123
124 84
124 76
76 73
26 73
26 11
28 11
8 73
8 12
6 12
6 89
82 89
82 87
34 20
34 33
33 60
62 60
62 54
63 54
28
58 134
66 134
66 75
75 73
4 73
28 4
9 73
9 81
82 81
82 87
74 73
74 91
91 85
85 83
84 83
74 91
124 91
133 124
133 59
59 100
100 33
103 33
50 103
50 69
69 125
63 125
65 125
65 60
