3
25
15 14
14 100
100 33
63 33
129 63
130 63
34 15
34 20
20 123
123 76
21 20
21 75
120 75
119 120
119 6
118 6
118 8
8 11
30 11
30 4
4 104
10 104
10 86
80 86
57 120
19
15 37
63 37
129 63
129 64
130 64
130 127
127 128
128 59
59 8
8 0
2 0
30 2
10 2
10 77
80 77
80 86
59 76
41 59
41 57
30
35 15
35 32
37 32
65 37
102 65
102 63
129 63
69 63
53 69
139 53
130 139
37 33
97 33
97 123
123 76
97 7
7 81
8 81
7 73
2 73
30 2
109 2
109 1
10 1
88 10
80 88
78 88
78 86
66 73
66 57
