3
25
93 98
93 120
119 120
119 6
6 89
8 89
8 73
24 73
107 24
107 116
57 120
39 57
39 43
44 43
93 59
59 100
14 100
14 32
37 32
37 54
54 51
52 51
65 54
64 65
130 64
23
93 98
93 121
59 121
59 7
118 7
118 8
118 10
116 10
41 59
41 38
39 38
39 43
44 43
93 23
23 18
19 18
19 21
21 37
37 60
52 60
50 52
139 50
130 139
26
119 98
119 8
8 0
3 0
11 3
27 11
27 2
2 104
10 104
116 10
57 10
39 57
39 56
56 44
56 42
42 43
122 98
122 99
94 99
94 59
59 36
52 36
69 52
69 125
63 125
130 63
