3
26
82 81
7 81
7 0
1 0
111 1
111 2
27 2
112 1
118 7
118 9
9 97
133 97
133 124
132 124
97 96
120 97
57 120
41 57
41 56
97 59
59 100
100 33
68 33
68 52
52 36
54 36
29
82 89
6 89
6 0
4 0
109 4
109 2
27 2
109 1
112 1
4 73
75 73
75 99
99 96
122 99
122 98
94 98
94 124
132 124
66 75
41 66
41 56
94 59
59 33
33 60
62 60
62 54
60 36
14 33
14 100
28
82 87
89 87
9 89
9 73
2 73
27 2
111 2
111 1
112 1
76 73
76 91
123 91
132 123
131 123
131 21
21 18
19 18
19 96
66 73
41 66
41 56
21 20
20 14
15 14
34 15
34 100
15 36
54 36
