3
25
27 1
1 73
4 73
10 1
118 10
66 73
66 47
66 40
9 73
9 97
97 94
94 99
97 33
102 33
76 73
76 92
33 60
62 60
52 60
69 33
69 125
9 59
128 59
63 33
129 63
28
27 2
2 73
2 0
4 0
7 73
118 7
97 7
75 73
75 99
59 7
94 59
97 123
123 92
128 59
59 36
52 36
54 36
62 54
69 52
102 69
64 54
129 64
65 54
65 125
10 2
57 10
57 47
57 40
30
27 11
30 11
30 4
9 11
118 9
8 11
97 8
8 73
119 9
119 99
97 94
94 124
124 92
59 8
41 59
41 43
47 43
40 43
59 33
68 33
68 52
102 33
102 63
63 125
129 63
63 54
62 54
53 52
139 53
139 128
