3
24
14 33
102 33
102 63
130 63
14 100
20 14
135 20
120 20
120 75
75 99
120 97
9 97
9 12
9 0
9 81
79 81
79 77
10 77
115 10
66 20
66 45
67 45
45 43
41 43
36
14 17
33 17
69 33
102 69
102 65
65 54
64 54
130 64
100 33
14 16
15 16
34 15
34 20
135 20
135 21
21 75
75 98
122 98
122 99
119 98
119 9
9 12
7 12
7 0
9 89
82 89
82 79
79 86
10 86
115 10
57 10
41 57
57 47
47 43
44 43
67 44
36
14 33
68 33
68 52
49 52
49 51
53 51
139 53
130 139
14 32
34 32
34 100
59 100
93 59
122 93
122 99
75 99
59 6
6 12
8 12
118 8
118 9
8 0
6 89
89 87
82 87
82 79
21 59
135 21
1 0
1 104
10 104
115 10
41 59
41 38
42 38
67 42
