3
22
127 126
130 127
130 63
63 54
65 54
128 126
128 59
94 59
94 124
124 90
59 6
6 81
79 81
79 86
78 86
78 77
6 73
66 73
41 66
41 43
42 43
42 38
31
128 126
139 128
139 50
64 50
64 65
138 50
138 53
53 69
69 63
63 33
34 33
34 100
59 100
133 59
133 124
124 90
97 59
97 8
8 89
89 87
88 87
78 88
78 77
10 77
57 10
66 57
66 44
44 43
56 44
39 56
39 38
25
127 126
130 127
130 64
64 60
65 60
140 64
140 50
50 103
103 33
97 33
97 123
123 90
9 97
9 81
79 81
79 77
80 77
80 86
10 86
58 10
66 58
66 44
44 43
40 43
40 38
