3
27
107 25
25 11
31 11
107 116
116 10
88 10
88 79
25 73
7 73
119 7
119 93
122 93
122 99
94 99
94 22
22 18
21 18
21 37
63 37
69 63
50 69
50 103
137 103
63 125
50 48
49 48
49 51
25
107 26
26 73
4 73
31 4
4 104
10 104
10 86
79 86
116 10
8 73
119 8
119 98
122 98
122 93
93 59
59 33
103 33
137 103
137 136
53 136
53 69
69 125
53 52
49 52
49 51
27
107 24
24 11
27 11
27 1
31 1
107 116
10 1
10 77
79 77
9 11
119 9
119 99
93 99
93 121
59 121
59 100
34 100
34 17
33 17
69 33
69 125
65 125
65 54
54 51
50 69
50 136
137 136
