3
23
21 18
21 124
135 21
124 90
22 18
95 22
21 59
9 59
93 22
122 93
21 37
63 37
130 63
37 54
54 51
118 9
118 10
113 10
116 10
10 1
110 1
57 10
57 45
27
23 18
95 23
20 18
135 20
94 23
94 124
66 20
66 45
20 123
123 90
94 98
122 98
97 94
9 97
34 20
34 15
15 51
53 51
53 64
130 64
66 58
58 10
113 10
116 10
66 73
1 73
110 1
33
19 18
19 96
95 96
99 96
122 99
119 99
119 9
97 96
97 76
76 90
124 76
19 21
135 21
59 96
59 36
52 36
52 51
41 59
41 43
45 43
128 59
127 128
130 127
9 11
26 11
107 26
107 116
9 0
1 0
110 1
11 3
10 3
113 10
