3
22
42 55
39 55
39 57
57 120
93 120
93 23
94 23
97 94
97 6
6 73
25 73
6 89
89 87
88 87
80 88
93 99
75 99
21 75
135 21
135 20
34 20
34 32
23
56 42
39 56
39 38
41 38
41 59
59 96
95 96
95 23
59 8
8 11
25 11
31 11
31 4
10 4
10 86
80 86
128 59
139 128
139 53
53 51
15 51
15 16
32 16
24
66 42
66 20
120 20
120 75
75 98
94 98
94 22
95 22
95 23
75 73
24 73
107 24
107 25
107 116
116 10
88 10
78 88
78 77
80 77
120 59
59 101
101 33
34 33
34 32
