3
19
52 60
62 60
62 54
52 36
36 32
35 32
35 15
50 52
139 50
139 128
127 128
52 36
59 36
59 96
98 96
94 98
75 98
66 75
41 66
27
52 51
54 51
65 54
102 65
102 69
69 33
33 17
17 13
15 13
53 52
139 53
130 139
130 127
69 52
69 33
59 33
59 121
93 121
93 98
122 98
122 99
94 99
94 23
23 18
20 18
66 20
41 66
20
52 60
62 60
62 54
49 52
49 51
15 51
52 60
65 60
65 125
63 125
130 63
130 139
139 128
127 128
68 52
68 33
100 33
59 100
94 59
41 59
