3
31
79 86
10 86
114 10
79 81
6 81
97 6
97 94
94 22
97 123
131 123
97 59
59 36
49 36
49 48
50 48
138 50
140 50
49 52
69 52
102 69
102 63
63 54
37 54
15 37
15 16
14 16
14 32
54 36
64 54
130 64
130 127
26
79 77
10 77
114 10
118 10
118 8
97 8
97 96
95 96
95 22
133 97
133 59
21 59
131 21
128 59
127 128
139 128
139 50
140 50
140 53
138 53
53 69
53 52
68 52
68 33
14 33
14 32
31
88 79
88 10
114 10
10 3
12 3
9 12
119 9
119 93
93 22
22 18
21 18
131 21
94 22
94 59
59 33
37 33
37 54
64 54
140 64
65 54
65 125
69 125
53 64
138 53
100 33
34 100
34 32
65 54
64 65
130 64
130 127
