3
41
63 125
129 63
69 125
53 69
53 51
49 51
53 136
137 136
65 125
65 37
37 33
15 37
35 15
69 125
53 69
53 51
49 51
49 36
36 32
34 32
34 20
20 18
23 18
94 23
94 99
75 99
97 94
97 76
119 99
119 9
9 11
27 11
27 1
1 104
10 104
116 10
66 20
41 66
41 38
66 134
58 134
41
63 125
129 63
69 63
69 52
49 52
49 48
50 48
50 136
137 136
63 33
14 33
14 13
16 13
32 16
35 32
63 125
69 63
50 69
139 50
139 128
128 59
97 59
120 59
120 75
133 97
133 124
124 76
9 59
9 12
12 3
11 3
26 11
107 26
107 116
116 10
41 59
41 66
66 58
41 56
39 56
39 38
38
65 125
64 65
129 64
53 64
53 52
49 52
49 48
50 48
50 103
137 103
103 33
33 17
14 17
14 16
15 16
35 15
69 125
69 33
101 33
59 101
59 96
98 96
75 98
97 96
94 98
94 124
124 92
76 92
9 97
118 9
118 10
116 10
66 75
66 58
66 44
44 55
39 55
39 38
