3
21
42 43
47 43
42 43
47 43
66 47
66 73
7 73
76 73
76 91
124 91
21 124
123 76
20 123
34 20
34 33
68 33
68 52
50 52
64 50
64 65
65 54
25
67 42
46 67
46 43
47 43
57 42
57 10
116 10
107 116
107 24
24 73
9 73
118 9
118 7
118 6
59 6
21 59
21 20
20 14
15 14
15 51
52 51
50 52
50 69
69 63
63 54
23
42 55
57 55
57 47
42 61
58 61
58 10
118 10
118 7
118 8
8 73
74 73
74 123
131 123
131 21
74 123
59 123
59 101
101 33
33 60
52 60
50 52
62 60
62 54
