3
22
98 96
95 96
95 23
23 18
59 96
59 123
123 90
90 85
59 8
8 73
26 73
120 59
57 120
66 57
66 44
20 18
34 20
34 15
15 51
49 51
49 48
50 48
24
119 98
119 9
9 73
26 73
76 73
76 90
84 90
84 85
93 98
93 23
23 18
122 98
122 99
75 99
66 75
66 44
59 76
128 59
127 128
130 127
130 139
139 53
138 53
138 50
23
98 96
97 96
97 76
84 76
84 85
97 7
7 73
25 73
107 25
107 26
94 98
94 22
22 18
123 76
20 123
66 20
66 44
97 59
59 101
101 33
33 60
52 60
50 52
