3
17
49 48
49 36
15 36
15 13
14 13
14 17
49 48
49 36
59 36
59 121
93 121
119 93
119 6
41 59
41 38
42 38
67 42
31
50 48
138 50
138 53
53 36
36 32
32 16
16 13
17 13
50 48
64 50
129 64
129 63
63 33
59 33
94 59
94 23
93 23
59 7
7 12
6 12
7 81
82 81
82 87
88 87
78 88
78 77
10 77
58 10
66 58
66 44
67 44
29
49 48
49 51
54 51
62 54
62 60
65 60
65 37
37 32
14 32
14 17
49 48
49 51
54 51
62 54
62 60
65 60
65 37
37 32
14 32
14 100
59 100
93 59
93 120
120 6
57 120
41 57
41 43
44 43
67 44
