3
26
88 10
117 10
10 2
111 2
111 4
31 4
31 11
8 11
8 81
82 81
82 87
88 10
10 2
111 2
111 4
31 4
31 11
8 11
59 8
59 100
14 100
15 14
15 51
52 51
50 52
140 50
25
80 88
80 86
10 86
117 10
10 104
2 104
2 12
8 12
8 81
9 12
9 89
89 87
80 88
80 86
10 86
10 104
2 104
2 12
6 12
59 6
59 33
33 60
52 60
50 52
140 50
23
78 88
78 77
10 77
117 10
116 10
107 116
107 26
26 11
9 11
9 81
9 89
82 89
82 87
88 79
79 81
6 81
59 6
59 101
101 33
33 60
52 60
50 52
140 50
