3
28
64 65
53 64
138 53
138 50
50 136
102 65
102 33
14 33
14 16
102 65
102 33
14 33
20 14
20 18
23 18
94 23
94 98
75 98
75 73
2 73
27 2
30 2
30 1
10 1
117 10
66 20
66 134
57 134
27
64 65
140 64
140 53
64 50
50 136
65 60
37 60
15 37
15 16
65 60
60 36
59 36
93 59
93 98
119 93
119 8
8 12
12 3
11 3
27 11
10 3
117 10
41 59
41 66
66 134
66 47
57 47
32
64 65
65 125
69 125
53 69
138 53
138 50
50 136
65 37
37 32
32 16
65 37
37 33
59 33
59 121
93 121
93 98
59 7
7 11
30 11
30 1
27 1
118 7
118 10
117 10
122 93
122 99
75 99
66 75
66 134
58 134
58 61
57 61
