3
31
80 86
78 86
10 86
117 10
116 10
107 116
107 24
24 11
30 11
30 4
4 0
7 0
8 0
24 73
75 73
75 99
94 99
94 124
124 123
74 123
57 10
57 106
39 57
39 66
99 96
97 96
97 33
33 60
65 60
65 125
62 60
33
80 86
78 86
80 77
10 77
117 10
10 4
109 4
109 1
1 0
7 0
9 0
118 9
118 8
119 7
119 98
94 98
75 98
97 94
97 123
123 91
74 91
58 10
66 58
66 57
57 106
20 123
34 20
34 33
69 33
69 125
63 125
63 54
62 54
36
80 77
78 77
78 88
88 10
117 10
10 2
109 2
109 4
2 12
7 12
8 12
6 12
120 6
120 75
93 120
93 23
95 23
95 22
94 22
94 59
59 123
74 123
57 120
57 106
57 42
66 42
120 75
21 75
21 20
20 14
15 14
15 36
60 36
63 60
63 125
62 60
