3
21
5 0
7 0
7 81
79 81
79 77
119 7
119 98
94 98
94 124
124 76
119 120
120 20
20 14
14 17
14 32
37 32
37 54
54 36
52 36
53 52
138 53
30
5 0
8 0
8 89
82 89
82 87
88 87
80 88
80 77
1 0
1 73
75 73
75 98
6 89
97 6
133 97
133 124
124 92
76 92
93 98
93 23
23 18
20 18
34 20
34 17
14 17
14 16
15 16
15 36
53 36
138 53
26
5 0
6 0
6 81
82 81
82 79
79 86
80 86
80 77
118 6
118 9
9 97
97 96
98 96
97 76
5 0
6 0
59 6
128 59
127 128
130 127
130 63
63 33
33 17
69 63
50 69
138 50
