3
28
84 83
85 83
92 85
76 92
76 73
25 73
25 11
29 11
31 11
31 4
10 4
113 10
9 73
9 81
7 81
59 7
41 59
41 38
42 38
67 42
84 83
85 83
91 85
123 91
20 123
20 14
15 14
35 15
26
84 85
91 85
74 91
74 73
26 73
26 11
29 11
27 11
27 2
2 104
10 104
113 10
27 2
2 0
8 0
119 8
119 120
120 20
66 20
66 45
67 45
97 8
97 33
34 33
34 32
35 32
22
84 76
97 76
97 7
7 11
29 11
7 89
89 87
88 87
88 10
113 10
57 10
41 57
41 56
56 44
67 44
97 59
59 33
33 60
52 60
52 51
15 51
35 15
