3
22
94 22
95 22
95 96
98 96
93 98
119 93
119 9
9 12
9 89
2 12
111 2
111 1
112 1
82 89
82 79
79 86
94 59
59 36
60 36
63 60
129 63
69 63
25
97 94
97 8
8 12
8 89
12 3
11 3
31 11
31 1
112 1
109 1
109 2
10 2
10 77
80 77
80 86
97 59
59 100
34 100
34 15
15 51
54 51
64 54
129 64
53 51
53 69
24
97 94
97 7
7 12
7 89
7 0
4 0
4 104
1 104
112 1
118 7
118 10
88 10
80 88
80 86
94 23
23 18
19 18
19 21
21 37
37 54
64 54
129 64
129 63
69 63
