3
22
53 52
140 53
49 52
49 36
54 36
62 54
62 60
37 60
15 37
15 16
14 16
20 14
120 20
119 120
119 9
9 81
9 11
29 11
93 120
93 99
99 96
95 96
21
53 52
140 53
69 52
69 125
63 125
63 37
37 32
34 32
34 20
20 18
22 18
93 22
93 120
120 6
6 81
95 22
8 81
8 11
29 11
122 93
122 99
25
52 51
53 51
140 53
52 51
53 51
53 64
129 64
129 63
130 63
130 139
139 128
128 59
120 59
120 75
75 98
119 98
119 6
6 81
7 81
7 11
29 11
122 98
122 99
98 96
95 96
