3
57
40 38
39 38
39 55
66 40
40 38
66 40
66 73
8 73
8 89
24 73
107 24
107 25
107 26
24 11
27 11
27 1
110 1
89 87
105 1
105 104
10 104
115 10
88 10
80 88
9 89
119 9
119 99
122 99
122 98
99 96
19 96
19 18
19 21
131 21
21 124
132 124
124 84
84 83
122 93
93 121
8 73
97 8
97 33
33 17
17 13
16 13
15 13
34 17
103 33
50 103
138 50
138 53
140 53
140 64
63 33
130 63
130 127
61
40 38
40 43
46 43
46 55
47 43
66 47
39 38
39 57
57 10
115 10
116 10
107 116
107 25
107 26
26 11
31 11
31 1
27 1
110 1
25 73
9 73
118 9
118 8
118 6
6 89
82 89
82 87
10 86
80 86
75 73
75 98
98 96
19 96
19 18
21 18
131 21
131 123
132 123
123 91
91 85
85 83
59 6
59 121
118 10
118 6
59 6
59 33
33 60
64 60
53 64
138 53
33 17
14 17
14 16
15 16
34 17
37 33
65 37
64 65
130 64
130 127
66
40 38
57 40
57 55
57 134
66 134
39 38
39 55
58 55
58 10
115 10
10 1
27 1
110 1
1 73
26 73
26 11
25 11
107 26
8 11
8 89
89 87
88 10
80 88
8 12
6 12
119 6
119 98
93 98
93 23
23 18
21 18
21 124
132 124
124 76
84 76
84 83
124 123
131 123
93 121
10 2
2 12
6 12
97 6
97 59
59 101
101 33
103 33
50 103
138 50
64 50
50 48
49 48
49 51
53 51
100 33
14 100
14 16
14 32
35 32
35 15
34 100
103 33
50 103
139 50
139 128
127 128
