3
32
78 86
78 88
88 87
82 87
82 89
6 89
7 89
7 12
8 12
8 0
4 0
109 4
109 1
120 6
57 120
57 42
78 86
78 88
88 87
82 87
82 89
7 89
97 7
133 97
133 59
59 36
53 36
138 53
53 36
139 53
139 128
128 126
29
79 86
79 81
6 81
9 81
9 11
28 11
28 1
9 97
120 97
120 75
66 75
66 42
9 59
59 100
14 100
14 32
36 32
53 36
49 36
49 48
50 48
138 50
14 100
14 32
37 32
63 37
130 63
130 127
127 126
17
10 86
10 104
1 104
2 104
2 73
6 73
76 73
123 76
20 123
66 20
66 42
59 76
128 59
128 126
139 128
139 53
138 53
