3
26
138 50
50 48
49 48
49 36
36 32
34 32
34 100
59 100
59 6
6 0
3 0
10 3
10 77
79 77
82 79
82 87
2 0
109 2
109 1
108 1
30 1
30 11
24 11
107 24
94 59
94 23
27
138 50
140 50
140 64
64 54
37 54
21 37
21 18
22 18
95 22
95 96
98 96
119 98
119 6
6 0
3 0
10 3
10 77
79 77
82 79
82 87
11 3
25 11
107 25
28 11
28 1
108 1
95 23
30
138 50
50 69
69 63
63 37
37 32
32 16
16 13
14 13
20 14
21 20
21 75
75 73
25 73
25 11
11 3
10 3
10 77
79 77
82 79
82 87
107 25
4 73
30 4
30 1
108 1
75 99
93 99
93 22
95 22
95 23
