3
23
135 21
19 21
19 18
23 18
95 23
95 22
93 23
93 98
75 98
120 75
119 120
119 7
7 12
2 12
2 104
135 20
34 20
34 33
33 60
52 60
53 52
53 69
69 125
19
135 20
120 20
119 120
119 6
6 73
4 73
4 104
120 97
97 94
94 22
135 21
21 37
15 37
15 51
52 51
53 51
53 69
69 63
63 125
26
135 20
20 123
123 91
76 91
97 76
120 97
124 91
94 124
94 23
95 23
95 22
74 123
74 73
26 73
26 11
28 11
28 4
4 104
135 20
20 14
15 14
15 51
52 51
54 51
65 54
65 125
