3
20
75 99
122 99
122 93
93 59
133 59
119 99
119 9
9 11
29 11
9 89
89 87
21 75
21 37
37 60
65 37
64 65
64 50
139 50
139 128
128 126
21
120 75
120 97
133 97
120 59
97 7
7 11
29 11
7 81
82 81
82 87
120 75
120 97
97 33
33 60
102 33
102 63
129 63
129 64
130 64
130 127
127 126
25
75 98
94 98
94 59
133 59
97 94
97 8
8 11
29 11
8 89
89 87
75 98
94 98
94 59
59 100
100 33
102 33
102 65
65 60
34 100
34 33
69 33
53 69
139 53
139 128
128 126
