3
32
114 10
118 10
118 8
119 8
119 99
122 99
122 93
94 99
97 94
97 123
132 123
123 76
93 23
23 18
20 18
114 10
58 10
66 58
66 44
67 44
56 44
56 61
114 10
118 10
118 6
97 6
97 33
33 60
64 60
64 50
139 50
130 139
28
114 10
10 2
2 73
76 73
124 76
132 124
94 124
94 99
93 99
124 123
20 123
66 73
66 45
67 45
46 67
46 61
114 10
10 2
2 12
9 12
9 59
59 101
101 33
33 60
64 60
140 64
140 50
130 64
38
114 10
10 104
1 104
1 73
74 73
74 123
132 123
123 92
76 92
7 73
119 7
119 93
119 120
120 20
66 20
66 58
58 61
42 61
67 42
114 10
10 4
31 4
31 11
8 11
119 8
119 99
99 96
19 96
19 21
21 37
37 54
64 54
129 64
129 63
63 125
69 125
50 69
130 63
