3
29
107 24
107 116
116 10
115 10
24 73
6 73
97 6
97 123
20 123
34 20
34 32
37 32
37 60
52 60
14 32
49 52
49 48
50 48
50 103
137 103
34 32
36 32
49 36
49 48
50 48
139 50
130 139
130 127
127 128
22
24 11
31 11
31 1
10 1
115 10
24 11
11 3
12 3
9 12
9 59
128 59
128 126
127 126
130 127
130 63
63 33
103 33
137 103
69 63
69 52
33 17
14 17
28
24 73
2 73
10 2
115 10
24 73
6 73
119 6
119 93
93 22
22 18
20 18
20 14
15 14
15 51
52 51
53 51
140 53
140 50
50 103
137 103
14 16
15 16
15 36
49 36
49 51
53 51
139 53
139 128
