3
18
37 60
63 60
102 63
102 69
53 69
138 53
37 33
101 33
59 101
59 96
95 96
97 59
97 76
76 90
124 76
74 124
74 73
25 73
28
65 37
65 125
63 125
69 125
50 69
138 50
15 37
15 13
17 13
34 17
34 20
135 20
135 21
21 75
75 98
98 96
95 96
122 98
122 93
93 59
21 124
124 90
119 93
119 9
118 9
118 7
7 11
25 11
24
37 54
63 54
69 63
69 52
53 52
138 53
37 54
64 54
130 64
130 127
127 128
128 59
94 59
94 22
95 22
59 123
123 90
59 8
118 8
118 7
7 73
24 73
107 24
107 25
