3
34
95 96
98 96
95 23
94 23
94 124
124 123
124 76
23 18
20 18
97 96
9 97
9 0
1 0
27 1
10 1
10 77
79 77
108 1
21 18
21 37
65 37
64 65
140 64
140 50
50 136
137 136
137 103
138 50
139 50
130 139
130 127
57 10
39 57
39 43
33
95 96
95 23
93 23
93 98
59 96
59 76
123 76
21 59
21 20
59 6
6 0
4 0
111 4
111 1
105 1
105 104
2 104
27 2
10 4
88 10
88 79
128 59
128 126
127 126
139 128
139 53
138 53
53 136
137 136
137 103
108 1
41 59
41 43
33
95 96
99 96
122 99
122 98
94 99
97 94
97 123
123 90
76 90
20 123
120 97
119 120
119 8
8 73
2 73
30 2
30 1
27 2
10 2
10 86
79 86
94 59
59 33
103 33
50 103
138 50
64 50
130 64
130 127
57 120
57 42
42 43
108 1
