3
24
62 54
62 60
37 60
15 37
35 15
35 32
62 54
62 60
37 60
37 33
59 33
59 6
6 0
2 0
6 89
89 87
88 87
78 88
59 76
76 90
90 85
41 59
41 57
57 61
30
65 54
102 65
102 33
33 17
14 17
14 32
65 54
102 65
102 33
97 33
97 94
94 99
75 99
75 73
2 73
9 73
9 81
82 81
82 87
88 87
80 88
80 77
78 77
97 76
84 76
84 83
85 83
66 75
66 57
57 61
20
54 36
36 32
63 54
102 63
102 69
69 33
100 33
59 100
59 6
6 0
2 0
10 2
10 86
78 86
133 59
133 124
124 91
91 85
58 10
58 61
