3
41
30 1
10 1
116 10
30 4
28 4
28 11
11 3
12 3
9 12
9 97
133 97
133 124
124 123
20 123
66 20
66 44
44 55
46 55
46 61
30 4
28 4
28 11
11 3
12 3
9 12
9 97
133 97
133 124
124 123
20 123
34 20
34 17
17 13
15 13
15 37
63 37
102 63
102 69
50 69
50 103
139 50
33
30 11
25 11
107 25
107 116
30 1
1 73
66 73
66 44
67 44
46 67
46 61
30 1
1 73
7 73
119 7
119 120
120 20
20 14
14 32
34 32
35 32
35 15
15 36
49 36
49 52
69 52
102 69
69 125
65 125
65 37
50 69
50 103
139 50
25
30 4
10 4
116 10
57 10
41 57
41 56
56 44
56 61
30 2
2 73
9 73
9 59
59 100
34 100
100 33
103 33
68 33
68 52
53 52
53 64
129 64
129 63
102 63
63 37
139 53
