3
25
47 43
42 43
42 61
47 43
45 43
66 45
66 134
58 134
58 10
10 86
80 86
80 77
118 10
118 8
59 8
59 100
100 33
33 60
52 60
50 52
139 50
130 139
68 33
103 33
137 103
20
57 47
57 42
42 61
66 47
66 73
7 73
7 81
79 81
79 77
7 73
59 7
59 36
60 36
63 60
130 63
52 36
68 52
53 36
53 136
137 136
24
47 43
44 43
44 55
46 55
46 61
57 47
57 120
119 120
119 9
9 89
82 89
82 79
79 77
120 20
34 20
34 33
68 33
68 52
52 60
64 60
130 64
64 50
50 103
137 103
