3
22
128 126
127 126
130 127
130 139
139 53
53 36
36 32
14 32
128 59
21 59
19 21
19 18
23 18
95 23
95 22
93 22
122 93
122 99
119 93
119 6
6 12
12 3
24
128 126
127 126
130 127
130 64
64 54
54 51
15 51
15 14
130 63
63 125
65 125
65 37
21 37
21 75
75 99
19 21
99 96
95 96
95 22
93 99
93 120
120 6
6 12
12 3
23
139 128
130 139
130 63
63 33
14 33
63 54
54 36
15 36
15 13
14 13
20 14
21 20
21 75
75 99
21 18
19 18
122 99
122 93
93 22
119 99
119 8
8 11
11 3
