3
21
115 10
113 10
10 2
2 12
6 12
97 6
97 76
6 89
82 89
57 10
57 106
97 33
63 33
41 57
41 38
33 60
64 60
2 73
75 73
34 33
34 32
24
115 10
10 3
12 3
118 10
118 6
113 10
9 12
9 97
6 81
82 81
120 6
120 75
6 73
76 73
21 75
21 37
63 37
37 32
37 54
64 54
57 120
57 42
42 38
57 106
26
115 10
58 10
66 58
66 75
39 66
39 38
39 56
106 56
88 10
88 87
82 87
66 20
20 14
14 32
20 123
97 123
123 76
97 7
7 12
59 123
59 6
14 33
63 33
130 63
130 64
113 10
