3
24
4 104
1 104
1 0
7 0
7 81
82 81
82 87
88 87
78 88
9 81
119 9
119 98
122 98
4 104
1 104
1 0
7 0
97 7
97 59
59 36
52 36
50 52
138 50
69 52
32
30 4
30 2
2 0
8 0
8 81
79 81
79 86
78 86
6 81
119 6
119 93
93 98
122 98
30 4
30 2
2 0
8 0
8 89
6 89
119 6
119 93
93 23
23 18
21 18
21 37
37 54
54 51
52 51
50 52
138 50
53 51
53 69
26
111 4
111 2
2 12
7 12
7 89
89 87
88 87
80 88
80 77
78 77
59 7
93 59
122 93
28 4
28 11
26 11
26 73
74 73
74 123
20 123
20 14
14 32
36 32
53 36
138 53
53 69
