3
42
25 73
6 73
9 73
8 73
6 89
1 73
105 1
110 1
30 1
27 1
10 1
113 10
58 10
10 3
58 55
25 11
29 11
57 10
57 106
6 81
79 81
76 73
123 76
132 123
46 55
46 43
76 90
90 85
20 123
20 18
59 6
59 36
53 36
53 136
53 64
64 65
49 36
49 48
59 33
63 33
36 32
35 32
48
25 11
9 11
27 11
8 11
9 89
30 11
11 3
28 11
28 1
9 97
97 123
97 6
82 89
82 79
132 123
105 1
29 11
110 1
123 92
92 85
97 33
63 33
102 33
102 65
69 33
53 69
33 60
64 60
50 69
50 48
50 136
120 97
57 120
57 55
57 61
58 61
57 106
41 57
41 43
9 59
21 59
21 18
34 33
34 15
35 15
118 9
118 10
113 10
49
25 73
66 73
66 58
6 73
9 73
8 73
8 89
74 73
74 123
1 73
66 44
44 55
44 43
1 104
105 104
56 44
106 56
74 124
132 124
4 73
30 4
74 91
91 85
2 73
27 2
6 12
12 3
9 81
79 81
21 124
21 37
65 37
63 37
21 18
37 54
64 54
54 51
53 51
53 136
64 50
50 48
15 37
35 15
110 1
10 104
113 10
7 73
7 11
29 11
