3
20
39 56
39 56
56 42
42 38
40 38
66 40
66 73
7 73
7 89
82 89
82 79
88 79
78 88
76 73
84 76
8 73
97 8
97 59
59 33
33 60
30
39 56
39 55
57 55
57 10
88 10
78 88
10 1
31 1
31 11
8 11
118 8
118 7
97 7
97 76
84 76
10 1
31 1
31 11
8 11
118 8
118 7
97 7
133 97
133 59
59 100
100 33
103 33
50 103
50 52
52 60
35
39 56
39 55
58 55
58 10
10 86
78 86
10 104
105 104
105 1
30 1
30 11
9 11
118 9
118 6
97 6
97 123
123 91
91 85
84 85
10 104
105 104
105 1
30 1
30 11
9 11
118 9
118 6
97 6
97 96
59 96
59 101
101 33
102 33
102 65
65 60
