3
20
25 73
107 25
107 116
116 10
114 10
88 10
88 79
75 73
66 75
41 66
41 56
8 73
59 8
128 59
127 128
139 128
139 53
53 52
49 52
49 48
26
6 73
118 6
118 10
114 10
88 10
88 79
120 6
120 59
41 59
41 56
6 73
120 6
120 20
34 20
34 32
36 32
52 36
50 52
50 48
34 15
15 37
63 37
129 63
129 64
130 64
130 127
33
4 73
10 4
114 10
10 86
79 86
9 73
119 9
119 120
93 120
93 98
98 96
19 96
19 21
21 20
66 20
41 66
41 56
9 73
9 97
97 33
33 60
60 36
49 36
49 48
37 33
37 60
62 60
62 54
64 54
64 50
139 50
130 139
130 127
