3
21
9 73
9 89
8 89
119 8
119 99
99 96
95 96
75 99
66 75
66 40
9 73
9 97
97 59
21 59
135 21
135 20
20 14
14 32
36 32
60 36
63 60
25
25 73
25 11
30 11
30 2
2 12
6 12
97 6
97 94
94 22
95 22
120 97
57 120
57 40
25 73
25 11
30 11
30 2
2 12
6 12
97 6
97 59
59 36
36 32
54 36
63 54
25
7 73
119 7
119 93
93 22
95 22
93 121
59 121
41 59
41 38
40 38
7 73
119 7
119 93
93 121
59 121
59 33
33 17
17 13
16 13
32 16
68 33
68 52
69 52
69 125
63 125
