3
28
80 88
88 87
82 87
82 81
9 81
9 73
74 73
74 91
91 85
74 91
76 91
97 76
120 97
57 120
57 45
80 88
88 87
82 87
82 81
7 81
59 7
21 59
21 20
34 20
34 15
15 51
52 51
52 60
24
80 86
79 86
79 81
8 81
8 73
76 73
76 92
92 85
76 92
124 92
21 124
21 18
20 18
66 20
66 45
80 86
79 86
79 81
8 81
8 73
75 73
21 75
21 37
37 60
26
80 77
78 77
78 88
88 79
82 79
82 89
6 89
6 81
97 6
97 123
123 92
92 85
6 89
6 73
66 73
66 45
80 77
78 77
78 88
88 79
82 79
82 89
9 89
9 97
97 33
33 60
