3
33
12 3
7 12
7 0
5 0
4 0
8 12
8 89
89 87
88 87
88 79
4 73
76 73
76 90
124 90
132 124
66 73
41 66
41 38
12 3
6 12
119 6
119 98
122 98
122 93
93 59
59 36
15 36
15 16
52 36
49 52
49 51
53 51
139 53
36
11 3
31 11
31 4
111 4
111 2
2 0
5 0
10 4
88 10
88 79
9 11
119 9
119 120
120 59
133 59
133 124
132 124
57 10
41 57
41 38
11 3
9 11
119 9
119 120
120 59
128 59
127 128
130 127
130 64
64 54
54 51
15 51
35 15
35 32
32 16
130 139
28
3 0
5 0
4 0
4 104
10 104
10 77
79 77
8 0
97 8
97 123
132 123
58 10
66 58
41 66
41 38
3 0
8 0
59 8
59 101
101 33
34 33
34 15
15 16
63 33
63 125
69 125
53 69
139 53
