3
26
57 42
42 43
57 106
57 55
46 55
46 67
67 45
66 45
66 73
1 73
28 1
28 4
10 4
7 73
119 7
119 99
94 99
94 22
22 18
7 73
119 7
119 93
93 121
59 121
59 36
49 36
21
39 57
39 43
46 43
46 55
56 55
106 56
57 55
56 55
41 56
41 59
94 59
94 23
23 18
59 8
118 8
118 10
59 100
100 33
33 60
52 60
49 52
27
57 45
45 43
57 106
57 45
66 45
66 75
75 99
99 96
19 96
19 18
120 75
119 120
119 8
8 11
26 11
107 26
107 116
116 10
120 75
120 59
59 101
101 33
102 33
102 65
65 54
54 51
49 51
