3
25
20 14
14 13
20 123
123 92
120 20
120 6
6 81
6 0
5 0
6 73
26 73
1 0
111 1
10 1
116 10
66 20
66 44
67 44
41 66
41 38
14 33
33 60
62 60
69 33
53 69
27
20 14
14 13
15 14
15 36
53 36
54 36
62 54
21 20
21 124
124 92
59 36
59 8
8 81
8 0
8 11
26 11
118 8
118 10
107 26
107 116
4 0
111 4
5 0
41 59
41 38
42 38
67 42
27
34 20
34 15
15 13
34 17
14 17
15 51
53 51
54 51
62 54
66 20
66 45
67 45
66 58
58 10
39 66
39 38
116 10
10 2
111 2
2 0
9 0
9 81
66 73
26 73
76 73
76 92
5 0
