3
22
63 33
97 33
97 8
8 73
24 73
8 81
79 81
97 123
123 91
124 91
124 90
76 90
59 76
59 121
93 121
93 98
120 97
57 120
41 57
41 56
56 44
44 43
23
63 60
60 36
52 36
68 52
68 33
59 33
59 8
118 8
118 9
9 11
24 11
9 81
79 81
93 59
93 98
59 76
124 76
75 98
66 75
41 66
41 56
56 42
42 43
30
63 54
54 36
15 36
15 14
14 17
34 17
34 100
59 100
59 8
8 12
9 12
9 73
25 73
107 25
107 24
107 116
116 10
88 10
88 79
94 59
94 98
94 124
94 23
23 18
20 18
66 20
41 66
41 56
56 44
44 43
