3
25
80 88
88 87
89 87
9 89
118 9
8 89
8 73
75 73
75 98
93 98
93 59
59 76
84 76
84 83
85 83
80 88
88 87
89 87
7 89
59 7
128 59
127 128
139 128
139 50
50 69
33
80 86
79 86
82 79
82 81
9 81
118 9
6 81
6 73
74 73
74 91
91 85
124 91
133 124
133 97
120 97
120 75
80 86
79 86
82 79
82 89
8 89
59 8
59 100
100 33
69 33
14 100
14 13
15 13
15 36
60 36
63 60
130 63
130 127
31
80 77
10 77
118 10
118 7
7 0
2 0
2 73
76 73
84 76
84 83
85 83
97 76
97 96
99 96
75 99
80 77
10 77
118 10
118 8
119 8
119 99
99 96
59 96
59 101
101 33
69 33
63 33
129 63
129 64
130 64
130 127
