3
21
89 87
88 87
6 89
119 6
119 99
99 96
19 96
19 21
131 21
6 89
119 6
119 99
99 96
19 96
19 21
21 20
20 14
14 32
37 32
63 37
63 125
22
82 89
82 79
88 79
8 89
119 8
119 93
93 23
23 18
19 18
21 18
131 21
8 89
119 8
119 93
93 121
59 121
128 59
139 128
130 139
130 64
64 65
65 125
25
7 89
7 12
12 3
10 3
10 77
80 77
80 88
11 3
26 11
26 73
74 73
74 123
131 123
59 123
59 96
95 96
95 22
22 18
19 18
9 89
9 59
59 101
101 33
69 33
69 125
