2
63
88 79
88 10
10 1
105 1
31 1
31 4
111 4
31 11
9 11
9 89
6 89
119 6
119 93
93 23
95 23
95 96
93 121
19 96
19 21
131 21
131 123
123 90
90 85
91 85
132 123
58 10
58 61
56 61
56 55
39 56
39 38
56 42
42 43
40 43
41 43
79 81
6 81
119 6
119 93
93 22
94 22
94 59
59 101
79 81
6 81
119 6
119 93
93 23
95 23
95 96
19 96
19 21
21 37
37 54
54 36
52 36
15 37
15 13
14 13
35 15
17 13
33 17
68 33
58
88 79
88 10
10 2
2 104
105 104
4 104
111 4
30 2
30 11
7 11
118 7
118 6
118 9
119 7
119 98
94 98
94 23
98 96
23 18
19 18
93 98
93 121
59 96
59 76
76 90
90 85
91 85
123 76
124 91
132 124
57 10
57 40
40 43
46 43
46 55
46 61
39 55
39 38
58 55
41 43
82 79
82 81
7 81
119 7
119 99
99 96
59 96
59 101
101 33
33 60
52 60
14 33
14 13
15 14
15 16
32 16
35 32
68 33
