3
28
108 1
30 1
27 1
27 11
25 11
24 11
24 73
74 73
74 124
133 124
74 91
76 91
59 76
41 59
41 38
42 38
67 42
108 1
27 1
27 11
8 11
119 8
119 120
120 20
20 14
14 32
37 32
65 37
27
108 1
30 1
30 11
26 11
107 26
107 25
7 11
7 81
8 81
97 8
133 97
97 59
21 59
135 21
135 20
66 20
66 45
67 45
108 1
1 73
8 73
97 8
97 59
59 101
101 33
33 60
65 60
34
108 1
1 104
2 104
30 2
28 1
28 11
24 11
107 24
107 25
9 11
119 9
119 99
93 99
93 121
59 121
133 59
41 59
41 38
42 38
67 42
108 1
28 1
28 11
9 11
119 9
119 99
93 99
93 121
59 121
128 59
127 128
130 127
130 64
64 65
