3
23
139 128
139 50
50 52
52 60
65 60
128 59
59 6
6 0
3 0
10 3
10 77
79 77
82 79
82 87
80 77
2 0
111 2
111 1
110 1
94 59
133 59
133 124
124 84
42
128 126
127 126
130 127
130 63
63 60
65 60
64 60
53 64
53 52
130 63
63 54
54 36
15 36
34 15
34 20
20 18
22 18
95 22
95 96
98 96
119 98
119 6
6 0
3 0
10 3
10 77
79 77
82 79
82 87
78 77
78 86
80 86
94 22
6 73
4 73
111 4
31 4
31 1
110 1
21 18
21 124
124 84
41
139 128
139 53
53 52
52 60
62 60
62 54
65 54
139 53
53 51
54 51
37 54
21 37
21 18
22 18
95 22
95 96
98 96
119 98
119 6
6 0
3 0
10 3
10 77
79 77
82 79
82 87
80 77
11 3
31 11
31 4
111 4
4 104
1 104
110 1
94 22
131 21
131 123
123 92
92 85
85 83
84 83
