3
49
97 94
9 97
97 8
94 98
9 73
133 97
94 124
74 73
25 73
124 92
132 124
97 6
94 23
75 98
23 18
9 81
19 18
20 18
95 23
79 81
94 22
24 73
79 77
119 9
78 77
9 11
27 11
11 3
31 11
28 11
66 73
66 58
66 47
66 44
66 57
41 66
34 20
34 15
34 17
15 51
49 51
53 51
53 64
129 64
64 50
130 64
130 127
53 136
137 136
60
97 94
97 76
76 73
124 76
76 92
8 73
74 124
133 124
75 73
6 73
8 81
119 8
119 98
4 73
31 4
28 4
25 73
24 73
79 81
120 97
57 120
120 20
57 47
41 57
2 73
27 2
88 79
78 88
97 96
19 96
95 96
95 22
22 18
57 55
44 55
58 55
97 123
132 123
94 23
10 4
10 77
10 3
97 33
33 17
20 14
15 14
63 33
129 63
103 33
50 103
137 103
9 97
33 60
64 60
15 36
49 36
15 51
97 59
128 59
127 128
60
97 7
7 81
119 7
7 73
6 81
7 0
3 0
9 0
8 0
119 98
1 73
27 1
31 1
28 1
10 1
57 10
58 10
74 73
10 86
78 86
79 86
119 93
93 22
93 23
10 77
74 123
123 92
124 123
20 123
57 47
95 22
132 123
47 43
44 43
41 43
133 97
22 18
7 11
24 11
25 11
59 7
94 59
119 99
75 99
21 124
19 21
21 37
15 37
37 54
64 54
54 51
64 50
129 64
49 51
15 13
17 13
50 136
137 136
128 59
127 128
