3
22
35 15
15 13
17 13
33 17
102 33
35 15
15 13
17 13
34 17
34 100
59 100
59 6
6 73
6 81
82 81
93 59
2 73
2 104
10 104
58 10
58 61
46 61
30
35 32
32 16
14 16
14 17
34 17
34 33
63 33
102 63
35 32
32 16
14 16
14 17
34 17
34 33
97 33
97 94
94 98
75 98
75 73
7 73
7 81
82 81
93 98
94 22
22 18
20 18
66 20
66 58
58 55
46 55
28
35 15
15 16
16 13
14 13
14 100
100 33
103 33
50 103
50 69
102 69
35 15
15 16
16 13
14 13
14 100
100 33
59 33
59 7
7 73
7 89
82 89
59 121
93 121
41 59
41 38
42 38
67 42
46 67
