3
28
75 99
93 99
122 99
93 98
93 23
95 23
94 99
94 124
124 92
92 85
85 83
75 73
25 73
2 73
109 2
109 1
112 1
107 25
107 116
108 1
66 75
66 45
45 43
40 43
40 38
120 75
120 20
20 14
39
75 98
122 98
122 93
94 98
94 22
95 22
120 75
120 97
97 123
123 90
84 90
84 83
74 123
74 73
26 73
26 11
25 11
30 11
30 4
109 4
31 4
31 1
112 1
10 1
116 10
108 1
57 120
57 45
67 45
67 42
56 42
56 55
39 55
39 38
120 75
120 59
59 101
101 33
14 33
39
75 99
93 99
122 99
93 98
94 99
94 23
95 23
94 124
124 84
84 83
119 99
119 7
7 11
25 11
27 11
27 1
112 1
109 1
24 11
107 24
107 116
108 1
93 59
41 59
41 57
57 45
57 40
40 38
75 99
94 99
94 59
128 59
127 128
130 127
130 64
64 54
37 54
37 32
14 32
