3
31
59 96
59 121
59 76
76 92
123 92
99 96
93 99
93 22
59 8
8 81
82 81
8 12
7 12
9 12
9 11
24 11
107 24
27 11
24 73
66 73
66 42
59 96
128 59
128 126
127 126
139 128
130 139
130 63
63 37
37 32
32 16
37
97 96
97 123
98 96
94 98
94 22
122 98
122 93
93 121
97 7
7 89
89 87
82 87
9 89
9 12
12 3
11 3
26 11
107 26
27 11
118 7
118 10
57 10
57 42
19 96
19 21
135 21
135 20
34 20
34 15
15 16
34 15
15 36
53 36
139 53
139 128
128 126
127 126
38
95 96
95 22
97 96
97 76
123 76
97 59
59 121
97 6
6 12
7 12
6 89
82 89
2 12
27 2
30 2
30 11
26 11
107 26
10 2
58 10
66 58
66 42
59 96
59 101
101 33
34 33
34 32
32 16
103 33
137 103
137 136
53 136
53 64
129 64
129 63
130 63
130 127
127 126
