3
18
62 60
63 60
130 63
62 60
63 60
63 33
59 33
59 7
7 12
6 12
6 73
25 73
107 25
107 116
120 59
57 120
57 134
58 134
31
62 54
65 54
65 125
69 125
50 69
139 50
130 139
62 54
65 54
65 125
69 125
50 69
50 48
49 48
49 36
36 32
34 32
34 100
59 100
59 6
6 12
118 6
118 8
8 73
4 73
10 4
116 10
120 59
120 75
66 75
66 58
24
62 60
64 60
53 64
139 53
130 139
62 60
65 60
102 65
102 33
101 33
59 101
59 6
6 12
9 12
9 73
2 73
111 2
111 1
10 1
116 10
21 59
21 20
66 20
66 58
