3
24
34 32
34 33
68 33
68 52
52 51
53 51
34 32
34 33
63 33
130 63
130 127
34 32
34 33
97 33
97 6
6 0
1 0
97 76
84 76
27 1
27 2
2 73
66 73
39 66
23
14 32
14 33
69 33
53 69
14 32
14 33
37 33
63 37
130 63
130 127
14 32
14 17
34 17
34 100
59 100
59 6
6 0
1 0
59 76
84 76
41 59
41 38
39 38
36
32 16
14 16
14 100
100 33
102 33
102 69
50 69
140 50
140 53
32 16
14 16
14 100
100 33
102 33
102 69
50 69
140 50
140 53
139 53
139 128
127 128
32 16
14 16
14 100
100 33
59 33
59 6
6 0
1 0
133 59
133 124
124 84
118 6
118 10
57 10
39 57
