3
23
15 13
14 13
14 33
103 33
15 13
17 13
34 17
34 100
59 100
59 6
6 0
3 0
10 3
10 77
79 77
82 79
82 87
78 77
59 96
99 96
75 99
66 75
66 58
28
15 36
54 36
64 54
64 50
50 103
15 16
16 13
14 13
14 17
33 17
97 33
97 94
94 98
75 98
75 73
25 73
25 11
11 3
10 3
10 77
79 77
82 79
82 87
78 77
120 75
57 120
66 57
66 58
23
15 16
32 16
36 32
60 36
64 60
140 64
140 50
50 103
15 37
37 33
59 33
59 6
6 0
3 0
10 3
10 77
79 77
82 79
82 87
78 77
41 59
41 66
66 58
