3
26
19 18
19 96
97 96
97 8
8 0
2 0
27 2
27 11
24 11
2 73
66 73
41 66
39 66
39 38
19 18
19 96
59 96
59 101
101 33
33 60
52 60
50 52
50 136
137 136
52 51
15 51
25
19 18
19 21
21 75
120 75
119 120
119 9
9 0
4 0
28 4
28 11
24 11
66 75
41 66
66 45
45 43
40 43
40 38
20 18
34 20
34 15
15 36
52 36
50 52
50 136
137 136
27
19 18
19 21
21 124
124 84
84 76
97 76
9 97
9 73
24 73
1 73
10 1
57 10
41 57
57 106
106 56
56 44
44 43
39 43
39 38
20 18
20 14
15 14
15 51
52 51
50 52
50 103
137 103
