3
34
59 121
94 59
94 124
124 91
123 91
131 123
59 8
8 81
6 81
8 11
26 11
25 11
107 25
107 116
116 10
88 10
78 88
59 121
94 59
94 23
23 18
20 18
34 20
34 32
37 32
37 60
52 60
69 52
102 69
49 52
49 48
50 48
50 136
137 136
32
93 121
122 93
122 98
75 98
21 75
131 21
75 73
26 73
2 73
2 12
6 12
6 81
2 104
10 104
10 86
78 86
116 10
93 121
93 120
120 20
20 14
15 14
15 51
54 51
63 54
102 63
49 51
129 63
129 64
64 50
50 103
137 103
33
59 121
97 59
97 123
131 123
97 6
6 89
8 89
8 81
8 12
9 12
9 11
26 11
89 87
88 87
80 88
80 77
78 77
24 11
107 24
107 116
59 121
128 59
139 128
130 139
130 64
64 65
102 65
140 64
140 50
50 48
49 48
50 136
137 136
