3
53
127 126
128 126
139 128
139 53
53 36
36 32
14 32
14 17
53 69
69 125
63 125
102 63
17 13
69 33
103 33
127 126
128 126
128 59
120 59
120 20
20 18
23 18
95 23
94 23
94 98
98 96
59 76
76 92
92 85
84 85
123 92
76 91
74 91
19 18
19 21
119 98
119 7
118 7
118 8
8 73
2 73
109 2
109 4
10 2
115 10
117 10
66 20
66 57
57 55
46 55
42 55
66 134
58 134
50
130 127
130 64
64 54
54 36
36 32
14 32
14 17
62 54
62 60
63 60
102 63
69 63
14 13
63 33
103 33
130 63
63 33
34 33
34 20
20 18
23 18
95 23
93 23
122 93
122 98
98 96
21 18
97 96
97 123
74 123
123 90
84 90
119 93
119 9
118 9
118 7
118 6
6 73
7 11
28 11
28 4
10 4
115 10
117 10
58 10
58 134
57 134
57 42
42 55
46 55
60
127 126
128 126
139 128
139 53
53 36
36 32
14 32
14 17
138 53
138 50
50 69
102 69
14 16
15 16
15 13
102 33
50 103
139 50
50 48
49 48
49 52
68 52
68 33
33 17
14 17
20 14
20 18
23 18
95 23
95 96
19 18
19 21
131 21
131 123
123 92
92 85
84 85
124 92
74 124
94 23
94 99
119 99
119 8
118 8
8 12
7 12
8 73
4 73
26 73
107 26
107 116
116 10
115 10
117 10
66 20
66 42
67 42
46 67
66 134
58 134
