3
32
9 89
8 89
8 73
1 73
31 1
6 89
97 6
97 76
76 92
92 85
84 85
84 90
97 96
98 96
93 98
93 23
23 18
6 89
97 6
97 59
59 100
34 100
34 15
15 51
52 51
50 52
50 136
137 136
69 52
69 63
63 54
15 14
31
9 89
9 12
2 12
109 2
109 4
31 4
119 9
119 120
120 59
59 76
76 90
94 59
94 23
23 18
8 89
119 8
119 120
120 20
20 14
15 14
15 51
52 51
50 52
50 136
137 136
138 50
138 53
53 69
69 125
65 125
65 54
26
9 89
9 0
4 0
31 4
4 73
74 73
74 91
91 85
90 85
74 124
94 124
94 22
22 18
7 89
59 7
128 59
139 128
139 50
50 136
137 136
50 69
69 63
63 54
37 54
37 32
14 32
