3
22
41 43
46 43
46 55
58 55
58 10
10 2
2 104
4 104
31 4
31 11
29 11
118 10
118 8
59 8
59 33
33 60
60 36
53 36
140 53
14 33
14 13
16 13
22
41 56
56 55
57 55
57 120
120 97
97 8
8 11
29 11
30 11
30 1
31 1
120 97
97 123
131 123
131 21
21 37
63 37
129 63
129 64
140 64
15 37
15 16
26
41 43
47 43
66 47
66 20
21 20
21 124
124 123
97 123
9 97
9 11
29 11
31 11
21 20
21 18
22 18
94 22
94 59
59 101
101 33
33 60
60 36
53 36
140 53
33 17
17 13
16 13
