3
25
68 33
68 52
53 52
53 136
34 33
34 20
20 18
22 18
95 22
95 96
98 96
75 98
75 73
1 73
109 1
7 73
7 89
89 87
88 87
80 88
80 77
78 77
59 96
133 59
133 124
26
63 33
63 54
54 51
53 51
53 136
63 33
129 63
129 64
64 50
139 50
130 139
130 127
127 128
128 59
9 59
9 0
1 0
109 1
105 1
105 104
2 104
10 2
10 86
78 86
59 123
124 123
18
37 33
65 37
64 65
53 64
53 136
101 33
59 101
9 59
9 0
1 0
109 1
9 89
82 89
82 79
88 79
78 88
133 59
133 124
