3
35
50 103
50 69
69 125
65 125
65 60
62 60
62 54
140 50
140 53
139 53
50 103
50 69
69 125
65 125
65 37
21 37
21 18
22 18
95 22
95 96
98 96
119 98
119 6
6 0
3 0
11 3
25 11
27 11
27 1
112 1
27 11
27 1
10 1
57 10
41 57
36
103 33
37 33
37 60
62 60
62 54
63 60
129 63
129 64
140 64
140 50
139 50
103 33
37 33
37 60
63 60
129 63
129 64
140 64
140 50
139 50
139 128
128 59
9 59
9 0
3 0
10 3
116 10
107 116
107 25
2 0
2 104
1 104
112 1
58 10
66 58
41 66
33
137 103
137 136
53 136
53 64
64 54
139 53
137 103
137 136
53 136
53 51
49 51
49 52
68 52
68 33
101 33
59 101
9 59
9 0
3 0
10 3
116 10
107 116
107 25
4 0
4 104
105 104
105 1
112 1
94 59
94 99
75 99
66 75
41 66
