3
24
107 116
107 25
25 73
74 73
74 91
91 85
90 85
124 90
94 124
94 23
95 23
116 10
57 10
41 57
41 56
56 44
67 44
46 67
107 116
107 25
25 73
76 73
59 76
128 59
30
116 10
10 4
4 0
7 0
97 7
97 123
123 90
74 123
97 94
94 23
95 23
58 10
58 61
46 61
56 61
56 55
44 55
116 10
10 4
4 0
7 0
97 7
97 33
33 60
52 60
50 52
139 50
130 139
130 127
127 128
35
107 116
107 24
24 73
6 73
6 12
8 12
97 8
133 97
133 124
124 90
74 124
97 96
95 96
107 24
24 73
66 73
66 57
57 55
46 55
44 55
107 116
107 24
24 73
6 73
6 12
8 12
97 8
97 59
59 36
60 36
63 60
69 63
50 69
139 50
139 128
