3
25
107 24
24 11
8 11
9 11
8 0
1 0
6 0
119 8
119 93
24 73
74 73
59 8
128 59
74 123
131 123
76 73
84 76
59 36
53 36
140 53
53 69
69 125
10 1
58 10
58 55
24
107 26
26 73
8 73
9 73
1 73
6 73
9 0
9 59
93 59
74 73
128 59
74 124
124 84
21 59
131 21
139 128
139 50
140 50
59 33
63 33
63 125
66 73
66 44
44 55
26
107 25
25 73
8 73
9 73
1 73
6 73
7 73
7 0
120 6
93 120
57 120
57 55
75 73
21 75
131 21
21 124
124 84
74 124
21 37
65 37
65 125
64 65
140 64
130 64
130 127
127 128
