3
30
131 123
123 92
132 123
74 123
74 73
2 73
2 104
2 12
8 12
8 89
82 89
124 123
21 124
21 20
66 20
66 58
58 55
46 55
46 67
39 55
131 123
59 123
59 101
131 123
59 123
59 33
33 60
52 60
49 52
49 48
31
131 21
21 124
124 92
132 124
124 76
76 73
4 73
4 104
6 73
118 6
118 7
7 81
82 81
66 73
66 45
67 45
67 42
42 55
39 55
131 21
19 21
19 96
97 96
97 33
33 60
52 60
49 52
49 48
131 21
21 59
59 101
36
131 123
123 92
132 123
92 85
90 85
124 90
94 124
94 99
119 99
119 9
9 89
82 89
9 12
7 12
7 11
28 11
28 1
1 104
10 104
57 10
57 45
67 45
67 42
56 42
39 56
131 123
97 123
97 59
59 36
52 36
50 52
50 48
54 36
63 54
63 33
101 33
