3
23
10 3
57 10
114 10
57 61
41 57
57 42
46 61
66 57
66 44
10 1
109 1
66 20
20 14
14 13
14 33
103 33
41 59
94 59
37 33
37 54
20 123
123 90
90 85
26
3 0
4 0
109 4
6 0
120 6
57 120
97 6
97 94
57 55
44 55
46 55
42 55
42 61
41 57
97 33
33 17
17 13
14 17
103 33
63 33
63 54
97 76
84 76
84 85
10 4
114 10
29
12 3
2 12
109 2
10 2
57 10
58 10
58 61
57 42
56 61
56 44
41 56
46 61
9 12
9 97
97 94
9 59
59 36
54 36
59 100
14 100
15 36
15 13
52 36
50 52
50 103
97 123
123 91
91 85
114 10
