3
29
109 2
109 4
31 4
31 11
9 11
118 9
118 6
120 6
120 75
21 75
131 21
66 75
66 58
58 55
46 55
109 2
109 4
31 4
31 11
8 11
97 8
97 33
33 60
52 60
50 52
50 136
137 136
63 60
69 63
34
2 73
9 73
9 97
97 94
94 98
93 98
93 120
97 123
131 123
2 104
10 104
57 10
41 57
41 56
56 44
67 44
46 67
2 73
9 73
9 97
97 94
94 23
23 18
21 18
135 21
135 20
20 14
15 14
15 51
52 51
50 52
50 103
137 103
69 52
25
111 2
111 1
1 73
6 73
97 6
120 97
97 59
21 59
131 21
10 1
58 10
58 61
46 61
111 2
111 1
1 73
6 73
97 6
97 59
59 100
100 33
69 33
50 69
50 136
137 136
