3
37
94 22
22 18
19 18
97 94
97 76
94 59
41 59
41 57
57 55
57 45
67 45
76 90
90 85
97 7
118 7
7 11
31 11
29 11
30 11
57 10
10 77
113 10
78 77
80 77
97 33
33 60
62 60
63 33
130 63
64 60
140 64
64 50
50 48
59 36
15 36
36 32
15 13
42
94 22
94 124
124 76
21 124
19 21
124 84
84 85
21 37
15 37
37 60
37 32
15 13
37 54
62 54
52 60
50 52
140 50
64 54
130 64
49 52
49 48
76 73
66 73
66 45
66 57
41 66
9 73
118 9
9 11
66 44
67 44
44 55
29 11
4 73
30 4
31 4
118 10
88 10
80 88
78 88
10 77
113 10
44
93 22
93 99
94 99
93 59
59 76
93 120
57 120
59 8
8 11
118 8
76 92
92 85
31 11
57 55
57 42
67 42
99 96
19 96
30 11
41 59
57 45
59 33
33 17
17 13
103 33
50 103
33 60
140 50
50 48
62 60
34 33
34 15
34 32
139 50
130 139
8 81
79 81
79 77
79 86
78 86
80 86
29 11
10 86
113 10
