3
41
68 52
52 36
36 32
35 32
50 52
139 50
139 128
128 59
59 121
93 121
122 93
122 98
94 98
94 124
124 90
84 90
133 59
94 23
23 18
21 18
135 21
135 20
93 99
75 99
75 73
4 73
109 4
109 1
30 4
30 11
25 11
10 4
117 10
113 10
88 10
88 87
41 59
41 38
40 38
57 40
57 47
39
68 52
52 51
15 51
35 15
49 51
49 36
59 36
59 121
94 59
94 98
94 99
122 99
59 76
84 76
133 59
94 22
22 18
20 18
135 20
97 94
97 8
8 11
31 11
31 1
31 4
109 4
25 11
111 4
111 2
10 2
117 10
113 10
8 89
89 87
66 20
66 40
40 43
41 43
66 47
40
68 33
14 33
14 13
15 13
35 15
59 33
59 96
98 96
122 98
94 98
94 124
124 84
93 98
93 121
133 124
19 96
19 21
135 21
21 20
97 59
97 6
6 0
2 0
109 2
111 2
111 1
3 0
10 3
117 10
113 10
2 73
25 73
6 81
82 81
82 87
57 10
57 40
57 47
40 38
41 38
