3
38
7 12
12 3
7 81
79 81
79 86
78 86
78 77
10 77
117 10
113 10
97 7
97 59
59 121
97 94
94 23
23 18
7 81
79 81
79 86
78 86
78 77
10 77
58 10
58 134
57 134
57 40
97 7
97 94
94 23
23 18
21 18
21 37
37 54
62 54
62 60
60 36
52 36
68 52
29
7 12
12 3
8 12
8 0
1 0
10 1
117 10
113 10
6 12
97 6
133 97
133 59
59 121
97 96
19 96
19 18
7 73
66 73
66 58
66 40
7 81
6 81
97 6
133 97
133 59
59 36
54 36
52 36
68 52
33
118 7
118 9
9 12
12 3
118 10
117 10
113 10
118 8
119 8
119 93
93 121
93 23
95 23
95 22
22 18
93 99
75 99
66 75
66 58
66 42
42 43
40 43
118 7
118 8
119 8
119 120
120 20
34 20
34 32
36 32
54 36
34 33
68 33
