3
30
113 10
10 2
109 2
118 10
118 6
120 6
93 120
122 93
122 99
99 96
113 10
118 10
118 7
7 73
66 73
113 10
118 10
118 6
120 6
93 120
93 22
94 22
94 59
59 100
34 100
34 15
15 51
54 51
64 54
129 64
23
113 10
10 2
109 2
111 2
111 4
4 0
7 0
119 7
119 98
98 96
113 10
58 10
66 58
113 10
10 3
12 3
7 12
59 7
59 101
101 33
33 60
64 60
129 64
25
113 10
10 4
109 4
28 4
28 11
8 11
119 8
119 93
122 93
122 99
99 96
113 10
57 10
66 57
113 10
10 4
28 4
28 11
8 11
59 8
128 59
127 128
130 127
130 64
129 64
