3
16
137 103
103 33
68 33
68 52
53 52
137 103
103 33
100 33
59 100
93 59
119 93
119 9
9 12
12 3
11 3
29 11
27
137 103
50 103
138 50
138 53
64 50
64 60
65 60
102 65
102 33
137 103
50 103
64 50
64 60
65 60
102 65
102 33
14 33
20 14
20 18
22 18
93 22
95 22
95 96
97 96
9 97
9 11
29 11
27
137 103
103 33
37 33
65 37
65 54
64 54
140 64
140 53
137 103
103 33
37 33
65 37
65 54
64 54
140 64
140 53
139 53
139 128
128 59
93 59
59 8
118 8
118 9
8 12
7 12
7 11
29 11
