3
23
135 21
21 75
75 99
122 99
122 98
119 99
119 7
7 89
89 87
88 87
66 75
41 66
41 43
46 43
46 61
135 21
21 124
124 123
97 123
97 33
33 60
64 60
129 64
18
135 20
120 20
93 120
93 98
120 97
97 8
8 81
82 81
82 79
88 79
66 20
66 57
57 61
135 21
21 37
37 54
64 54
129 64
28
135 20
20 18
23 18
95 23
95 22
93 22
122 93
122 98
93 59
59 7
7 89
82 89
82 79
79 77
80 77
80 88
7 0
4 0
10 4
57 10
57 61
135 20
20 123
59 123
59 36
60 36
63 60
129 63
