3
23
138 50
50 48
49 48
49 51
138 50
50 69
69 63
63 37
37 33
34 33
34 20
20 18
22 18
95 22
95 96
98 96
75 98
75 73
122 98
26 73
107 26
107 25
120 75
22
138 53
53 51
49 51
138 53
53 52
68 52
68 33
14 33
20 14
20 18
22 18
95 22
95 96
98 96
119 98
119 6
6 73
122 98
25 73
122 99
75 99
120 75
24
138 53
53 52
49 52
49 51
138 53
140 53
140 50
50 69
69 125
63 125
130 63
130 127
127 128
128 59
9 59
9 73
24 73
107 24
107 25
120 59
94 59
94 22
94 99
122 99
