3
55
53 52
53 51
138 53
138 50
50 48
53 69
102 69
102 33
14 33
14 32
35 32
50 136
137 136
139 53
53 52
53 69
69 63
63 37
21 37
21 124
74 124
74 73
1 73
1 104
124 90
90 85
85 83
91 85
30 1
30 2
30 11
29 11
26 73
107 26
2 0
8 0
8 12
9 12
10 1
115 10
116 10
94 124
92 85
123 92
59 123
94 23
93 23
93 120
57 120
57 55
56 55
56 42
39 55
46 55
57 47
67
49 52
49 48
49 51
54 51
63 54
63 125
65 125
65 37
37 33
33 17
14 17
14 13
15 13
35 15
50 48
50 103
137 103
139 50
52 51
54 51
63 54
63 125
65 125
65 37
37 33
97 33
97 94
94 98
75 98
75 73
25 73
25 11
11 3
10 3
10 104
115 10
1 104
30 1
31 1
31 4
111 4
111 2
29 11
107 25
9 73
9 12
7 12
7 0
116 10
97 59
97 76
76 90
84 90
84 83
84 85
91 85
21 75
66 75
66 58
58 55
56 55
56 42
39 56
56 61
46 61
39 43
47 43
56
53 52
53 51
140 53
140 50
50 48
68 52
68 33
34 33
34 17
17 13
16 13
32 16
35 32
53 136
137 136
139 53
52 36
59 36
59 6
6 0
3 0
10 3
10 104
115 10
105 104
105 1
4 104
30 4
2 104
6 81
9 81
30 11
29 11
24 11
107 24
107 116
59 76
84 76
84 83
85 83
84 90
124 84
124 91
94 59
21 59
123 76
20 123
66 20
39 66
39 55
42 55
44 55
67 44
46 67
39 57
57 47
