3
27
115 10
10 104
2 104
2 12
6 12
120 6
120 75
21 75
21 18
57 120
57 42
115 10
10 104
2 104
2 12
6 12
120 6
120 75
21 75
21 20
20 14
15 14
15 51
52 51
69 52
69 125
15 13
36
115 10
10 2
27 2
27 11
9 11
119 9
119 98
93 98
93 23
23 18
21 18
135 21
135 20
66 20
66 42
115 10
10 2
27 2
27 11
9 11
119 9
119 99
99 96
59 96
21 59
135 21
135 20
34 20
34 32
37 32
37 60
52 60
69 52
69 125
32 16
16 13
22
115 10
118 10
118 9
9 97
97 96
19 96
19 18
115 10
10 4
4 73
66 73
66 42
115 10
118 10
118 9
9 59
59 33
33 60
65 60
65 125
33 17
17 13
