3
31
110 1
27 1
27 2
2 73
24 73
9 73
9 89
89 87
88 87
78 88
78 77
80 77
9 97
97 76
76 92
92 85
76 91
123 91
131 123
131 21
110 1
27 1
27 11
9 11
119 9
119 98
98 96
19 96
19 21
21 37
37 54
28
110 1
31 1
31 11
24 11
8 11
8 89
82 89
82 79
88 79
80 88
97 8
97 123
123 91
91 85
97 94
94 22
22 18
21 18
110 1
31 1
31 11
8 11
97 8
97 33
33 60
52 60
52 51
54 51
29
110 1
30 1
30 11
24 11
24 73
6 73
6 89
6 81
79 81
79 77
80 77
76 73
76 90
90 85
124 90
21 124
110 1
111 1
111 4
4 0
8 0
8 89
6 89
120 6
120 20
34 20
34 32
36 32
54 36
