3
18
42 61
42 43
47 43
57 61
57 120
120 97
97 123
74 123
120 97
133 97
133 59
59 36
60 36
63 60
69 63
53 36
139 53
139 128
25
42 61
57 42
57 47
46 61
46 67
67 45
66 45
66 73
74 73
76 73
123 76
20 123
20 14
14 32
36 32
52 36
69 52
14 13
15 13
15 36
54 36
63 54
130 63
130 127
127 128
23
56 61
56 44
44 43
47 43
57 61
57 134
66 134
66 75
21 75
21 124
74 124
75 98
98 96
59 96
59 33
69 33
37 33
37 60
64 60
140 64
140 50
139 50
139 128
