3
24
56 61
56 44
44 43
47 43
66 47
57 61
57 120
93 120
119 93
119 6
6 89
9 89
9 0
4 0
4 104
10 104
113 10
93 120
93 59
59 101
101 33
33 60
60 36
36 32
21
56 61
39 56
39 66
56 61
39 56
39 66
66 75
75 99
122 99
122 98
119 98
119 9
9 81
6 81
118 9
118 10
113 10
21 75
21 20
34 20
34 32
34
46 61
46 43
40 43
66 40
46 61
46 43
40 43
66 40
66 20
20 18
23 18
94 23
94 59
59 7
118 7
118 6
6 12
9 12
9 11
28 11
28 4
10 4
113 10
20 18
22 18
94 22
94 59
128 59
127 128
130 127
130 64
64 54
54 36
36 32
