3
31
37 60
64 60
53 64
53 136
37 33
34 33
34 20
20 123
123 90
131 123
131 21
21 18
19 18
123 76
76 73
4 73
4 104
105 104
30 4
30 11
29 11
10 4
10 86
78 86
78 77
80 77
66 20
66 57
39 57
39 55
46 55
33
63 37
102 63
102 69
53 69
53 136
15 37
15 13
14 13
20 14
20 123
123 90
124 123
21 124
19 21
21 75
120 75
120 6
6 81
7 81
7 11
29 11
28 11
28 1
1 104
105 104
10 1
10 77
80 77
66 20
66 57
39 57
39 43
46 43
31
65 37
64 65
64 50
50 136
21 37
21 124
124 90
21 18
19 18
23 18
94 23
94 99
119 99
119 6
6 12
12 3
11 3
29 11
27 11
27 2
2 104
105 104
10 2
10 86
80 86
94 59
41 59
41 57
57 55
46 55
39 55
