3
28
52 36
15 36
49 52
49 48
50 48
50 69
102 69
102 33
34 33
34 100
59 100
59 123
131 123
123 92
124 92
74 124
93 59
122 93
122 98
94 98
94 22
119 98
119 6
6 73
2 73
30 2
25 73
107 25
30
53 52
53 64
64 54
62 54
62 60
37 60
37 32
35 32
35 15
53 52
53 64
130 64
130 127
127 128
128 59
21 59
131 21
59 96
98 96
93 98
93 22
94 22
94 124
74 124
75 98
75 73
4 73
30 4
26 73
107 26
30
49 52
49 36
54 36
65 54
102 65
102 33
14 33
15 14
49 52
49 36
54 36
65 54
102 65
102 33
101 33
59 101
59 123
131 123
74 123
93 59
93 23
95 23
95 22
120 59
119 120
119 7
7 11
30 11
26 11
107 26
