3
25
112 1
28 1
28 11
24 11
11 3
12 3
7 12
7 81
112 1
1 104
10 104
57 10
112 1
28 1
28 11
11 3
12 3
6 12
97 6
97 59
59 100
100 33
102 33
102 65
65 54
25
112 1
111 1
111 4
4 73
9 73
9 81
24 73
112 1
109 1
109 2
10 2
58 10
66 58
66 57
112 1
111 1
111 4
4 73
9 73
9 59
128 59
127 128
130 127
130 64
64 54
29
112 1
109 1
109 2
2 73
8 73
8 81
109 4
31 4
31 11
24 11
112 1
109 1
109 2
2 12
9 12
119 9
119 120
57 120
112 1
109 1
109 2
2 73
8 73
59 8
59 101
101 33
102 33
102 65
65 54
