3
23
119 99
119 7
118 7
7 89
7 11
118 10
117 10
119 93
93 121
57 10
57 106
57 42
66 57
66 44
59 7
59 33
103 33
33 60
64 60
53 64
53 136
59 36
15 36
26
119 99
119 9
118 9
9 11
9 89
9 59
59 121
119 7
21 59
21 37
15 37
37 60
37 54
64 54
15 51
53 51
64 50
50 103
50 136
41 59
41 56
56 44
106 56
56 42
118 10
117 10
29
119 8
118 8
8 11
8 89
8 0
7 0
119 98
98 96
99 96
59 8
59 121
8 73
66 73
66 42
66 44
59 36
53 36
60 36
53 64
53 136
15 36
137 136
137 103
119 120
57 120
57 106
11 3
10 3
117 10
