3
32
40 38
66 40
66 73
7 73
7 81
82 81
7 12
8 12
9 81
7 0
5 0
1 73
108 1
119 9
119 98
122 98
93 98
93 22
22 18
19 18
7 73
7 89
6 89
120 6
120 20
20 14
14 32
37 32
37 60
52 60
50 52
139 50
34
40 38
57 40
57 10
88 10
88 87
82 87
82 89
8 89
9 89
8 0
5 0
4 0
31 4
31 1
108 1
8 81
6 81
119 6
119 93
122 93
122 98
98 96
19 96
10 104
2 104
2 12
7 12
97 7
97 33
37 33
65 37
64 65
130 64
130 139
34
42 38
42 43
47 43
66 47
66 20
120 20
119 120
119 9
9 81
82 81
9 12
8 12
6 81
6 0
5 0
2 0
111 2
111 1
108 1
20 18
19 18
93 120
122 93
21 20
21 124
124 123
59 123
59 33
33 60
52 60
50 52
139 50
65 60
65 37
