3
33
118 9
9 0
3 0
11 3
25 11
107 25
30 11
30 1
1 73
75 73
21 75
21 18
118 9
9 0
4 0
10 4
57 10
41 57
41 43
46 43
46 67
118 8
8 73
75 73
21 75
135 21
135 20
34 20
34 15
15 51
52 51
50 52
50 48
32
118 6
6 12
12 3
6 73
26 73
107 26
9 12
9 97
97 96
19 96
19 18
118 6
6 12
12 3
10 3
58 10
58 55
46 55
46 67
118 6
6 89
9 89
9 97
97 96
19 96
19 21
21 37
37 54
54 51
52 51
50 52
50 48
25
118 8
8 0
3 0
8 73
24 73
107 24
119 8
119 99
94 99
94 22
22 18
118 8
8 73
66 73
66 58
58 55
46 55
46 67
118 8
59 8
59 33
33 60
52 60
49 52
49 48
