3
33
114 10
10 86
116 10
107 116
10 2
109 2
109 4
28 4
28 1
114 10
10 2
2 73
66 73
39 66
39 43
40 43
57 40
57 134
114 10
10 86
78 86
78 88
88 87
89 87
9 89
9 97
97 59
21 59
21 37
37 54
64 54
64 50
138 50
24
114 10
10 86
116 10
107 116
107 25
25 11
31 11
31 1
114 10
57 10
39 57
57 61
58 61
58 134
114 10
118 10
118 6
120 6
120 59
59 33
33 60
52 60
50 52
138 50
29
114 10
10 86
79 86
82 79
82 89
8 89
8 11
27 11
27 1
1 73
26 73
107 26
114 10
58 10
66 58
39 66
58 134
114 10
10 4
30 4
30 2
2 12
7 12
97 7
97 33
33 60
64 60
64 50
138 50
