3
22
22 18
19 18
19 21
22 18
19 18
19 21
21 37
37 54
54 51
52 51
50 52
138 50
140 50
140 64
130 64
130 139
63 37
129 63
129 64
130 64
130 127
127 126
29
94 22
94 99
75 99
21 75
94 22
94 99
75 99
21 75
135 21
135 20
34 20
34 15
15 37
63 37
69 63
50 69
138 50
138 53
139 53
34 17
17 13
15 13
15 37
37 60
64 60
53 64
139 53
139 128
128 126
30
95 22
95 23
23 18
19 18
19 21
95 22
95 96
59 96
59 100
100 33
33 60
60 36
53 36
138 53
65 60
65 125
63 125
130 63
130 139
100 33
103 33
137 103
137 136
53 136
53 69
69 125
63 125
130 63
130 127
127 126
