3
28
111 4
30 4
30 11
9 11
9 12
8 12
59 8
59 121
93 121
93 98
93 23
111 4
30 4
30 11
9 11
9 12
8 12
59 8
59 100
34 100
34 17
17 13
16 13
15 16
15 36
52 36
53 52
139 53
28
111 2
2 0
7 0
7 81
8 81
119 8
119 98
94 98
94 23
111 2
2 0
7 0
7 81
6 81
59 6
21 59
21 20
34 20
34 100
34 32
36 32
49 36
49 51
53 51
140 53
140 64
130 64
130 139
24
111 1
1 104
4 104
4 0
6 0
119 6
119 93
93 98
93 22
95 22
95 23
111 1
1 104
2 104
2 73
9 73
9 97
97 59
59 36
36 32
34 32
34 100
53 36
139 53
