3
21
102 69
102 33
59 33
33 60
128 59
21 59
131 21
21 20
135 21
93 59
122 93
34 33
34 15
66 20
66 134
66 73
4 73
30 4
4 104
10 4
117 10
26
102 69
102 65
65 60
65 37
15 37
60 36
59 36
15 14
20 14
135 20
59 123
131 123
128 59
59 6
6 0
4 0
1 0
30 1
1 104
10 1
117 10
58 10
58 134
59 96
99 96
122 99
26
102 63
69 63
63 60
63 33
59 33
120 59
120 20
57 120
57 134
135 20
57 10
10 104
10 2
30 2
10 4
130 63
130 127
127 128
20 123
131 123
63 37
15 37
94 59
94 98
122 98
117 10
