3
26
92 85
91 85
123 91
59 123
59 121
93 121
93 99
93 23
95 23
59 8
8 81
79 81
88 79
88 10
57 10
57 42
92 85
85 83
84 83
84 76
97 76
97 33
33 60
52 60
50 52
139 50
23
124 92
133 124
133 59
93 59
93 99
94 99
94 23
95 23
133 97
97 7
118 7
118 10
58 10
66 58
66 42
123 92
20 123
20 14
14 32
36 32
52 36
50 52
139 50
24
76 92
59 76
59 96
98 96
122 98
122 99
95 96
76 92
123 76
131 123
131 21
135 21
135 20
66 20
66 42
76 92
59 76
59 33
37 33
37 54
54 51
52 51
50 52
139 50
