3
20
78 88
88 87
82 87
82 81
8 81
97 8
120 97
120 75
66 75
66 44
78 88
88 87
82 87
82 81
8 81
97 8
97 33
33 60
63 60
129 63
29
78 88
88 79
82 79
82 87
89 87
9 89
9 97
78 88
88 79
82 79
82 87
89 87
9 89
9 73
66 73
66 44
78 88
88 79
82 79
82 87
89 87
7 89
59 7
59 36
60 36
65 60
65 125
63 125
129 63
40
78 77
80 77
80 88
88 87
82 87
82 89
6 89
97 6
78 77
80 77
80 88
88 87
82 87
82 89
6 89
119 6
119 99
75 99
66 75
66 44
78 77
80 77
80 88
88 87
82 87
82 89
6 89
119 6
119 99
75 99
21 75
135 21
135 20
34 20
34 32
37 32
37 60
65 60
64 65
129 64
