3
19
133 59
120 59
21 59
135 21
57 120
57 134
39 57
57 10
114 10
10 3
10 1
30 1
88 10
88 79
128 59
139 128
59 33
103 33
137 103
22
133 97
120 97
120 20
135 20
66 20
66 134
39 66
97 7
7 11
30 11
11 3
7 81
79 81
66 58
58 10
114 10
97 33
69 33
53 69
139 53
53 136
137 136
27
133 97
120 97
9 97
9 12
12 3
2 12
30 2
9 81
79 81
133 124
21 124
135 21
97 59
41 59
41 56
39 56
41 57
57 134
21 37
63 37
130 63
130 139
139 50
50 103
137 103
10 2
114 10
