3
37
128 126
127 126
130 127
130 64
64 50
138 50
128 59
94 59
94 23
23 18
20 18
59 121
94 22
93 22
93 98
119 98
119 9
9 11
27 11
27 1
108 1
24 11
107 24
107 116
116 10
10 77
78 77
78 86
79 86
59 96
19 96
19 18
21 18
135 21
135 20
66 20
66 44
38
139 128
139 53
138 53
139 53
53 69
102 69
102 33
33 17
34 17
34 20
20 18
22 18
95 22
95 96
98 96
119 98
119 6
6 0
3 0
10 3
10 77
79 77
11 3
31 11
31 4
4 104
105 104
105 1
108 1
26 11
107 26
107 116
93 98
93 121
119 8
8 73
66 73
66 44
36
128 126
127 126
130 127
130 64
64 50
138 50
130 139
139 50
140 50
140 64
64 54
63 54
63 33
101 33
59 101
9 59
9 0
3 0
10 3
10 77
79 77
4 0
4 104
1 104
108 1
116 10
59 121
59 123
131 123
131 21
21 20
118 9
118 10
58 10
66 58
66 44
