3
30
27 11
29 11
9 11
118 9
118 7
97 7
133 97
27 2
10 2
57 10
66 57
66 44
44 43
27 2
2 0
7 0
97 7
97 96
59 96
59 100
14 100
15 14
100 33
63 33
63 54
102 63
102 69
69 52
53 52
138 53
29
27 1
30 1
30 11
29 11
1 0
6 0
118 6
59 6
133 59
27 1
10 1
58 10
66 58
66 44
44 43
27 1
1 73
6 73
59 6
59 33
34 33
34 15
102 33
102 63
63 54
63 125
69 125
50 69
138 50
31
27 2
109 2
109 4
31 4
31 11
29 11
8 11
118 8
97 8
133 97
27 2
2 104
10 104
57 10
57 45
45 43
27 2
2 12
8 12
59 8
59 101
101 33
34 33
34 15
15 37
65 37
65 54
65 125
69 125
53 69
138 53
