3
42
128 126
127 126
130 127
130 64
64 60
62 60
62 54
65 60
65 125
69 125
37 60
37 33
14 33
14 17
14 13
16 13
32 16
34 32
128 59
59 76
76 90
123 90
93 59
93 99
99 96
19 96
19 18
119 93
119 7
7 81
82 81
7 73
1 73
105 1
105 104
4 104
10 4
114 10
113 10
79 81
97 59
133 97
41
139 128
130 139
130 64
129 64
129 63
63 125
65 125
65 54
69 63
63 37
15 37
15 13
17 13
34 17
139 50
50 48
49 48
49 36
59 36
59 76
76 90
90 85
92 85
123 92
59 96
99 96
122 99
122 93
19 96
19 18
59 8
118 8
118 7
8 89
82 89
82 79
118 10
114 10
113 10
97 76
133 97
42
128 126
127 126
130 127
130 64
64 54
65 54
102 65
102 69
65 37
37 32
32 16
16 13
17 13
34 32
130 63
63 60
60 36
52 36
68 52
68 33
97 33
97 76
123 76
97 94
94 23
93 23
97 59
23 18
97 7
7 12
6 12
6 89
82 89
2 12
10 2
114 10
113 10
88 10
78 88
78 86
79 86
133 97
