3
23
130 64
53 64
53 136
137 136
130 64
129 64
129 63
102 63
102 65
65 60
37 60
21 37
21 59
59 6
6 0
2 0
118 6
118 8
111 2
111 1
28 1
28 11
25 11
23
130 63
69 63
69 52
49 52
49 48
50 48
50 136
137 136
130 63
69 63
69 52
68 52
68 33
97 33
97 94
94 98
75 98
75 73
2 73
25 73
7 73
7 89
8 89
25
130 139
139 50
50 136
137 136
130 139
139 53
53 51
49 51
49 36
15 36
15 16
14 16
20 14
20 18
22 18
95 22
95 96
98 96
75 98
75 73
2 73
25 73
9 73
9 81
8 81
