3
21
49 36
49 52
69 52
53 52
53 136
137 136
137 103
49 36
49 52
68 52
68 33
97 33
97 123
123 90
97 7
7 11
24 11
120 97
57 120
57 42
57 106
20
52 36
53 52
53 69
138 53
138 50
50 103
15 36
15 16
14 16
20 14
20 123
123 90
21 20
21 75
75 73
24 73
66 20
66 42
56 42
106 56
29
60 36
65 60
102 65
102 69
64 60
53 64
53 136
137 136
137 103
60 36
37 60
21 37
21 124
124 90
94 124
94 22
93 22
119 93
119 6
6 12
12 3
11 3
24 11
21 75
66 75
66 42
42 61
57 61
57 106
