3
48
107 116
107 25
25 11
30 11
30 4
28 4
8 11
8 81
82 81
82 79
88 79
80 88
80 86
119 8
119 93
93 23
95 23
95 22
93 99
75 99
94 23
94 59
133 59
107 116
107 26
26 73
66 73
66 44
67 44
67 42
42 61
58 61
107 116
107 25
25 11
7 11
97 7
97 33
14 33
14 13
17 13
69 33
53 69
139 53
69 33
53 69
139 53
139 128
44
116 10
10 2
30 2
30 4
28 4
2 12
6 12
6 89
89 87
88 87
78 88
78 86
97 6
97 96
95 96
95 22
99 96
75 99
133 97
116 10
58 10
66 58
66 44
116 10
118 10
118 6
97 6
97 96
59 96
59 36
15 36
15 14
14 17
49 36
49 48
50 48
139 50
49 36
49 48
50 48
139 50
130 139
130 127
127 128
63
107 116
107 26
26 11
27 11
27 1
30 1
28 1
107 24
24 73
6 73
6 81
79 81
79 86
8 81
97 8
120 97
120 75
93 120
93 22
97 76
124 76
133 124
107 116
107 26
26 11
27 11
27 2
2 104
10 104
57 10
41 57
41 43
44 43
57 134
58 134
107 116
107 24
24 73
8 73
59 8
59 100
14 100
14 16
16 13
17 13
15 16
35 15
35 32
36 32
52 36
69 52
69 63
130 63
130 139
34 100
34 32
36 32
52 36
69 52
69 63
130 63
130 139
139 128
