3
21
50 136
64 50
64 54
62 54
63 54
63 33
50 136
64 50
64 60
37 60
21 37
19 21
19 18
23 18
94 23
97 94
97 8
8 11
31 11
31 4
109 4
34
53 136
140 53
140 64
129 64
129 63
63 60
62 60
53 36
36 32
35 32
35 15
15 16
16 13
17 13
33 17
53 136
53 36
36 32
35 32
35 15
15 16
14 16
20 14
21 20
19 21
120 20
119 120
119 8
8 12
12 3
11 3
30 11
30 2
109 2
31
50 136
140 50
140 64
64 65
65 60
62 60
140 53
53 52
68 52
68 33
50 136
138 50
138 53
53 52
68 52
68 33
34 33
34 20
20 18
19 18
19 96
97 96
97 6
118 6
118 7
7 11
27 11
27 2
111 2
111 1
109 1
