3
23
127 126
128 126
139 128
139 53
53 36
36 32
32 16
140 53
140 64
129 64
129 63
102 63
127 126
128 126
128 59
9 59
9 0
3 0
10 3
116 10
107 116
107 25
133 59
28
130 127
130 64
64 54
54 36
36 32
32 16
64 65
102 65
130 139
139 50
138 50
138 53
53 36
15 36
34 15
34 20
20 18
22 18
95 22
95 96
98 96
119 98
119 7
7 11
25 11
94 22
94 124
133 124
24
127 126
128 126
139 128
139 53
53 36
36 32
32 16
53 69
102 69
139 53
53 52
68 52
68 33
101 33
59 101
9 59
9 0
3 0
10 3
116 10
107 116
107 25
97 59
133 97
