3
24
50 48
64 50
50 69
69 33
101 33
59 33
59 6
59 123
21 59
124 123
6 89
89 87
118 6
118 10
10 3
123 90
90 85
6 81
79 81
116 10
107 116
59 96
95 96
98 96
29
50 48
64 50
64 54
37 54
21 37
21 124
131 21
131 123
124 84
84 85
97 123
97 6
21 75
75 98
6 12
12 3
97 59
59 101
2 12
10 2
88 10
88 79
88 87
21 18
22 18
95 22
6 73
25 73
107 25
28
49 48
49 36
53 36
53 64
59 36
59 76
124 76
123 76
59 101
76 92
92 85
59 6
94 59
94 98
6 0
3 0
21 59
1 0
10 1
94 23
95 23
10 86
79 86
82 79
82 87
76 73
26 73
107 26
