3
20
129 64
129 63
63 37
15 37
15 13
17 13
53 64
53 51
49 51
49 36
59 36
59 6
6 0
4 0
6 12
12 3
120 59
57 120
41 57
41 43
21
64 65
65 37
37 32
14 32
14 17
64 65
65 37
37 32
14 32
14 100
59 100
59 6
6 0
4 0
28 4
28 11
11 3
6 73
66 73
66 44
44 43
33
140 64
140 53
53 51
15 51
15 16
16 13
17 13
64 50
50 69
102 69
102 33
14 33
20 14
20 18
22 18
95 22
95 96
98 96
75 98
75 73
4 73
111 4
111 2
2 12
12 3
26 73
26 11
27 11
27 2
10 2
57 10
41 57
41 43
