3
22
66 45
67 45
46 67
66 45
67 45
67 42
42 55
57 55
57 120
119 120
119 9
9 0
1 0
10 1
114 10
120 75
21 75
135 21
120 75
21 75
21 37
37 32
28
39 66
39 43
46 43
66 75
75 98
119 98
119 7
7 0
1 0
10 1
114 10
93 98
93 23
23 18
21 18
135 21
75 99
93 99
93 59
128 59
127 128
130 127
130 63
63 33
33 17
17 13
16 13
32 16
22
66 40
40 43
46 43
66 40
40 43
41 43
41 59
93 59
93 99
119 99
119 6
6 0
1 0
10 1
114 10
21 59
21 20
135 20
59 101
101 33
34 33
34 32
