3
47
65 54
65 60
52 60
33 60
68 52
69 52
33 17
50 52
50 48
50 136
59 33
59 6
133 59
59 121
128 59
6 0
21 59
135 21
21 20
21 75
131 21
75 98
1 0
112 1
59 8
8 11
29 11
24 11
59 123
132 123
94 59
94 23
10 1
10 77
114 10
78 77
115 10
10 86
58 10
58 61
58 55
57 10
57 106
64 54
129 64
123 90
90 85
53
63 54
63 60
129 63
69 63
63 33
50 69
68 33
97 33
97 6
133 97
33 17
120 97
120 75
120 20
135 20
97 123
131 123
93 120
93 121
93 98
93 23
123 92
92 85
57 120
57 55
57 61
133 124
132 124
57 106
53 69
53 136
53 52
97 7
7 11
7 0
50 48
29 11
139 50
139 128
6 73
24 73
65 54
6 81
79 81
79 77
79 86
78 86
1 73
112 1
118 6
118 10
114 10
115 10
58
62 54
62 60
37 54
65 37
37 33
69 33
34 33
34 17
34 20
68 33
66 20
66 75
20 18
23 18
75 98
54 51
52 51
119 98
119 6
66 44
44 55
119 9
9 11
9 0
24 11
56 44
106 56
56 61
49 51
49 48
135 20
64 60
64 50
129 64
50 136
9 97
133 97
20 123
123 91
91 85
132 123
131 123
119 93
93 121
9 59
128 59
11 3
10 3
10 86
88 10
78 88
10 77
29 11
115 10
114 10
28 11
28 1
112 1
