3
29
40 38
42 38
42 61
58 61
58 10
118 10
118 7
7 11
27 11
26 11
26 73
74 73
74 123
10 4
31 4
31 11
8 11
119 8
119 99
99 96
59 96
59 100
100 33
33 60
52 60
50 52
138 50
50 136
137 136
17
66 40
66 73
2 73
27 2
76 73
123 76
76 73
123 76
20 123
20 14
15 14
15 51
52 51
50 52
138 50
50 103
137 103
22
57 40
57 45
66 45
66 75
75 73
25 73
25 11
27 11
21 75
21 124
124 123
75 99
94 99
94 59
59 101
101 33
33 60
52 60
50 52
138 50
50 136
137 136
