3
35
102 69
50 69
69 125
138 50
69 33
34 33
33 60
62 60
59 33
21 59
34 15
35 15
128 59
127 128
128 126
59 123
132 123
74 123
59 96
95 96
74 73
4 73
4 104
66 73
66 47
66 44
66 58
58 61
59 6
119 6
6 81
79 81
59 76
84 76
84 83
40
53 69
138 53
102 69
50 69
69 125
53 36
36 32
35 32
34 32
54 36
62 54
37 32
21 37
21 124
132 124
74 124
69 63
130 63
130 127
127 126
21 18
22 18
95 22
93 22
119 93
124 84
84 83
119 9
9 0
4 0
1 0
1 104
93 120
57 120
57 61
57 47
57 55
44 55
9 81
79 81
40
69 52
50 52
138 50
52 60
62 60
65 60
102 65
65 125
37 60
21 37
21 20
34 20
120 20
119 120
66 20
66 42
42 61
66 44
66 47
20 123
132 123
74 123
20 18
23 18
95 23
123 90
90 85
85 83
15 37
35 15
66 57
57 10
10 104
10 4
88 10
88 79
139 50
139 128
128 126
127 128
