3
22
19 21
19 18
21 124
124 91
124 90
76 90
76 73
26 73
107 26
107 24
24 11
30 11
30 2
8 73
8 12
118 8
8 81
79 81
19 21
19 96
59 96
128 59
24
21 18
19 18
19 96
59 96
133 59
133 124
124 91
9 59
118 9
9 12
118 7
7 0
4 0
109 4
109 2
9 89
82 89
82 79
21 37
37 60
52 60
50 52
139 50
139 128
25
19 21
19 18
21 124
124 91
74 124
74 73
2 73
6 73
6 12
118 6
6 81
82 81
82 87
88 87
88 79
21 59
59 101
101 33
33 60
52 60
50 52
139 50
130 139
130 127
127 128
