3
20
131 21
135 21
135 20
21 59
59 8
8 11
31 11
8 81
79 81
88 79
131 123
97 123
120 97
57 120
57 55
131 21
135 21
135 20
34 20
34 32
28
131 123
123 76
97 76
97 8
8 0
4 0
31 4
8 89
89 87
88 87
20 123
131 21
21 75
66 75
66 57
57 55
131 123
59 123
128 59
127 128
130 127
130 63
63 33
33 17
17 13
16 13
32 16
34 17
34
131 21
21 18
23 18
94 23
94 98
119 98
119 9
9 12
2 12
111 2
111 1
31 1
111 4
10 4
88 10
21 20
21 18
23 18
94 23
94 98
119 98
119 9
9 12
2 12
2 104
10 104
58 10
58 55
131 21
21 59
59 101
101 33
34 33
34 32
