3
39
64 54
64 50
50 48
53 64
138 53
64 54
64 50
50 103
103 33
59 33
59 6
6 0
3 0
11 3
29 11
28 11
28 4
6 89
82 89
59 121
93 121
122 93
122 99
94 99
94 124
120 59
59 121
93 121
93 99
119 99
119 7
7 81
9 81
9 73
66 73
66 44
67 44
44 55
58 55
31
54 51
49 51
49 48
53 51
138 53
37 54
37 32
14 32
14 100
59 100
59 7
7 11
29 11
30 11
30 4
7 81
82 81
94 59
94 98
122 98
59 76
124 76
93 98
93 120
41 59
41 43
44 43
42 43
67 42
44 55
58 55
36
65 54
64 65
140 64
140 50
50 48
140 53
138 53
54 51
15 51
15 14
20 14
20 18
22 18
95 22
95 96
98 96
75 98
75 73
25 73
25 11
29 11
4 73
122 98
8 73
8 89
89 87
82 87
120 75
95 23
94 23
94 124
66 20
66 44
67 44
66 134
58 134
