3
23
115 10
10 104
4 104
30 4
30 11
9 11
9 97
97 76
84 76
84 83
120 97
115 10
58 10
58 61
115 10
10 2
30 2
30 11
9 11
9 97
97 33
33 60
65 60
26
115 10
10 4
4 73
8 73
59 8
59 123
123 90
90 85
85 83
120 59
115 10
57 10
57 61
115 10
10 77
79 77
82 79
82 81
9 81
119 9
119 93
93 23
23 18
21 18
21 37
65 37
32
115 10
10 1
111 1
111 4
4 0
8 0
97 8
97 123
123 91
91 85
85 83
97 94
94 98
122 98
122 93
93 120
115 10
10 2
2 0
8 0
119 8
119 120
57 120
57 61
115 10
10 2
2 0
7 0
59 7
59 36
60 36
65 60
