3
27
14 16
14 33
63 33
63 125
69 125
53 69
14 16
14 33
63 33
63 125
69 125
53 69
139 53
139 128
128 126
14 16
14 33
63 33
63 37
21 37
21 124
74 124
74 73
1 73
109 1
124 92
21 75
37
16 13
14 13
14 17
34 17
34 33
102 33
102 69
69 52
53 52
16 13
14 13
14 17
34 17
34 33
102 33
102 63
63 60
64 60
130 64
130 139
139 128
128 126
16 13
14 13
14 100
59 100
59 6
6 0
1 0
109 1
59 76
76 92
123 92
74 123
93 59
93 99
75 99
37
32 16
34 32
34 100
100 33
103 33
50 103
140 50
140 53
32 16
34 32
34 100
100 33
103 33
50 103
50 69
69 63
130 63
130 127
127 128
127 126
32 16
34 32
34 100
100 33
97 33
97 94
94 98
75 98
75 73
1 73
109 1
97 76
76 92
92 85
84 85
124 84
74 124
