3
34
109 1
10 1
110 1
116 10
10 86
113 10
1 0
5 0
6 0
6 89
97 6
82 89
133 97
120 6
120 20
97 123
131 123
97 33
103 33
57 10
57 47
63 33
130 63
130 139
130 127
127 126
50 103
138 50
34 20
34 32
35 32
28 1
28 11
29 11
36
109 4
10 4
4 73
6 73
113 10
116 10
10 86
66 73
66 20
66 47
9 73
9 97
9 89
6 81
82 81
21 20
131 21
59 6
133 59
128 59
139 128
128 126
130 139
139 53
138 53
4 0
5 0
20 14
15 14
35 15
9 11
29 11
1 73
110 1
59 33
103 33
42
109 2
10 2
2 12
6 12
7 12
7 89
97 7
82 89
133 97
82 79
79 86
59 7
59 123
20 123
131 123
41 59
41 43
47 43
59 36
53 36
138 53
53 64
130 64
139 53
36 32
35 32
53 136
137 136
137 103
128 59
128 126
113 10
2 73
25 73
107 25
107 116
2 0
5 0
7 11
29 11
109 1
110 1
