3
19
10 86
118 10
118 6
120 6
120 75
10 86
118 10
118 6
120 6
120 20
20 14
14 32
37 32
14 17
65 37
64 65
140 64
140 53
138 53
24
79 86
79 81
6 81
97 6
97 94
94 99
75 99
79 86
79 81
7 81
119 7
119 120
120 59
128 59
127 128
130 127
130 64
64 54
37 54
64 50
138 50
15 37
15 14
14 17
25
78 86
78 88
88 87
89 87
9 89
9 11
25 11
25 73
75 73
78 86
78 88
88 87
89 87
8 89
97 8
97 59
59 101
101 33
37 33
37 60
64 60
140 64
140 50
138 50
33 17
