3
22
57 40
57 134
40 38
41 38
40 43
42 43
42 61
58 61
58 10
10 1
112 1
118 10
118 8
97 8
97 33
33 60
52 60
50 52
140 50
50 136
137 136
137 103
26
66 40
66 134
40 38
41 38
66 40
66 20
135 20
135 21
21 75
120 75
119 120
119 9
9 0
1 0
112 1
135 20
135 21
21 37
63 37
69 63
50 69
140 50
140 53
53 136
137 136
137 103
21
57 40
57 134
57 106
106 56
41 56
40 43
39 43
39 66
66 73
1 73
112 1
74 73
74 123
20 123
34 20
34 32
36 32
52 36
50 52
140 50
50 103
