3
25
135 20
120 20
120 6
6 89
8 89
8 11
31 11
31 1
108 1
25 11
10 1
114 10
135 20
21 20
21 124
133 124
133 59
59 36
52 36
50 52
50 103
54 36
64 54
130 64
130 127
25
135 21
21 75
75 73
25 73
2 73
111 2
111 1
108 1
2 104
10 104
114 10
135 21
21 37
37 54
64 54
53 64
53 136
137 136
137 103
65 37
64 65
53 64
139 53
130 139
130 127
26
135 20
20 123
74 123
74 73
26 73
107 26
107 25
4 73
111 4
111 1
108 1
9 73
118 9
118 10
114 10
135 20
20 123
97 123
97 33
103 33
102 33
102 69
50 69
139 50
139 128
127 128
