3
23
63 60
62 60
62 54
54 51
49 51
49 52
63 60
37 60
37 33
101 33
59 101
21 59
135 21
9 59
9 81
82 81
59 121
93 121
93 98
75 98
66 75
41 66
41 38
28
102 63
102 65
65 60
65 125
69 125
69 52
102 63
102 65
65 125
69 125
69 52
68 52
68 33
33 17
14 17
20 14
135 20
120 20
119 120
119 9
9 89
82 89
66 20
41 66
41 38
120 20
120 59
59 101
40
63 54
62 54
62 60
64 60
64 50
50 48
49 48
49 52
63 54
62 54
62 60
60 36
15 36
34 15
34 20
135 20
21 20
131 21
131 123
123 76
76 73
7 73
118 7
118 9
7 89
89 87
82 87
7 73
7 89
89 87
82 87
82 79
79 86
10 86
57 10
41 57
41 38
102 63
102 33
101 33
