3
31
21 20
131 21
21 18
23 18
93 23
93 59
9 59
9 0
5 0
118 9
118 6
6 73
24 73
24 11
31 11
31 4
109 4
118 10
114 10
113 10
21 20
21 18
23 18
93 23
93 59
59 33
103 33
137 103
137 136
53 136
140 53
25
20 123
131 123
124 123
124 76
76 73
1 73
109 1
30 1
30 11
1 0
5 0
1 104
10 104
114 10
113 10
34 20
34 15
15 51
54 51
64 54
140 64
49 51
49 48
50 48
50 103
29
120 20
120 6
118 6
118 7
7 0
5 0
7 11
27 11
27 1
109 1
26 11
107 26
107 116
116 10
114 10
113 10
120 97
133 97
133 124
124 123
131 123
20 14
15 14
15 51
49 51
49 48
50 48
50 103
140 50
