3
27
90 85
84 90
124 84
132 124
90 85
76 90
76 73
4 73
31 4
31 1
112 1
9 73
118 9
118 8
90 85
123 90
20 123
66 20
66 44
67 44
90 85
123 90
59 123
59 36
60 36
53 36
53 51
30
84 85
124 84
132 124
84 85
84 76
97 76
97 6
6 89
8 89
8 11
30 11
30 4
30 1
112 1
84 85
84 76
97 76
120 97
57 120
66 57
66 44
67 44
84 85
84 76
97 76
97 33
33 60
62 60
62 54
54 51
34
92 85
123 92
132 123
92 85
123 92
97 123
97 59
59 8
8 81
9 81
9 0
4 0
111 4
111 1
112 1
92 85
123 92
97 123
97 59
41 59
41 38
42 38
67 42
92 85
123 92
131 123
131 21
21 37
37 60
65 60
102 65
102 69
53 69
53 51
