3
33
41 38
41 56
41 57
57 134
41 66
66 20
20 18
23 18
20 14
14 16
20 123
132 123
66 75
75 98
119 98
119 6
123 90
90 85
6 81
79 81
14 33
33 60
88 79
78 88
60 36
49 36
53 36
138 53
139 53
57 10
10 1
27 1
31 1
37
41 38
41 59
59 6
41 56
59 8
119 8
128 59
139 128
8 11
31 11
27 11
21 59
21 18
21 20
21 37
37 60
21 124
132 124
15 37
15 16
52 60
49 52
124 84
84 85
59 96
98 96
94 59
94 23
139 50
138 50
6 89
82 89
82 79
79 77
78 77
41 66
66 134
42
41 43
40 43
40 38
42 43
56 42
57 40
57 120
119 120
120 20
120 6
93 120
93 23
93 98
20 18
57 134
34 20
34 32
32 16
6 73
4 73
31 4
2 73
27 2
76 73
76 92
92 85
10 4
10 86
78 86
79 86
34 33
33 60
123 76
132 123
63 33
130 63
130 139
34 15
15 51
49 51
53 51
138 53
