3
23
37 32
63 37
129 63
129 64
53 64
138 53
37 32
63 37
130 63
130 127
14 32
14 100
59 100
59 6
6 0
3 0
10 3
59 96
59 7
7 73
66 73
66 44
56 44
38
32 16
16 13
15 13
15 37
37 54
63 54
69 63
50 69
138 50
32 16
16 13
15 13
15 37
37 54
63 54
130 63
130 127
32 16
14 16
14 33
59 33
59 6
6 0
3 0
10 3
59 121
93 121
93 99
99 96
59 8
8 81
79 81
88 79
88 10
58 10
66 58
66 44
56 44
37
35 32
35 15
15 13
17 13
33 17
102 33
102 69
53 69
138 53
35 32
35 15
15 13
17 13
33 17
102 33
102 69
53 69
139 53
139 128
127 128
35 32
35 15
15 13
17 13
33 17
97 33
97 94
94 98
75 98
75 73
1 73
10 1
98 96
120 97
57 120
41 57
41 56
