3
23
1 104
27 1
27 11
8 11
97 8
97 76
124 76
97 94
94 23
23 18
19 18
1 104
27 1
27 11
8 11
97 8
97 33
103 33
137 103
137 136
53 136
53 64
64 65
29
4 104
4 0
8 0
8 81
7 81
97 7
97 123
124 123
97 96
19 96
4 104
4 0
8 0
8 81
7 81
97 7
97 96
95 96
95 22
22 18
21 18
21 37
37 54
54 51
49 51
49 48
50 48
50 103
65 54
22
2 104
2 73
6 73
97 6
133 97
133 124
132 124
132 123
131 123
131 21
19 21
2 104
2 73
6 73
97 6
133 97
133 59
59 33
103 33
63 33
102 63
102 65
