3
35
9 81
9 12
9 0
4 0
111 4
30 4
111 1
105 1
1 73
25 73
9 97
133 97
97 123
74 123
123 90
97 94
94 99
93 99
122 93
6 81
118 6
118 10
57 10
57 45
45 43
67 45
67 42
39 43
47 43
9 81
9 97
97 33
33 60
34 33
34 17
49
7 81
7 12
7 0
2 12
111 2
109 2
109 4
30 2
109 1
105 1
31 4
31 11
26 11
107 26
107 25
97 7
133 97
133 124
74 124
124 90
133 59
59 121
93 121
122 93
93 98
94 98
7 81
7 12
2 12
10 2
58 10
66 58
66 44
44 43
42 43
45 43
42 55
56 55
39 56
47 43
6 81
120 6
120 20
34 20
34 15
15 51
52 51
52 60
34 17
46
8 81
8 12
8 0
2 0
111 2
111 4
30 4
2 104
105 104
28 4
28 11
24 11
107 24
107 25
6 81
97 6
97 76
124 76
74 124
76 90
133 97
97 94
94 99
122 99
9 81
9 73
66 73
66 45
45 43
67 45
67 42
46 67
46 55
39 55
39 57
57 47
9 81
9 73
74 73
74 123
20 123
20 14
14 17
15 14
15 36
60 36
