3
25
124 84
84 85
124 84
84 76
76 73
26 73
26 11
7 11
7 89
9 89
132 124
132 123
97 123
120 97
57 120
57 47
47 43
132 124
132 123
59 123
128 59
127 128
130 127
130 63
102 63
30
124 90
84 90
84 83
85 83
124 91
74 91
74 73
25 73
107 25
107 26
8 73
118 8
118 9
124 91
74 91
74 73
1 73
1 104
10 104
58 10
66 58
66 44
44 43
124 92
76 92
59 76
59 36
60 36
63 60
102 63
18
124 84
84 85
124 76
97 76
97 7
118 7
118 9
7 11
26 11
21 124
21 20
66 20
41 66
41 43
133 124
133 59
59 33
102 33
