3
55
49 48
49 36
15 36
60 36
34 15
35 15
15 37
34 17
33 60
102 33
65 60
65 125
59 36
59 76
94 59
59 121
94 22
76 91
76 90
74 91
59 96
19 96
76 73
25 73
24 73
59 6
6 89
6 81
89 87
88 87
78 88
66 73
66 42
66 57
67 42
42 55
46 67
66 45
39 66
107 25
107 116
64 60
130 64
88 10
114 10
117 10
10 104
4 73
28 4
30 4
59 123
132 123
131 123
25 11
29 11
59
49 48
49 51
15 51
49 52
52 60
52 36
37 60
37 33
34 33
33 17
97 33
97 76
97 94
97 96
69 52
69 125
102 69
97 123
74 123
123 91
123 90
97 7
7 89
7 81
94 22
21 37
131 21
19 21
79 81
88 79
63 60
130 63
89 87
93 22
93 121
79 77
78 77
7 11
24 11
28 11
30 11
25 11
124 76
132 124
35 15
28 1
1 104
10 77
116 10
57 10
57 45
57 55
39 57
57 42
46 55
67 45
114 10
29 11
117 10
63
49 36
36 32
34 32
35 32
37 32
60 36
14 32
14 17
15 14
14 33
63 37
63 125
102 63
130 63
34 20
20 123
123 76
20 18
19 18
22 18
120 20
57 120
131 123
74 123
57 55
39 55
57 42
44 55
67 44
57 61
46 61
57 45
123 91
123 90
124 123
94 124
19 96
132 123
59 33
59 121
59 8
8 81
8 89
82 81
82 87
88 87
78 88
74 73
25 73
2 73
2 104
30 2
24 73
8 11
28 11
10 2
116 10
103 33
50 103
50 48
114 10
117 10
29 11
