3
25
106 56
56 55
58 55
106 56
56 55
39 55
39 38
41 38
41 59
133 59
133 124
124 91
97 59
97 6
6 12
8 12
8 11
31 11
31 4
111 4
111 2
59 36
52 36
69 52
69 125
25
57 106
57 61
58 61
57 106
57 45
66 45
66 20
20 123
123 91
124 123
94 124
94 98
119 98
119 6
6 89
7 89
7 73
2 73
21 20
21 37
37 54
54 51
52 51
69 52
69 125
23
57 106
57 134
58 134
57 106
57 42
42 43
40 43
66 40
66 75
120 75
120 97
97 123
123 91
119 120
119 8
8 12
2 12
75 99
99 96
59 96
59 33
63 33
63 125
