3
28
107 116
107 24
24 73
4 73
4 104
9 73
9 0
9 97
97 94
94 23
93 23
93 98
98 96
107 116
107 24
24 73
9 73
9 59
41 59
41 43
40 43
107 116
107 24
24 73
9 73
9 59
59 33
69 33
24
116 10
10 104
2 104
2 0
2 12
7 12
97 7
97 96
116 10
57 10
57 40
116 10
118 10
118 7
97 7
97 76
123 76
131 123
131 21
21 37
37 54
54 51
52 51
69 52
29
107 116
107 25
25 11
27 11
27 1
105 1
105 104
28 1
28 4
4 0
9 11
119 9
119 93
122 93
122 98
98 96
116 10
58 10
66 58
66 40
107 116
107 25
25 73
6 73
120 6
120 20
20 14
14 33
69 33
