3
38
5 0
2 0
27 2
27 11
11 3
10 2
117 10
7 11
119 7
119 98
98 96
122 98
122 93
93 22
95 22
95 23
5 0
4 0
10 4
57 10
5 0
8 0
8 89
7 89
119 7
119 93
93 59
59 100
14 100
14 13
16 13
32 16
37 32
37 54
63 54
129 63
129 64
140 64
39
5 0
7 0
7 12
12 3
7 89
89 87
88 87
88 10
117 10
9 89
119 9
119 120
93 120
122 93
122 99
99 96
93 22
95 96
95 23
5 0
4 0
4 104
10 104
57 10
5 0
9 0
119 9
119 120
93 120
93 22
22 18
20 18
34 20
34 17
17 13
34 33
69 33
50 69
140 50
41
5 0
2 0
109 2
109 4
28 4
28 11
11 3
2 12
9 12
9 89
82 89
82 79
79 86
10 86
117 10
9 97
97 96
95 96
95 23
95 22
5 0
8 0
118 8
118 6
120 6
57 120
5 0
8 0
118 8
118 7
97 7
97 59
128 59
127 128
130 127
130 64
140 64
140 53
53 36
15 36
15 13
