3
21
62 60
33 60
100 33
59 100
59 96
97 96
97 76
84 76
84 83
19 96
19 18
22 18
85 83
91 85
74 91
74 73
25 73
107 25
107 116
116 10
113 10
22
62 60
63 60
63 33
34 33
34 20
20 18
19 18
19 96
22 18
21 18
131 21
131 123
123 90
84 90
84 83
99 96
119 99
119 9
118 9
118 10
116 10
113 10
25
62 60
52 60
69 52
69 33
14 33
20 14
20 123
123 91
91 85
85 83
124 123
94 124
94 22
94 98
98 96
97 123
97 8
8 73
26 73
107 26
107 116
4 73
4 104
10 104
113 10
