3
36
17 13
14 13
16 13
15 16
35 15
35 32
34 32
15 37
65 37
64 65
64 50
17 13
16 13
15 16
15 37
65 37
64 65
64 50
139 50
139 128
128 59
59 6
6 0
6 12
7 12
59 121
93 121
93 98
98 96
59 76
84 76
84 85
21 59
21 75
66 75
66 45
24
34 17
34 32
35 32
14 32
37 32
63 37
69 63
50 69
34 17
34 100
100 33
97 33
97 6
6 0
6 89
7 89
97 76
84 76
84 85
97 96
97 59
120 59
57 120
57 45
24
14 17
14 13
15 13
35 15
35 32
34 32
15 36
49 36
49 48
50 48
14 17
14 100
59 100
59 7
7 0
93 59
93 99
99 96
59 123
123 92
92 85
41 59
41 66
66 45
