3
21
127 126
128 126
139 128
139 53
53 136
50 136
127 126
128 126
128 59
133 59
133 124
74 124
120 59
120 75
66 75
66 44
56 44
56 61
46 61
46 43
40 43
21
130 127
130 64
64 50
50 136
130 64
64 65
65 37
37 32
34 32
34 20
20 123
74 123
135 20
135 21
21 59
41 59
41 56
56 44
56 42
42 38
40 38
24
127 126
128 126
139 128
139 53
53 136
140 53
140 50
130 139
130 63
63 54
54 36
59 36
59 6
6 73
74 73
94 59
94 23
93 23
93 120
57 120
41 57
41 56
56 44
57 40
