3
24
11 3
12 3
6 12
3 0
5 0
119 6
119 93
1 0
105 1
10 3
57 10
39 57
57 45
59 6
128 59
139 128
59 76
76 91
59 33
68 33
33 60
62 60
103 33
137 103
25
9 11
9 12
9 59
93 59
9 0
6 0
59 123
123 91
5 0
59 36
54 36
62 54
53 36
139 53
52 36
68 52
53 136
137 136
9 73
66 73
39 66
66 45
2 12
2 104
105 104
26
8 11
8 12
118 8
118 6
120 6
93 120
8 73
74 73
74 91
57 120
57 45
39 57
1 73
105 1
97 8
97 33
68 33
69 33
50 69
139 50
50 103
137 103
33 60
62 60
8 0
5 0
