3
31
105 1
27 1
27 11
7 11
7 89
82 89
119 7
119 93
122 93
122 99
99 96
19 96
19 21
131 21
131 123
105 1
27 1
27 11
7 11
119 7
119 93
122 93
122 99
99 96
19 96
19 21
21 20
34 20
34 100
14 100
14 16
19
105 104
1 104
1 73
8 73
8 81
82 81
74 73
74 123
105 104
1 104
1 73
7 73
97 7
97 59
59 101
101 33
100 33
14 100
14 16
24
105 104
2 104
2 73
6 73
6 89
82 89
76 73
123 76
105 104
2 104
2 73
75 73
75 98
93 98
93 59
128 59
127 128
130 127
130 63
63 33
100 33
34 100
34 32
32 16
