3
23
100 33
37 33
37 60
60 36
59 36
59 6
6 0
1 0
110 1
94 59
94 124
124 92
92 85
85 83
31 1
31 4
10 4
116 10
59 121
93 121
93 120
57 120
57 106
25
34 100
34 20
20 18
22 18
94 22
94 98
119 98
119 6
6 0
1 0
110 1
21 18
21 124
124 92
92 85
85 83
28 1
28 11
24 11
107 24
107 116
66 20
41 66
41 56
106 56
25
34 100
34 33
102 33
102 63
130 63
130 127
127 128
128 59
9 59
9 0
1 0
110 1
59 76
84 76
84 83
30 1
30 2
10 2
116 10
21 59
21 75
66 75
41 66
41 56
106 56
