3
21
108 1
1 104
4 104
4 0
8 0
59 8
59 121
93 121
108 1
1 104
4 104
4 0
8 0
59 8
59 101
101 33
33 60
52 60
49 52
14 33
14 13
23
108 1
109 1
109 2
2 0
7 0
97 7
97 96
95 96
95 22
93 22
108 1
109 1
109 2
2 0
7 0
59 7
59 100
100 33
33 60
52 60
49 52
14 100
14 13
30
108 1
28 1
28 11
26 11
26 73
7 73
118 7
118 9
9 0
118 8
119 8
119 93
108 1
28 1
28 11
26 11
26 73
7 73
118 7
118 8
119 8
119 93
93 23
23 18
21 18
21 37
15 37
15 51
49 51
15 13
