3
29
67 44
44 55
39 55
39 38
41 38
41 59
59 96
95 96
98 96
119 98
119 6
6 89
82 89
9 89
9 12
2 12
27 2
111 2
111 1
110 1
59 123
131 123
131 21
21 20
20 14
14 33
33 60
62 60
14 17
32
67 44
67 44
67 42
42 43
40 43
66 40
66 73
6 73
97 6
97 94
94 22
95 22
6 81
82 81
2 73
27 2
27 1
110 1
119 6
9 73
118 9
118 6
120 6
120 20
34 20
34 15
15 51
54 51
62 54
15 16
16 13
17 13
43
56 44
56 55
46 55
46 67
56 44
56 61
58 61
58 10
10 2
2 12
8 12
97 8
97 96
95 96
109 2
109 4
30 4
30 1
110 1
27 2
7 12
7 89
82 89
119 7
10 104
1 104
31 1
31 11
9 11
9 59
128 59
127 128
130 127
130 64
64 54
62 54
140 64
140 53
53 52
52 36
36 32
14 32
14 17
