3
22
102 69
50 69
139 50
102 63
63 60
60 36
59 36
59 8
8 73
24 73
107 24
8 89
9 89
118 9
118 10
117 10
97 59
120 97
57 120
57 45
45 43
39 43
30
102 63
130 63
130 139
102 63
69 63
69 33
59 33
59 8
8 81
9 81
9 73
26 73
107 26
1 73
10 1
117 10
59 121
93 121
93 99
75 99
75 73
1 73
10 1
57 10
57 45
67 45
46 67
46 61
56 61
39 56
31
102 65
65 125
69 125
53 69
139 53
102 65
65 125
69 125
53 69
138 53
138 50
50 103
103 33
101 33
59 101
59 8
8 12
12 3
11 3
25 11
107 25
31 11
31 4
10 4
117 10
21 59
21 75
66 75
66 45
45 43
39 43
