3
26
10 104
105 104
4 104
4 73
8 73
119 8
119 98
122 98
122 99
94 99
10 86
79 86
79 81
7 81
119 7
119 120
93 120
93 22
22 18
21 18
21 37
37 54
54 51
52 51
50 52
139 50
24
10 1
105 1
31 1
31 11
8 11
97 8
97 96
99 96
94 99
118 10
118 9
9 97
97 96
95 96
95 23
23 18
20 18
34 20
34 32
37 32
37 60
64 60
130 64
130 139
27
10 104
105 104
105 1
109 1
109 4
4 0
8 0
8 81
6 81
120 6
120 75
75 99
122 99
122 93
93 22
94 22
88 10
88 87
89 87
7 89
97 7
97 76
59 76
59 36
52 36
50 52
139 50
