3
32
116 10
10 4
30 4
30 11
26 11
26 73
75 73
116 10
10 4
30 4
30 11
26 11
26 73
75 73
66 75
39 66
39 38
40 38
116 10
10 4
30 4
30 11
26 11
26 73
74 73
74 91
76 91
59 76
59 100
100 33
33 60
64 60
33
107 116
107 24
24 11
7 11
119 7
119 99
75 99
107 24
24 11
9 11
9 81
6 81
120 6
120 20
66 20
39 66
39 56
56 42
42 38
40 38
107 116
107 24
24 11
9 11
9 81
6 81
120 6
120 20
20 14
15 14
15 51
54 51
64 54
37
107 116
107 25
25 11
11 3
12 3
9 12
119 9
119 98
75 98
107 25
25 11
11 3
12 3
7 12
7 81
79 81
88 79
78 88
78 86
10 86
57 10
39 57
39 43
40 43
107 116
107 25
25 11
11 3
12 3
9 12
119 9
119 93
93 59
128 59
127 128
130 127
130 64
