3
20
66 47
66 73
1 73
110 1
7 73
7 12
6 12
97 6
97 123
123 90
84 90
7 73
7 12
6 12
97 6
97 33
33 17
17 13
16 13
32 16
29
57 47
57 10
10 1
110 1
1 104
2 104
2 73
9 73
9 89
6 89
119 6
119 120
120 97
97 76
84 76
10 77
79 77
82 79
82 89
6 89
119 6
119 120
120 97
97 59
59 33
34 33
34 15
35 15
35 32
24
47 43
39 43
39 55
58 55
58 10
10 1
110 1
109 1
109 4
28 4
28 11
24 11
24 73
76 73
84 76
10 2
2 0
7 0
59 7
59 101
101 33
100 33
14 100
14 32
