3
26
5 0
2 0
10 2
116 10
5 0
8 0
8 73
66 73
66 134
5 0
8 0
119 8
119 99
75 99
21 75
21 20
20 14
14 32
14 13
17 13
34 17
34 33
103 33
50 103
50 48
49 48
21
5 0
4 0
4 104
10 104
116 10
5 0
7 0
7 12
6 12
120 6
120 75
66 75
66 134
5 0
7 0
97 7
97 33
33 60
60 36
36 32
49 36
29
5 0
4 0
4 73
26 73
107 26
107 116
5 0
4 0
4 73
74 73
74 124
21 124
21 18
20 18
66 20
66 134
5 0
4 0
4 73
74 73
74 123
59 123
59 100
14 100
14 32
14 16
15 16
15 36
49 36
