3
18
15 36
53 36
139 53
139 128
15 16
14 16
14 33
97 33
97 94
94 98
75 98
75 73
25 73
25 11
31 11
97 59
41 59
41 38
22
35 15
35 32
36 32
52 36
53 52
139 53
139 128
15 37
21 37
19 21
19 96
95 96
95 22
93 22
119 93
119 7
7 11
31 11
21 75
66 75
41 66
41 38
31
15 13
14 13
14 17
33 17
69 33
69 125
63 125
130 63
130 127
127 128
15 13
14 13
14 17
34 17
34 100
59 100
59 6
6 0
3 0
11 3
31 11
59 96
98 96
122 98
122 99
119 99
119 8
8 73
66 73
41 66
41 38
