3
21
2 73
2 12
12 3
7 12
7 89
82 89
82 79
10 2
57 10
57 61
2 12
7 12
97 7
97 96
59 96
59 101
101 33
33 60
52 60
50 52
50 136
36
109 2
109 4
4 73
27 2
27 11
11 3
9 73
118 9
118 10
10 77
79 77
27 2
27 11
8 11
97 8
120 97
57 120
57 61
27 2
27 11
8 11
97 8
120 97
93 120
93 99
94 99
94 22
22 18
21 18
21 20
34 20
34 32
36 32
52 36
50 52
50 136
27
2 73
8 73
8 12
12 3
8 81
79 81
2 0
9 0
9 97
97 59
41 59
41 57
57 61
2 0
9 0
9 97
97 59
21 59
135 21
135 20
20 14
15 14
15 37
37 60
52 60
50 52
50 136
