3
37
42 38
56 42
106 56
42 38
42 61
58 61
58 10
88 10
88 87
89 87
8 89
8 11
30 11
7 89
118 7
8 12
6 12
119 8
119 93
93 98
94 98
10 104
2 104
2 12
7 12
59 7
59 36
60 36
63 60
102 63
54 36
63 54
129 63
129 64
130 64
130 127
127 126
27
39 38
39 56
106 56
39 38
39 43
45 43
66 45
66 20
120 20
120 6
6 0
1 0
30 1
118 6
93 120
122 93
122 98
94 98
20 123
59 123
128 59
128 126
128 126
127 126
130 127
130 63
102 63
21
40 38
57 40
57 106
41 38
41 59
59 6
6 0
3 0
11 3
30 11
6 12
9 12
118 9
94 59
59 33
102 33
69 33
53 69
139 53
139 128
128 126
