3
24
19 21
21 124
74 124
132 124
132 123
97 123
97 6
118 6
118 9
9 11
28 11
28 4
109 4
111 4
111 1
118 10
115 10
19 18
23 18
94 23
94 59
59 36
52 36
52 51
22
19 18
22 18
94 22
94 124
74 124
124 90
76 90
76 73
1 73
30 1
30 2
109 2
6 73
118 6
10 1
115 10
19 21
21 37
63 37
69 63
69 52
52 51
25
19 96
98 96
93 98
93 23
94 23
94 124
74 124
119 93
119 7
118 7
7 0
4 0
31 4
31 1
109 4
10 4
115 10
19 96
98 96
93 98
93 59
59 33
33 60
52 60
52 51
