3
45
80 88
88 79
82 79
82 89
9 89
9 11
30 11
30 2
111 2
30 1
6 89
119 6
119 120
93 120
122 93
122 99
93 23
88 10
58 10
66 58
66 44
44 43
88 79
82 79
82 89
6 89
119 6
119 120
120 59
21 59
135 21
135 20
34 20
34 100
34 15
35 15
35 32
37 32
65 37
65 125
63 125
102 63
102 69
53 69
139 53
47
78 88
78 77
80 77
88 87
82 87
82 81
9 81
118 9
118 7
7 11
28 11
28 4
111 4
28 1
6 81
97 6
97 94
94 23
94 99
93 99
88 87
82 87
82 81
6 81
97 6
133 97
133 59
41 59
41 43
88 87
82 87
82 81
6 81
97 6
133 97
133 59
59 101
101 33
100 33
37 33
65 37
65 60
63 60
63 125
69 125
50 69
139 50
37
80 88
80 86
79 86
79 81
9 81
9 73
1 73
111 1
119 9
119 99
122 99
122 93
93 22
95 22
95 23
78 88
78 77
79 77
79 81
9 81
9 73
66 73
66 44
44 43
78 88
78 77
79 77
79 81
8 81
59 8
128 59
139 128
139 50
50 52
68 52
68 33
100 33
