3
30
110 1
109 1
109 2
1 73
7 73
7 89
82 89
82 79
79 86
80 86
110 1
1 73
66 73
66 44
67 44
110 1
1 73
8 73
97 8
97 76
123 76
131 123
131 21
21 20
34 20
34 32
36 32
52 36
50 52
139 50
28
110 1
1 104
2 104
10 1
10 77
80 77
110 1
10 1
58 10
58 55
46 55
46 67
110 1
31 1
31 11
9 11
119 9
119 93
93 23
23 18
20 18
20 14
14 32
36 32
54 36
64 54
130 64
130 139
26
110 1
109 1
109 2
10 2
10 86
80 86
110 1
109 1
109 2
2 73
75 73
66 75
66 45
67 45
110 1
109 1
109 2
2 0
8 0
59 8
59 101
101 33
33 60
52 60
50 52
139 50
