3
23
46 61
42 61
42 38
41 38
41 59
59 6
6 81
21 59
131 21
59 33
37 33
37 54
63 54
63 125
69 125
69 52
49 52
49 48
69 33
69 52
53 52
139 53
139 128
33
46 61
42 61
57 42
57 10
10 1
1 0
8 0
8 81
7 81
59 7
120 59
120 75
21 75
131 21
118 10
118 7
59 7
59 101
101 33
37 33
63 37
69 63
129 63
129 64
53 64
53 51
49 51
49 48
102 33
102 63
130 63
130 127
127 128
28
46 55
57 55
57 120
120 97
97 7
7 81
120 75
21 75
131 21
120 20
34 20
34 32
37 32
65 37
102 65
102 69
53 69
138 53
138 50
50 48
34 17
33 17
103 33
50 103
64 50
130 64
130 139
139 128
