3
68
56 55
39 55
56 42
42 43
39 38
56 42
66 42
66 20
20 123
74 123
123 92
76 92
92 85
91 85
132 123
132 124
94 124
94 22
94 99
75 99
94 23
23 18
21 18
99 96
97 96
97 8
8 73
25 73
107 25
107 26
26 11
2 73
111 2
111 4
109 4
28 4
111 1
112 1
27 1
10 2
115 10
117 10
10 77
78 77
80 77
135 20
107 116
21 20
21 37
37 60
65 60
65 125
63 125
69 125
60 36
49 36
49 51
49 52
53 51
138 53
138 50
50 103
63 33
14 33
14 13
16 13
32 16
35 32
73
39 56
56 55
42 55
42 43
40 43
40 38
39 56
39 66
66 73
74 73
74 91
91 85
92 85
76 92
25 73
107 25
107 24
24 11
27 11
27 2
2 104
1 104
112 1
28 1
109 2
10 104
115 10
117 10
10 86
78 86
78 77
80 86
74 91
91 85
84 85
84 90
76 90
59 76
59 121
93 121
93 99
94 99
94 22
75 99
74 91
91 85
84 85
84 90
124 90
21 124
135 21
116 10
9 73
9 59
59 36
60 36
65 60
63 60
102 65
102 69
64 60
53 64
53 51
138 53
52 51
138 50
50 103
102 33
33 17
14 17
15 14
35 15
35 32
71
56 61
42 61
42 43
42 55
39 55
42 38
56 61
42 61
42 43
47 43
66 47
66 75
75 98
98 96
97 96
97 123
74 123
123 92
76 92
123 91
122 98
122 99
95 96
95 22
21 75
123 92
76 92
76 73
26 73
107 26
107 25
26 11
28 11
28 1
112 1
30 1
30 2
27 1
30 4
109 4
8 11
118 8
118 10
115 10
117 10
88 10
80 88
80 77
78 77
135 21
107 116
120 75
120 20
20 14
14 32
36 32
60 36
63 60
63 54
65 54
69 63
35 32
54 51
49 51
49 52
53 51
138 53
53 136
137 136
137 103
69 33
