3
22
131 123
123 76
76 73
2 73
10 2
88 10
88 79
131 123
123 76
59 76
120 59
57 120
57 55
131 123
123 76
59 76
59 101
131 123
20 123
34 20
34 33
68 33
36
131 21
21 18
22 18
95 22
95 23
93 23
119 93
119 7
7 81
79 81
131 21
21 18
22 18
95 22
95 23
93 23
119 93
119 7
7 11
30 11
30 1
10 1
58 10
58 55
131 21
21 37
37 54
54 51
52 51
68 52
37 54
63 54
63 125
69 125
69 33
101 33
31
131 123
74 123
74 73
7 73
7 89
82 89
82 87
88 87
88 79
131 21
21 75
120 75
57 120
57 55
131 123
124 123
94 124
94 59
128 59
127 128
130 127
130 64
64 54
54 51
52 51
68 52
131 123
124 123
94 124
94 59
59 101
