3
25
53 51
140 53
140 64
64 65
65 54
37 54
15 37
35 15
53 51
140 53
140 50
50 103
103 33
97 33
97 94
94 98
75 98
75 73
25 73
25 11
11 3
10 3
88 10
88 87
120 97
27
54 51
65 54
49 51
49 52
68 52
68 33
34 33
34 17
17 13
16 13
15 16
35 15
49 51
49 52
68 52
68 33
101 33
59 101
9 59
9 0
3 0
10 3
10 77
79 77
82 79
82 87
120 59
27
52 51
69 52
69 125
65 125
65 54
54 36
15 36
15 16
32 16
35 32
49 51
49 48
50 48
139 50
139 128
128 59
9 59
9 0
3 0
10 3
10 77
79 77
82 79
82 87
59 121
93 121
93 120
