3
33
123 92
59 123
59 121
93 121
93 98
119 98
119 6
118 6
6 73
26 73
123 92
59 123
59 121
93 121
93 98
119 98
119 6
118 6
118 8
8 0
2 0
2 104
10 104
57 10
57 134
124 92
21 124
21 37
37 54
54 51
52 51
50 52
139 50
28
76 92
76 73
26 73
8 73
118 8
92 85
85 83
84 83
84 90
124 90
94 124
94 99
75 99
66 75
66 134
92 85
85 83
84 83
84 90
124 90
21 124
21 20
34 20
34 15
15 51
52 51
50 52
139 50
23
124 92
74 124
74 73
24 73
107 24
107 26
7 73
118 7
76 92
59 76
21 59
19 21
19 18
20 18
66 20
66 134
76 92
97 76
97 33
68 33
68 52
50 52
139 50
