3
18
57 45
57 40
40 38
45 43
41 43
41 59
59 7
7 81
79 81
79 77
78 77
94 59
94 22
59 33
33 60
52 60
52 51
15 51
29
57 45
39 57
39 38
57 45
57 10
10 77
78 77
78 86
79 86
82 79
82 89
9 89
9 12
7 12
97 7
97 59
93 59
93 22
10 104
105 104
105 1
31 1
31 11
7 11
97 7
97 59
59 100
14 100
15 14
32
45 43
40 43
40 38
67 45
67 42
57 42
57 134
58 134
58 10
10 77
78 77
79 77
82 79
82 81
6 81
97 6
97 94
94 23
95 23
95 22
10 3
12 3
6 12
97 6
97 94
94 23
23 18
19 18
19 21
21 20
34 20
34 15
