3
49
9 12
9 89
82 89
12 3
11 3
27 11
27 1
112 1
111 1
111 2
10 2
114 10
25 11
25 73
75 73
75 98
93 98
93 22
94 22
94 124
124 76
124 92
76 90
84 90
84 83
76 91
9 12
118 9
118 10
57 10
57 55
42 55
46 55
6 12
120 6
120 20
34 20
34 17
17 13
16 13
32 16
33 17
102 33
102 63
63 60
102 69
69 52
49 52
49 48
56
7 12
7 81
82 81
12 3
2 12
30 2
30 1
112 1
27 2
105 1
105 104
10 104
114 10
9 81
9 97
97 76
84 76
84 83
84 90
85 83
92 85
76 91
120 97
120 75
75 99
94 99
94 22
9 12
9 97
120 97
57 120
57 55
56 55
56 42
56 61
46 61
9 12
9 97
97 59
128 59
139 128
139 53
53 36
36 32
53 69
69 125
65 125
65 60
49 36
49 48
35 32
35 15
15 13
14 13
14 17
34 17
54
8 12
8 89
82 89
12 3
7 12
7 73
2 73
111 2
111 1
112 1
27 2
111 4
10 4
114 10
6 89
97 6
97 123
123 91
91 85
85 83
84 85
84 90
92 85
84 76
97 96
99 96
93 99
93 22
7 12
7 73
4 73
10 4
58 10
58 55
42 55
67 42
46 67
6 12
97 6
133 97
133 59
59 101
101 33
34 33
34 32
14 32
14 17
69 33
69 63
63 54
62 54
62 60
50 69
50 48
