3
20
95 96
19 96
97 96
97 76
84 76
76 73
66 73
66 45
39 66
97 33
68 33
103 33
50 103
140 50
4 73
10 4
115 10
114 10
88 10
80 88
24
95 23
23 18
19 18
20 18
66 20
20 123
123 76
66 45
39 66
123 90
84 90
34 20
34 33
103 33
68 33
33 60
64 60
140 64
66 58
58 10
114 10
10 86
80 86
115 10
26
95 22
94 22
94 124
124 76
124 84
21 124
19 21
21 75
66 75
66 57
57 45
39 57
57 10
10 77
80 77
94 59
59 36
53 36
140 53
52 36
68 52
53 136
137 136
137 103
115 10
114 10
