3
23
26 73
6 73
97 6
97 123
132 123
97 59
21 59
26 73
4 73
10 4
58 10
58 55
46 55
26 73
6 73
97 6
97 59
59 36
60 36
63 60
69 63
50 69
140 50
24
107 26
107 25
25 73
76 73
124 76
132 124
76 92
124 92
21 124
107 26
107 25
25 73
66 73
41 66
41 43
46 43
26 11
9 11
9 97
97 33
33 60
52 60
50 52
140 50
30
26 11
30 11
30 1
1 73
74 73
74 124
132 124
74 123
131 123
131 21
26 11
30 11
30 1
10 1
57 10
41 57
41 43
46 43
26 11
8 11
119 8
119 120
120 20
20 14
14 32
37 32
37 60
52 60
50 52
140 50
