3
31
93 99
99 96
95 96
119 93
119 6
6 12
2 12
109 2
2 104
4 104
31 4
31 11
24 11
107 24
107 26
93 120
57 120
41 57
41 56
93 99
99 96
19 96
19 18
20 18
34 20
34 15
15 37
65 37
64 65
64 50
138 50
27
122 93
122 99
93 22
95 22
119 99
119 7
7 81
8 81
8 0
4 0
109 4
7 73
26 73
93 121
59 121
41 59
41 56
93 121
59 121
59 100
34 100
34 15
15 36
54 36
65 54
53 36
138 53
35
93 98
122 98
122 99
98 96
95 96
119 98
119 9
9 0
2 0
2 104
105 104
105 1
109 1
28 1
28 11
25 11
107 25
107 26
93 98
75 98
66 75
41 66
41 56
93 98
98 96
59 96
59 33
34 33
63 33
63 125
65 125
129 63
129 64
64 50
138 50
