3
22
15 16
15 36
49 36
60 36
62 60
65 60
102 65
15 37
21 37
21 124
74 124
124 123
19 21
124 92
76 92
76 73
25 73
19 21
19 96
59 96
41 59
41 56
43
15 13
16 13
35 15
35 32
37 32
37 60
62 60
62 54
65 54
63 60
102 63
69 63
69 52
49 52
35 15
35 32
37 32
63 37
130 63
130 127
127 128
128 59
133 59
133 124
74 124
124 90
123 90
93 59
93 23
23 18
19 18
124 90
123 90
74 123
74 73
25 73
93 59
122 93
122 98
75 98
66 75
41 66
41 56
37
15 16
14 16
14 33
103 33
137 103
137 136
53 136
53 64
64 65
65 60
62 60
102 65
53 51
49 51
15 14
14 33
101 33
59 101
9 59
9 0
3 0
10 3
116 10
107 116
107 25
94 59
94 22
22 18
19 18
59 123
123 91
74 91
21 59
21 20
66 20
41 66
41 56
