3
40
90 85
76 90
59 76
93 59
122 93
122 98
90 85
76 90
76 73
24 73
24 11
1 73
105 1
31 1
31 4
30 4
4 0
5 0
10 1
90 85
76 90
59 76
120 59
57 120
39 57
39 38
90 85
76 90
59 76
59 101
90 85
76 90
59 76
59 100
100 33
102 33
102 65
14 100
14 16
15 16
42
85 83
84 83
124 84
133 124
133 97
97 94
94 98
122 98
122 93
91 85
74 91
74 73
24 73
4 73
30 4
4 104
105 104
31 4
31 11
111 4
111 2
2 0
5 0
10 4
91 85
74 91
74 73
4 73
10 4
57 10
57 42
42 38
85 83
84 83
124 84
21 124
21 37
65 37
102 65
15 37
37 33
101 33
44
92 85
123 92
59 123
59 121
93 121
93 98
59 7
7 11
28 11
28 4
30 4
28 1
105 1
24 11
7 0
5 0
105 104
10 104
92 85
123 92
59 123
41 59
41 57
57 40
40 38
92 85
123 92
59 123
128 59
127 128
130 127
130 63
63 54
65 54
102 63
63 37
37 32
32 16
16 13
15 13
92 85
123 92
59 123
59 101
