3
25
67 45
67 44
57 45
57 10
67 42
42 38
10 1
1 0
9 0
9 11
29 11
9 97
97 33
102 33
97 76
76 90
103 33
50 103
137 103
139 50
138 50
140 50
50 52
52 51
15 51
29
66 45
66 44
67 45
66 73
9 73
66 58
58 10
7 73
7 0
41 66
41 38
9 59
128 59
139 128
59 123
123 90
59 36
15 36
139 53
140 53
138 53
53 51
53 136
137 136
50 136
53 69
102 69
7 11
29 11
31
45 43
44 43
46 43
46 67
40 43
40 38
57 40
57 10
10 4
4 0
118 10
118 9
66 40
66 20
20 14
15 14
15 51
14 33
69 33
50 69
102 33
139 50
140 50
138 50
20 123
123 90
103 33
137 103
10 3
11 3
29 11
