3
19
111 1
1 73
66 73
66 47
57 47
57 61
42 61
42 38
111 2
2 12
8 12
119 8
119 93
93 22
22 18
21 18
21 37
15 37
35 15
25
111 2
2 73
75 73
66 75
66 47
47 43
39 43
39 56
56 61
39 38
111 1
27 1
27 11
8 11
8 89
9 89
119 9
119 98
98 96
59 96
59 33
33 17
17 13
15 13
35 15
28
111 4
4 0
9 0
9 81
6 81
120 6
120 75
21 75
21 20
66 20
66 47
57 47
57 42
42 61
57 40
40 38
111 4
4 0
9 0
9 81
6 81
120 6
120 75
21 75
21 20
34 20
34 15
35 15
