3
38
63 125
63 54
62 54
62 60
129 63
129 64
64 50
50 103
63 37
37 32
32 16
63 125
63 37
37 32
14 32
14 100
59 100
120 59
59 121
94 59
94 23
23 18
93 23
93 99
99 96
97 96
97 76
124 76
74 124
74 73
6 73
6 89
89 87
88 87
78 88
41 59
41 56
106 56
44
63 125
63 54
62 54
62 60
65 54
64 65
140 64
140 53
53 136
137 136
137 103
53 52
68 52
68 33
14 33
14 16
65 125
64 65
140 64
140 53
53 52
68 52
68 33
34 33
34 20
120 20
120 75
75 99
122 99
122 93
93 121
21 20
21 18
119 99
119 7
7 81
82 81
82 79
79 86
78 86
66 20
41 66
41 56
106 56
35
63 125
63 60
62 60
69 125
50 69
50 103
63 33
33 17
14 17
14 13
16 13
63 125
63 33
33 17
14 17
20 14
120 20
93 120
93 121
20 18
119 120
119 8
8 11
27 11
27 1
1 104
10 104
10 86
78 86
120 20
120 75
66 75
41 66
41 56
106 56
