3
32
19 18
23 18
94 23
94 22
94 98
119 98
119 6
118 6
118 8
6 12
8 73
26 73
2 73
2 104
1 104
4 104
2 0
10 2
117 10
113 10
116 10
19 96
59 96
59 33
33 60
64 60
64 50
34 33
34 15
15 13
53 64
139 53
34
19 96
95 96
95 22
98 96
75 98
75 73
8 73
8 12
26 73
26 11
28 11
28 1
28 4
4 0
10 1
117 10
113 10
116 10
19 18
23 18
94 23
94 59
59 100
100 33
33 60
64 60
140 64
140 50
34 100
34 32
32 16
16 13
130 64
130 139
39
19 21
21 75
75 99
94 99
94 22
97 94
9 97
9 89
8 89
8 12
9 0
2 12
109 2
109 4
109 1
30 2
30 11
26 11
105 1
105 104
10 104
117 10
113 10
107 26
107 116
19 21
21 37
37 54
54 51
52 51
50 52
64 54
15 37
15 13
65 54
65 125
63 125
130 63
130 139
