3
26
131 21
21 75
120 75
75 98
122 98
122 99
119 120
119 9
118 9
118 6
6 12
131 21
21 75
120 75
119 120
119 8
8 73
66 73
66 134
131 21
21 75
75 98
93 98
93 121
59 121
128 59
28
131 123
124 123
94 124
94 98
122 98
122 99
122 93
93 120
120 6
6 12
131 123
124 123
94 124
94 98
93 98
93 120
57 120
57 134
131 123
20 123
34 20
34 15
15 51
54 51
64 54
130 64
130 127
127 128
23
131 21
21 59
120 59
93 59
93 99
59 8
8 12
131 21
21 59
59 7
118 7
118 10
57 10
57 134
131 21
21 59
59 101
101 33
33 60
52 60
50 52
139 50
139 128
