3
19
137 103
137 103
137 136
50 136
50 69
69 33
100 33
59 100
59 6
6 0
3 0
11 3
24 11
27 11
27 2
2 104
6 89
89 87
88 87
25
137 103
50 103
138 50
138 53
53 64
64 65
65 37
15 37
15 14
20 14
20 123
123 76
76 73
24 73
107 24
107 25
25 11
31 11
31 1
1 104
7 73
7 89
82 89
82 79
88 79
25
137 103
137 103
137 136
53 136
53 69
69 63
63 37
21 37
19 21
19 96
95 96
95 22
93 22
119 93
119 7
7 11
24 11
30 11
30 1
105 1
105 104
10 104
10 86
80 86
80 88
