3
25
21 124
124 123
59 123
93 59
122 93
124 91
76 91
76 73
26 73
26 11
29 11
21 124
124 76
97 76
120 97
57 120
57 134
21 124
124 123
59 123
59 36
53 36
139 53
139 128
127 128
26
21 75
75 99
122 99
94 99
94 59
9 59
9 11
29 11
24 11
107 24
107 26
21 75
120 75
120 6
118 6
118 10
58 10
58 134
21 20
20 14
15 14
15 51
54 51
63 54
130 63
130 127
28
21 18
22 18
93 22
122 93
94 22
97 94
97 7
7 11
29 11
26 11
21 18
22 18
94 22
97 94
120 97
57 120
57 134
19 21
19 96
59 96
59 101
101 33
33 60
52 60
50 52
139 50
139 128
127 128
