3
37
8 89
82 89
8 73
1 73
105 1
105 104
10 1
113 10
119 8
119 99
8 0
4 0
10 4
57 10
41 57
57 42
56 42
39 56
97 8
97 33
69 33
69 63
63 60
69 52
49 52
49 36
37 33
100 33
34 100
34 32
35 32
35 15
15 13
102 33
102 63
130 63
130 127
49
8 89
82 89
8 11
31 11
31 1
31 4
4 104
10 104
113 10
6 89
119 6
119 93
93 99
8 89
7 89
7 73
66 73
41 66
66 45
45 43
39 43
8 89
7 89
7 73
74 73
74 123
20 123
34 20
34 15
15 51
52 51
69 52
49 51
49 36
102 69
102 65
65 60
15 13
65 37
37 33
34 100
34 17
17 13
15 13
15 36
53 36
139 53
139 128
127 128
49
8 81
82 81
7 81
7 11
30 11
30 1
1 104
30 2
10 2
113 10
118 8
118 9
119 9
119 98
122 98
122 99
118 8
118 6
6 73
75 73
66 75
41 66
66 40
40 43
39 43
59 8
59 100
100 33
69 33
53 69
53 51
49 51
53 36
69 125
65 125
65 60
65 37
15 37
15 14
14 13
14 100
14 32
36 32
53 36
53 64
129 64
129 63
130 63
130 127
