3
23
14 32
36 32
60 36
62 60
62 54
63 54
102 63
14 16
15 16
34 15
34 33
59 33
59 6
6 0
3 0
10 3
10 77
80 77
120 59
120 59
120 75
66 75
66 42
24
14 13
15 13
15 36
54 36
62 54
62 60
65 54
102 65
14 100
59 100
59 6
6 0
3 0
10 3
10 77
80 77
97 59
120 97
133 59
133 124
124 123
20 123
66 20
66 42
30
14 13
16 13
32 16
36 32
52 36
53 52
53 64
64 60
64 65
102 65
20 14
20 18
22 18
95 22
95 96
98 96
119 98
119 6
6 81
79 81
79 77
80 77
93 98
93 120
120 20
119 120
119 7
7 73
66 73
66 42
