3
31
41 38
40 38
40 43
44 43
67 44
41 59
59 6
6 81
79 81
79 77
78 77
7 81
7 0
2 0
109 2
111 2
111 1
28 1
28 11
93 59
93 98
75 98
128 59
127 128
128 126
127 126
130 127
130 63
63 33
103 33
137 103
41
41 38
42 38
67 42
41 38
39 38
39 55
44 55
44 43
47 43
66 47
66 73
9 73
9 89
89 87
88 87
78 88
4 73
109 4
31 4
31 1
27 1
27 11
6 89
97 6
97 96
98 96
75 98
6 73
97 6
97 33
69 33
50 69
50 136
137 136
102 33
102 69
53 69
139 53
139 128
128 126
127 126
41
41 38
40 38
57 40
57 61
46 61
46 67
41 38
40 38
57 40
57 10
10 77
78 77
10 1
109 1
31 1
31 11
9 11
118 9
118 7
59 7
94 59
94 99
75 99
10 2
2 12
7 12
59 7
59 33
33 60
52 60
50 52
50 136
137 136
103 33
50 103
138 50
138 53
139 53
139 128
128 126
127 126
