3
19
50 136
50 69
102 69
102 63
63 37
15 37
50 69
102 69
102 33
100 33
59 100
59 6
6 0
3 0
10 3
10 77
79 77
82 79
82 87
26
138 50
138 53
53 136
53 69
69 63
102 63
63 54
37 54
37 32
35 32
35 15
64 50
64 54
37 54
37 32
14 32
20 14
20 123
123 76
76 73
1 73
10 1
10 77
79 77
82 79
82 87
31
50 136
138 50
138 53
53 64
64 65
102 65
50 103
103 33
14 33
14 16
15 16
138 50
138 53
53 64
64 65
65 37
21 37
19 21
19 96
95 96
95 22
93 22
119 93
119 6
6 0
3 0
10 3
10 77
79 77
82 79
82 87
