3
25
107 116
107 25
25 73
2 73
8 73
8 81
7 81
59 7
59 96
99 96
59 76
84 76
84 85
107 116
107 25
25 11
9 11
119 9
119 120
120 20
34 20
34 32
37 32
65 37
65 125
23
116 10
10 2
2 73
9 73
118 9
118 6
97 6
97 96
99 96
97 76
84 76
84 85
116 10
118 10
118 6
97 6
97 59
128 59
127 128
130 127
130 64
64 65
65 125
36
107 116
107 24
24 73
4 73
31 4
31 1
1 104
2 104
27 1
27 11
7 11
7 89
6 89
120 6
93 120
122 93
122 99
93 121
59 121
59 123
123 92
92 85
107 116
107 26
26 11
7 11
7 89
6 89
120 6
93 120
93 121
59 121
59 101
101 33
69 33
69 125
