3
26
28 1
109 1
111 1
111 2
2 0
7 0
2 73
76 73
28 1
111 1
111 2
2 0
8 0
59 8
41 59
28 1
111 1
111 2
2 0
8 0
59 8
21 59
135 21
135 20
34 20
34 100
26
28 4
109 4
4 0
9 0
118 9
118 7
9 97
97 76
28 4
10 4
57 10
41 57
28 4
4 0
9 0
9 97
97 59
128 59
127 128
130 127
130 64
64 54
54 51
15 51
34 15
34 100
27
28 1
109 1
109 2
2 12
7 12
97 7
97 123
123 76
28 1
30 1
30 2
2 12
6 12
120 6
57 120
41 57
28 1
30 1
30 2
2 12
8 12
97 8
97 59
59 101
101 33
100 33
34 33
