3
26
118 7
7 0
1 0
108 1
119 7
119 93
93 23
23 18
19 18
118 7
119 7
119 93
93 59
21 59
21 20
34 20
34 17
17 13
33 17
68 33
68 52
49 52
49 48
50 48
140 50
140 64
22
118 8
8 0
4 0
31 4
31 1
108 1
8 12
9 12
119 9
119 98
98 96
19 96
118 8
59 8
59 100
34 100
34 17
17 13
15 13
15 36
54 36
64 54
27
118 9
9 0
2 0
2 104
1 104
108 1
2 73
74 73
74 124
21 124
19 21
118 9
9 73
74 73
74 124
21 124
135 21
135 20
20 14
14 13
16 13
32 16
36 32
49 36
49 48
50 48
64 50
