3
33
14 13
14 100
20 14
21 20
120 20
19 21
131 21
19 96
95 96
66 20
66 73
66 45
66 134
2 73
27 2
2 12
10 2
10 77
114 10
80 77
67 45
46 67
21 124
124 84
84 83
1 73
105 1
28 1
21 37
37 54
64 54
130 64
130 127
43
7 73
7 12
7 11
28 11
27 11
59 7
21 59
59 96
59 100
120 59
59 123
131 123
59 36
54 36
21 18
19 18
76 73
84 76
60 36
64 60
63 54
130 63
57 120
57 134
57 45
84 85
85 83
57 55
46 55
22 18
95 22
15 36
15 13
128 59
127 128
57 10
114 10
10 86
80 86
10 104
105 104
78 86
78 77
50
17 13
33 17
100 33
97 33
97 96
120 97
97 6
6 73
6 12
4 73
28 4
120 75
21 75
33 60
65 60
64 65
65 54
97 123
123 90
84 90
131 123
4 104
105 104
1 104
27 1
64 50
139 50
130 139
10 4
88 10
80 88
58 10
58 134
88 79
79 77
58 61
46 61
46 43
45 43
97 94
94 23
95 23
139 128
128 126
127 126
23 18
19 18
90 85
85 83
114 10
