3
44
10 3
10 77
10 1
80 77
111 1
1 73
58 10
76 73
30 1
110 1
9 73
58 55
10 2
44 55
88 10
44 43
76 90
84 76
84 83
59 76
59 100
59 101
14 100
94 59
14 17
94 99
122 99
79 77
82 79
59 33
102 33
69 33
103 33
63 33
130 63
130 64
130 127
21 59
21 18
131 21
33 60
62 60
53 69
53 136
53
20 18
20 14
20 123
131 123
123 76
123 90
66 20
66 44
66 58
66 73
2 73
30 2
111 2
2 0
1 0
3 0
9 0
66 75
75 99
39 66
39 43
39 55
75 98
122 98
94 98
90 85
85 83
14 33
101 33
33 17
100 33
37 33
63 37
69 63
102 63
37 54
62 54
64 54
110 1
50 69
50 136
50 103
139 50
130 139
9 89
82 89
139 128
127 128
89 87
88 87
80 88
78 88
78 77
67
15 51
15 14
52 51
69 52
102 69
54 51
63 54
34 15
34 100
34 17
62 54
53 51
53 64
34 33
101 33
97 33
97 94
97 76
9 97
94 22
22 18
9 81
82 81
9 12
2 12
12 3
93 22
122 93
93 99
79 81
88 79
9 11
30 11
79 86
80 86
30 4
111 4
4 73
27 2
27 1
94 124
124 90
97 59
41 59
41 43
41 56
56 55
56 44
56 61
58 61
97 123
131 123
128 59
128 126
127 126
50 52
50 103
137 103
137 136
139 53
130 139
78 86
78 77
110 1
76 91
91 85
85 83
