3
20
59 33
120 59
59 8
8 81
59 123
74 123
131 123
57 120
57 10
57 47
114 10
8 11
27 11
103 33
50 103
50 48
140 50
59 76
84 76
84 83
23
10 1
27 1
1 73
74 73
8 73
6 73
6 81
120 6
66 73
66 47
114 10
75 73
21 75
131 21
74 91
91 85
85 83
59 6
59 36
49 36
49 48
53 36
140 53
27
10 2
27 2
118 10
118 8
118 7
7 81
119 8
119 120
59 7
41 59
41 43
47 43
21 59
131 21
21 124
74 124
21 37
37 54
64 54
140 64
124 84
84 85
85 83
114 10
54 51
49 51
49 48
