3
22
7 89
59 7
41 59
89 87
88 87
78 88
88 10
115 10
41 38
40 38
116 10
107 116
10 1
108 1
59 36
49 36
49 48
15 36
15 13
35 15
53 36
53 64
27
14 13
14 32
35 32
20 14
66 20
66 40
41 66
66 73
7 73
24 73
107 24
6 73
6 89
7 81
79 81
88 79
79 77
78 77
1 73
108 1
10 77
115 10
14 33
33 60
64 60
64 50
50 48
30
7 0
9 0
9 89
7 11
25 11
107 25
3 0
10 3
57 10
57 40
41 57
10 86
78 86
80 86
80 88
115 10
97 7
97 33
33 17
17 13
37 33
65 37
64 65
37 32
35 32
103 33
50 103
50 48
1 0
108 1
