3
22
110 1
10 1
10 77
118 10
57 10
10 86
118 8
57 40
8 11
40 38
66 57
66 44
66 75
1 0
5 0
21 75
21 37
21 124
124 91
124 84
37 60
52 60
28
5 0
8 0
9 0
118 9
9 11
8 73
75 73
66 73
66 40
76 73
84 76
76 91
40 43
44 43
39 66
39 38
39 57
59 8
59 33
37 33
59 36
52 36
1 73
110 1
8 81
79 81
79 86
79 77
33
68 33
68 52
97 33
97 8
63 33
63 37
97 7
7 11
118 7
120 97
57 120
120 75
57 55
44 55
97 123
123 91
41 57
41 38
123 90
84 90
41 43
40 43
8 89
89 87
88 87
78 88
78 86
78 77
7 0
5 0
27 11
27 1
110 1
