3
20
59 7
128 59
41 59
133 59
41 66
7 73
25 73
59 100
34 100
7 89
82 89
14 100
14 13
119 7
119 99
21 59
131 21
118 7
118 10
114 10
23
7 81
82 81
7 11
25 11
97 7
133 97
97 123
131 123
97 94
94 99
20 123
66 20
34 20
66 57
41 57
34 15
15 13
57 10
114 10
15 36
53 36
139 53
139 128
31
1 0
7 0
1 73
66 73
75 73
75 99
26 73
107 26
107 25
76 73
124 76
133 124
39 66
39 56
41 56
123 76
131 123
59 76
59 33
34 33
33 17
17 13
63 33
130 63
130 127
127 128
10 1
88 10
88 79
82 79
114 10
