3
52
35 32
35 15
36 32
15 13
49 36
53 36
49 48
139 53
59 36
50 48
59 6
59 123
6 12
6 73
123 92
2 12
20 123
124 123
123 90
124 84
93 59
84 83
93 99
92 85
30 2
6 0
111 2
123 91
10 2
114 10
58 10
113 10
10 77
58 134
58 61
117 10
58 55
44 55
44 43
45 43
130 139
130 127
130 63
127 126
63 125
65 125
6 89
89 87
25 73
107 25
4 73
31 4
64
30 1
1 73
111 1
31 1
1 0
2 73
66 73
66 20
66 134
66 44
66 45
66 58
120 20
120 6
93 120
120 59
20 14
14 32
14 13
15 14
15 36
128 59
139 128
127 128
139 50
128 126
76 73
76 92
76 91
84 76
123 76
91 85
124 76
85 83
76 90
24 73
107 24
50 48
50 69
69 125
69 63
53 69
39 66
39 55
39 43
35 15
37 32
65 37
8 73
8 12
66 57
57 61
75 73
75 99
15 51
49 51
10 1
117 10
114 10
113 10
88 10
88 87
78 88
78 77
69
2 0
9 0
9 12
9 59
9 73
4 0
111 4
30 4
21 59
21 20
21 124
124 91
124 92
124 90
90 85
84 90
9 11
31 11
26 73
107 26
85 83
119 9
119 99
119 93
119 6
59 33
63 33
34 20
34 32
34 15
33 17
17 13
33 60
65 60
60 36
52 60
49 52
50 52
53 52
139 50
9 97
97 123
41 59
41 43
41 57
57 134
57 55
57 45
41 56
56 44
56 61
41 66
66 58
69 33
69 125
9 81
79 81
79 77
82 81
82 87
139 128
128 126
127 128
35 15
50 48
10 4
114 10
117 10
113 10
