3
27
128 126
128 59
59 6
93 59
59 96
41 59
6 89
41 57
57 45
57 134
57 47
57 10
114 10
88 10
21 59
21 18
21 75
59 36
15 36
59 76
76 90
84 76
53 36
53 64
129 64
6 73
26 73
33
130 64
130 127
127 126
130 63
129 63
63 37
15 37
63 33
97 33
97 6
97 96
120 97
93 120
120 75
97 7
7 89
66 75
66 45
66 134
66 47
41 66
7 11
26 11
19 96
19 18
89 87
88 87
97 123
123 90
84 90
118 6
118 10
114 10
42
66 58
58 134
66 73
75 73
66 20
20 18
8 73
8 89
75 98
98 96
93 98
120 20
120 6
20 14
15 14
76 73
124 76
124 84
124 90
39 66
39 43
47 43
45 43
41 43
25 73
107 25
107 26
8 81
79 81
88 79
14 33
33 60
64 60
63 60
129 63
58 10
114 10
64 50
139 50
139 128
127 128
127 126
