3
21
57 61
57 10
39 57
57 106
58 61
113 10
57 120
120 97
120 75
9 97
75 98
9 81
97 76
84 76
120 59
59 101
128 59
128 126
139 128
139 50
50 48
29
97 33
101 33
97 6
6 81
97 94
94 98
118 6
118 10
118 9
58 10
94 124
124 84
113 10
58 55
39 55
103 33
50 103
56 55
56 61
106 56
6 73
75 73
50 52
49 52
49 48
63 33
130 63
130 127
127 126
32
39 66
66 58
66 75
66 42
42 61
66 73
9 73
7 73
97 7
7 81
119 9
119 98
1 73
10 1
76 73
76 90
84 90
39 56
106 56
9 59
59 33
69 33
50 69
101 33
59 36
49 36
49 48
113 10
64 50
130 64
130 127
127 126
