3
24
57 42
41 57
57 55
42 38
56 42
42 43
41 59
59 36
57 10
10 1
10 104
10 77
31 1
78 77
80 77
21 59
135 21
21 124
36 32
35 32
59 33
63 33
129 63
63 125
30
4 104
31 4
1 104
4 73
74 73
74 124
66 73
66 42
41 66
42 55
41 38
41 56
41 43
66 20
135 20
10 4
10 86
78 86
80 86
79 86
79 77
20 14
15 14
15 36
35 15
60 36
64 60
129 64
65 60
65 125
36
7 0
1 0
7 11
31 11
2 0
2 104
97 7
97 123
124 123
10 2
58 10
58 55
56 55
39 55
39 43
39 38
58 61
42 61
41 43
88 10
80 88
78 88
20 123
135 20
88 79
79 77
97 33
69 33
69 125
53 69
53 36
53 64
129 64
34 20
34 15
35 15
