3
26
1 0
112 1
10 1
116 10
117 10
1 73
74 73
9 0
9 59
93 59
133 59
93 98
93 23
59 36
93 99
52 36
21 59
135 21
19 21
131 21
57 10
57 45
39 57
67 45
9 11
29 11
37
7 0
59 7
119 7
119 93
119 98
119 99
59 123
74 123
131 123
59 96
19 96
20 123
135 20
94 59
94 23
66 20
66 45
39 66
66 42
67 42
97 7
133 97
7 11
29 11
59 33
33 60
52 60
60 36
24 11
107 24
107 116
3 0
10 3
117 10
28 11
28 1
112 1
40
27 1
27 2
2 0
8 0
59 8
120 59
93 120
120 75
75 98
75 99
59 76
124 76
74 124
133 124
120 20
135 20
20 18
19 18
23 18
123 76
131 123
66 75
66 44
67 44
44 43
45 43
39 43
20 14
14 32
36 32
49 36
49 52
112 1
27 11
29 11
26 11
107 26
107 116
10 2
117 10
