3
58
39 55
57 55
41 57
57 47
57 45
57 106
57 10
10 2
10 104
10 1
10 3
105 104
112 1
118 10
2 73
118 9
118 7
75 73
9 97
74 73
133 97
97 96
76 73
74 91
84 76
19 96
97 33
103 33
63 33
34 33
137 103
68 33
137 136
102 33
63 54
54 51
62 54
64 54
41 59
128 59
128 126
116 10
107 116
97 94
94 23
88 10
78 88
88 87
21 75
131 21
135 21
75 99
122 99
50 103
138 50
50 48
14 33
14 16
67
49 48
49 51
49 52
68 52
53 51
53 136
138 53
53 64
52 60
63 60
62 60
102 63
139 53
139 128
15 51
34 15
15 16
127 128
127 126
137 136
34 20
135 20
20 123
123 91
74 123
123 76
97 123
131 123
97 7
7 73
9 73
1 73
1 104
105 1
2 104
66 20
66 45
66 47
41 66
66 75
39 66
20 18
19 18
23 18
97 6
118 6
75 98
122 98
98 96
112 1
7 89
89 87
41 56
106 56
124 123
124 84
133 124
7 0
3 0
25 73
107 25
50 52
50 103
7 81
79 81
79 86
78 86
75
59 36
9 59
133 59
59 96
59 7
59 76
97 59
76 91
52 36
52 51
76 90
84 90
60 36
64 60
93 59
93 23
122 93
64 50
50 136
9 0
2 0
1 0
36 32
34 32
32 16
4 0
4 104
4 73
120 59
120 75
9 12
12 3
62 60
24 73
107 24
57 120
39 57
105 1
39 43
47 43
41 43
45 43
69 52
69 63
102 69
59 8
118 8
124 76
74 124
21 59
19 21
68 52
39 56
106 56
53 36
138 53
120 20
135 20
49 36
49 48
10 4
10 77
78 77
59 123
131 123
9 89
82 89
82 87
50 103
130 64
130 127
127 128
127 126
112 1
137 136
