3
19
8 12
8 11
31 11
59 8
59 33
33 60
62 60
52 60
52 51
15 51
59 96
95 96
98 96
41 59
41 43
21 59
135 21
41 57
57 134
24
15 14
14 33
15 37
37 60
97 33
97 8
37 54
54 51
62 54
97 6
6 12
20 14
135 20
97 94
94 98
66 20
66 134
94 22
95 22
39 66
39 43
8 0
4 0
31 4
28
119 8
119 98
119 7
7 12
8 73
1 73
31 1
59 7
59 36
15 36
60 36
59 101
101 33
49 36
49 51
66 73
66 58
58 134
66 40
40 43
54 36
62 54
119 93
93 23
95 23
119 120
120 20
135 20
