3
27
7 89
7 11
82 89
29 11
7 73
1 73
2 73
105 1
59 7
59 121
59 100
41 59
93 59
41 57
93 98
57 45
34 100
59 36
52 36
50 52
21 59
21 18
19 21
64 50
129 64
14 100
14 13
35
1 0
2 0
9 0
9 11
9 89
9 73
119 9
119 93
119 98
93 121
9 81
82 81
29 11
66 73
41 66
66 57
66 45
93 22
22 18
19 18
66 20
34 20
1 104
105 104
34 33
100 33
34 15
15 36
15 13
33 60
52 60
103 33
50 103
63 33
129 63
37
100 33
69 33
50 69
69 52
33 17
17 13
34 17
53 69
53 36
59 33
120 59
93 120
57 120
59 96
19 96
98 96
93 121
57 10
10 1
10 2
59 8
8 11
8 89
8 73
120 20
20 18
89 87
82 87
39 57
39 43
45 43
41 43
10 104
105 104
69 63
129 63
29 11
