3
36
8 0
5 0
8 89
8 73
59 8
75 73
8 12
120 59
59 123
57 120
123 92
132 123
92 85
57 42
84 85
57 10
113 10
10 104
1 0
108 1
110 1
31 1
109 1
112 1
27 1
59 33
69 33
88 10
80 88
63 33
130 63
129 63
66 73
66 44
53 69
53 136
44
7 89
7 73
59 7
7 12
7 11
31 11
27 11
8 11
2 73
109 2
2 104
10 2
21 59
21 75
120 75
113 10
10 77
80 77
66 75
66 42
66 57
21 124
132 124
124 123
124 92
124 84
42 43
44 43
124 90
90 85
128 59
127 128
130 127
130 64
129 64
64 50
50 136
50 69
1 73
108 1
110 1
112 1
7 0
5 0
51
31 4
4 104
4 73
109 4
10 4
6 73
6 89
59 6
120 6
6 12
118 10
118 8
41 59
41 57
76 73
123 76
76 92
84 76
41 56
56 44
56 42
2 12
27 2
76 91
91 85
10 86
80 86
119 6
119 99
75 99
59 36
52 36
69 52
124 76
132 124
53 36
139 53
130 139
53 64
129 64
113 10
50 52
50 103
137 103
137 136
1 104
108 1
110 1
112 1
4 0
5 0
