3
24
120 6
6 73
74 73
57 120
57 55
46 55
120 20
34 20
135 20
34 100
57 10
10 77
10 104
34 33
33 60
37 33
52 60
65 60
49 52
52 51
4 73
28 4
30 4
109 4
31
6 0
1 0
28 1
30 1
1 104
109 1
1 73
59 6
59 100
120 59
59 123
74 123
59 36
52 36
49 36
60 36
49 51
37 60
65 37
15 36
34 15
21 59
135 21
6 81
79 81
79 77
41 59
41 43
46 43
41 56
56 55
37
30 2
2 73
2 104
109 2
30 11
28 11
2 12
6 12
75 73
120 75
21 75
21 37
21 124
74 124
63 37
63 60
37 54
65 54
54 51
63 33
100 33
135 21
37 32
34 32
69 63
69 52
10 2
58 10
58 55
58 61
46 61
50 69
50 48
49 48
10 86
80 86
80 77
