3
20
41 56
56 61
41 59
59 123
97 59
59 6
118 6
123 90
90 85
21 59
21 18
21 37
6 73
24 73
15 37
35 15
63 37
130 63
37 54
62 54
21
20 18
20 123
97 123
123 91
91 85
97 33
37 33
97 7
118 7
33 60
62 60
37 32
35 32
64 60
130 64
7 11
24 11
66 20
66 42
42 61
56 42
27
118 8
97 8
97 76
123 76
84 76
84 85
118 10
58 10
58 61
58 55
56 55
97 96
19 96
19 18
116 10
107 116
107 24
59 8
128 59
139 128
130 139
59 36
60 36
37 60
62 60
36 32
35 32
