3
22
132 124
21 124
124 84
84 83
21 59
59 7
59 33
118 7
119 7
34 33
7 11
31 11
26 11
24 11
31 1
111 1
112 1
118 10
117 10
10 77
33 60
62 60
29
7 81
79 81
79 77
97 7
97 33
7 73
26 73
24 73
37 33
21 37
33 17
34 17
37 54
62 54
4 73
31 4
111 4
6 81
119 6
118 6
97 123
132 123
10 4
117 10
123 90
90 85
85 83
1 73
112 1
33
7 0
8 0
119 8
118 8
2 0
111 2
59 8
59 100
100 33
34 100
34 20
21 20
59 123
132 123
4 0
31 4
10 2
10 86
80 86
80 77
116 10
107 116
107 26
107 24
123 91
91 85
85 83
117 10
59 36
54 36
62 54
1 0
112 1
