3
39
100 33
68 33
103 33
137 103
50 103
59 33
59 76
9 59
76 92
76 73
9 0
2 73
1 73
2 104
108 1
133 59
59 8
9 12
59 96
98 96
59 123
132 123
10 2
116 10
57 10
58 10
117 10
57 45
88 10
78 88
88 87
14 33
14 13
94 59
94 23
69 33
69 125
14 32
35 32
46
15 36
15 13
35 15
52 36
68 52
50 52
59 36
59 100
50 136
137 136
97 59
97 76
9 97
97 8
9 73
133 97
97 96
8 12
8 0
2 12
1 0
1 104
66 73
66 45
66 57
66 58
124 76
132 124
124 92
93 59
93 98
93 23
9 89
89 87
50 103
108 1
10 1
117 10
10 77
78 77
60 36
63 60
63 125
26 73
107 26
107 116
58
3 0
12 3
2 0
11 3
9 11
8 11
8 73
119 9
119 98
111 2
111 1
10 3
10 104
119 120
57 120
10 86
78 86
57 134
58 134
119 99
99 96
95 96
95 23
9 81
82 81
82 87
120 20
20 14
14 100
20 123
123 76
123 92
14 16
16 13
124 123
133 124
132 124
15 14
35 15
57 42
67 42
67 45
15 37
65 37
65 125
64 65
64 50
24 11
107 24
107 116
50 103
117 10
53 64
53 136
137 136
53 52
68 52
108 1
