3
21
6 0
5 0
4 0
109 4
6 89
89 87
59 6
41 59
6 73
75 73
59 96
95 96
95 22
41 57
57 45
57 40
67 45
67 44
59 33
63 33
130 63
25
22 18
23 18
95 23
21 18
21 75
66 75
66 44
66 45
41 66
66 40
66 42
67 42
66 73
4 73
1 73
1 0
109 1
5 0
10 4
88 10
88 87
21 37
37 54
64 54
130 64
28
2 0
109 2
2 104
4 104
9 0
9 59
120 59
120 75
94 59
94 22
128 59
139 128
130 139
94 23
95 23
9 89
82 89
82 87
57 120
57 55
44 55
46 55
46 67
44 43
45 43
41 43
40 43
5 0
