3
55
135 21
21 59
131 21
93 59
59 96
59 7
93 99
122 93
7 0
59 36
3 0
60 36
59 8
64 60
94 59
130 64
7 89
1 0
82 89
27 1
105 1
112 1
108 1
82 79
129 64
65 60
133 59
64 50
130 127
102 65
138 50
50 136
137 136
41 59
41 56
41 38
106 56
56 55
56 44
46 55
67 44
21 124
132 124
124 91
124 84
15 36
15 13
34 15
15 16
15 51
10 3
116 10
114 10
88 79
80 88
71
130 139
139 50
139 53
138 53
53 36
53 136
53 51
53 64
64 65
130 63
102 63
63 60
129 63
36 32
32 16
34 32
16 13
50 103
137 103
139 128
128 59
127 128
120 59
93 120
97 59
97 96
97 8
97 7
99 96
133 97
122 99
97 94
8 89
8 0
8 81
79 81
82 81
59 76
84 76
76 91
8 12
12 3
59 123
132 123
131 123
8 73
1 73
8 11
27 11
79 77
80 77
57 120
57 55
57 106
44 55
108 1
1 104
105 104
57 42
67 42
42 38
56 42
46 67
112 1
34 20
135 20
24 73
107 24
107 116
10 1
114 10
81
119 7
119 93
119 99
119 8
94 99
7 11
11 3
119 98
98 96
122 98
119 6
6 0
59 6
6 89
2 0
27 2
59 33
33 60
34 33
102 33
89 87
82 87
14 33
14 13
14 16
52 60
52 51
52 36
50 52
54 51
64 54
65 54
31 11
31 1
94 124
133 124
74 124
74 91
124 90
84 90
63 33
129 63
130 63
124 123
132 123
131 123
53 52
138 53
53 136
2 104
105 104
7 73
66 73
66 44
39 66
39 55
39 38
39 56
44 43
46 43
66 45
67 45
66 57
57 106
20 14
135 20
103 33
137 103
10 2
10 86
80 86
79 86
128 59
128 126
127 126
114 10
25 11
107 25
107 116
112 1
108 1
