3
39
27 2
27 11
2 73
25 11
29 11
4 73
6 73
76 73
2 0
84 76
107 25
84 85
107 116
10 2
10 77
27 1
110 1
108 1
57 10
57 106
57 47
57 45
67 45
67 44
123 76
131 123
20 123
34 20
20 14
34 17
14 16
34 15
35 15
15 36
53 36
54 36
49 36
53 69
63 54
49
1 73
1 0
25 73
6 0
4 0
24 73
107 24
24 11
110 1
97 6
97 76
29 11
30 1
30 2
97 33
34 33
33 17
63 33
69 33
14 33
15 14
15 16
76 90
90 85
84 90
108 1
66 73
66 45
66 47
66 44
34 32
35 32
27 1
66 42
67 42
56 44
106 56
10 1
116 10
69 52
49 52
53 52
37 33
37 54
21 37
131 21
6 81
79 81
79 77
54
9 0
9 73
9 11
9 59
59 76
59 6
25 73
59 100
14 100
34 100
14 17
124 76
124 84
14 13
16 13
15 13
9 12
2 12
15 37
63 37
69 63
15 51
49 51
54 51
53 51
26 73
107 26
76 91
91 85
31 11
31 4
14 32
35 32
21 59
131 21
41 59
41 43
44 43
47 43
45 43
46 43
46 67
41 56
106 56
10 4
116 10
88 10
80 88
80 77
29 11
31 1
110 1
27 1
108 1
