3
40
50 48
50 136
64 50
129 64
64 65
50 52
68 52
65 37
21 37
21 75
131 21
21 124
21 59
94 124
128 59
135 21
59 7
118 7
119 7
7 0
3 0
1 0
111 1
110 1
27 1
108 1
66 75
66 45
66 44
66 42
66 40
42 38
66 58
15 37
35 15
15 13
34 15
15 16
64 54
62 54
49
32 16
35 32
16 13
34 32
36 32
59 36
94 59
34 20
21 20
135 20
49 36
49 48
53 36
53 136
120 59
120 75
119 120
57 120
57 40
57 45
57 42
40 38
59 123
131 123
124 123
57 10
58 10
118 10
10 3
97 59
97 7
10 2
111 2
27 2
2 0
60 36
65 60
62 60
34 33
68 33
63 60
129 63
139 53
139 128
57 55
44 55
10 1
110 1
108 1
58
9 0
118 9
119 9
9 59
4 0
111 4
9 73
75 73
7 73
59 76
124 76
9 11
27 11
11 3
9 97
97 94
41 59
41 38
59 100
34 100
41 43
45 43
44 43
40 43
42 43
14 100
14 16
14 13
42 55
58 55
14 32
35 32
59 33
102 33
102 65
68 33
33 60
62 60
103 33
137 103
137 136
63 33
129 63
20 14
135 20
20 18
21 18
130 63
130 127
127 128
123 76
131 123
52 60
49 52
49 48
1 73
108 1
110 1
