3
51
5 0
8 0
4 0
8 73
8 11
4 104
30 4
25 73
105 104
9 0
118 8
76 73
107 25
123 76
76 92
131 123
131 21
19 21
21 18
19 96
22 18
98 96
122 98
10 4
10 86
10 77
115 10
78 86
79 86
59 8
59 121
41 59
59 36
59 33
52 36
33 17
49 36
50 52
102 33
49 48
50 136
41 43
53 36
46 43
44 43
1 0
112 1
54 36
62 54
84 76
84 83
63
118 6
6 73
118 9
4 73
9 11
30 11
25 11
97 6
97 123
97 76
97 33
123 92
97 8
97 96
118 10
10 104
69 33
53 69
102 69
53 136
69 52
50 69
49 52
50 48
26 73
107 26
99 96
122 99
33 60
62 60
60 36
93 99
93 121
93 98
93 22
115 10
88 10
78 88
88 79
78 77
66 73
41 66
66 44
20 123
20 18
21 20
19 18
80 88
80 86
39 66
39 43
131 21
1 73
105 1
92 85
85 83
112 1
14 33
14 17
67 44
46 67
6 0
5 0
73
28 4
28 11
28 1
1 104
30 1
25 11
105 1
7 11
7 73
118 7
9 73
119 7
119 98
119 8
59 7
21 59
59 76
59 96
59 123
7 81
79 81
79 77
94 98
94 22
59 101
101 33
21 124
124 92
34 33
34 17
63 33
102 63
68 33
68 52
53 52
34 15
15 36
103 33
50 103
94 23
23 18
137 103
137 136
50 48
52 51
49 51
19 18
24 11
107 24
78 77
119 93
122 93
93 121
80 77
80 86
63 60
62 60
10 1
57 10
41 57
57 55
44 55
46 55
57 42
42 43
115 10
131 21
76 90
90 85
85 83
112 1
7 0
5 0
