3
24
8 0
97 8
97 96
120 97
1 0
108 1
97 33
63 33
63 125
120 20
135 20
130 63
130 127
130 139
139 53
138 53
139 50
50 48
97 76
84 76
84 83
34 33
34 15
35 15
27
53 36
59 36
120 59
59 96
97 59
59 8
128 59
139 128
127 128
53 69
69 125
69 63
21 59
135 21
49 36
49 48
21 124
124 84
50 69
138 50
84 85
85 83
36 32
35 32
8 73
1 73
108 1
36
97 7
119 7
119 120
119 8
119 98
98 96
97 123
123 90
84 90
90 85
85 83
120 75
21 75
135 21
21 37
63 37
65 37
65 125
64 65
53 64
37 32
35 32
64 50
138 50
53 51
49 51
49 48
59 7
128 59
139 128
128 126
127 126
7 11
31 11
31 1
108 1
