3
25
14 33
68 33
63 33
59 33
59 96
98 96
130 63
130 127
59 76
84 76
84 83
76 73
1 73
105 1
28 1
21 59
131 21
10 1
10 86
79 86
94 59
94 22
103 33
50 103
138 50
35
1 104
105 104
4 104
28 4
1 0
7 0
59 7
97 7
97 96
93 59
93 22
93 98
59 123
131 123
128 59
127 128
124 123
124 84
139 128
139 50
84 85
85 83
59 100
14 100
50 69
69 63
50 52
68 52
139 53
138 53
7 81
79 81
79 77
78 77
78 86
42
27 2
27 1
27 11
28 11
9 11
9 59
119 9
119 98
119 99
99 96
95 96
95 22
10 2
88 10
88 79
80 88
80 86
59 36
15 36
15 14
60 36
63 60
64 60
64 50
53 36
138 53
52 36
68 52
2 104
105 104
9 97
97 123
131 123
123 90
84 90
90 85
85 83
130 64
130 139
139 128
128 126
127 126
