3
24
10 104
117 10
88 10
10 1
110 1
57 10
57 47
57 40
57 61
46 61
56 61
1 73
76 73
84 76
76 91
75 73
75 98
21 75
21 18
21 37
15 37
15 51
53 51
53 136
31
10 2
2 104
117 10
1 104
110 1
58 10
58 55
46 55
56 55
66 58
66 40
66 47
66 20
20 18
20 123
123 76
123 91
124 123
124 84
94 124
94 98
10 77
79 77
88 79
59 123
59 36
54 36
54 51
52 36
50 52
50 136
33
19 18
19 96
98 96
59 96
59 76
41 59
41 56
76 90
84 90
41 43
46 43
40 43
47 43
124 76
124 91
59 6
6 0
4 0
4 104
6 89
89 87
88 87
59 33
69 33
69 52
52 51
103 33
137 103
137 136
10 4
117 10
1 0
110 1
