3
20
112 1
28 1
28 11
10 1
117 10
118 10
57 10
57 42
42 38
67 42
9 11
9 59
59 101
133 59
59 36
53 36
59 100
34 100
54 36
65 54
24
28 4
30 4
30 11
7 11
118 7
97 7
133 97
97 33
101 33
34 33
69 33
53 69
33 60
65 60
30 1
112 1
10 4
117 10
59 7
41 59
41 38
41 43
46 43
46 67
27
8 11
118 8
8 73
66 73
39 66
39 38
66 20
34 20
66 44
67 44
76 73
124 76
133 124
34 15
15 51
53 51
15 37
65 37
4 73
28 4
37 33
101 33
1 73
112 1
11 3
10 3
117 10
