3
23
2 0
5 0
109 2
10 2
57 10
57 42
57 134
1 0
31 1
88 10
78 88
9 0
9 97
97 33
63 33
33 17
33 60
62 60
97 96
95 96
97 76
84 76
84 85
27
2 73
66 73
66 57
66 42
66 134
4 73
31 4
109 4
76 73
76 90
90 85
66 20
20 14
14 17
10 4
10 77
78 77
21 20
21 37
63 37
37 54
62 54
4 0
5 0
20 18
22 18
95 22
31
12 3
2 12
11 3
31 11
10 3
10 1
109 1
10 86
78 86
58 10
58 134
58 55
57 55
42 55
57 120
93 120
93 23
95 23
120 20
34 20
34 17
20 123
123 91
91 85
34 33
102 33
102 63
63 54
62 54
3 0
5 0
