3
36
17 13
16 13
15 13
32 16
33 17
97 33
102 33
33 60
101 33
68 33
62 60
63 33
62 54
130 63
63 125
130 139
97 123
139 128
131 123
139 50
138 50
97 76
84 76
120 97
120 75
57 120
57 47
57 55
57 10
114 10
10 1
28 1
27 1
108 1
28 11
29 11
45
14 17
15 14
14 32
14 16
15 37
37 54
37 60
63 37
102 63
21 37
131 21
21 75
21 124
124 84
124 123
21 59
128 59
97 59
59 101
66 75
66 47
52 60
68 52
50 52
66 58
58 10
58 55
10 2
27 2
53 52
138 53
139 53
10 4
28 4
62 54
64 54
130 64
114 10
65 37
65 125
27 11
29 11
75 73
1 73
108 1
51
9 0
9 97
3 0
10 3
9 59
59 123
59 36
60 36
15 36
63 60
15 16
36 32
54 36
123 90
84 90
69 63
69 125
102 69
50 69
34 15
34 17
59 101
64 60
130 64
130 127
127 128
9 11
27 11
119 9
119 98
75 98
53 36
139 53
138 53
41 59
41 56
56 55
41 43
47 43
52 36
68 52
4 0
28 4
20 123
21 20
131 21
62 54
114 10
29 11
1 0
108 1
