3
38
7 0
3 0
1 0
111 1
105 1
112 1
30 1
31 1
7 89
82 89
10 3
57 10
58 10
57 40
39 57
57 120
117 10
93 120
120 75
93 99
122 93
99 96
113 10
93 121
88 10
78 88
59 7
133 59
59 36
36 32
49 36
59 33
33 17
63 33
129 63
59 76
84 76
84 83
47
14 32
14 17
20 14
120 20
66 20
66 57
66 40
66 58
66 75
39 66
75 99
122 99
120 97
133 97
97 7
97 96
7 11
30 11
11 3
31 11
120 59
59 121
93 59
30 2
111 2
2 0
2 104
105 104
7 81
82 81
1 104
112 1
10 2
10 77
78 77
117 10
113 10
15 14
15 51
49 51
54 51
64 54
129 64
20 123
123 90
90 85
85 83
51
40 38
39 38
41 38
41 57
39 55
58 55
41 59
59 96
94 59
94 99
21 59
21 75
59 6
120 6
6 0
98 96
93 98
122 98
4 0
111 4
30 4
31 4
94 124
133 124
6 12
12 3
7 12
59 121
21 37
37 32
34 32
34 17
37 60
52 60
49 52
10 4
10 86
78 86
79 86
82 79
64 60
129 64
4 104
105 104
124 84
84 85
85 83
117 10
113 10
10 1
112 1
