3
22
1 73
25 73
8 73
8 12
59 8
59 101
59 36
94 59
59 96
59 33
37 33
65 37
15 36
15 13
10 1
88 10
41 59
41 43
46 43
76 73
76 92
92 85
26
7 73
7 12
7 11
25 11
8 11
97 7
97 33
97 94
97 96
101 33
14 33
14 13
33 60
65 60
60 36
37 60
74 73
74 91
91 85
7 89
89 87
88 87
66 73
66 58
58 55
46 55
30
46 61
57 61
57 120
120 6
6 73
6 12
119 120
119 8
119 98
94 98
98 96
24 73
107 24
107 25
94 124
124 84
84 85
21 124
21 37
37 54
54 36
65 54
63 37
63 33
101 33
33 17
17 13
6 81
79 81
88 79
