3
26
34 17
33 17
68 33
69 33
68 52
37 33
37 54
62 54
59 33
59 8
93 59
94 59
93 98
75 98
66 75
66 40
8 11
29 11
26 11
28 11
59 96
95 96
28 1
111 1
10 1
88 10
33
111 4
28 4
4 73
26 73
75 73
8 73
66 73
75 99
93 99
94 99
94 98
66 57
57 40
93 22
95 22
66 20
34 20
20 14
14 17
34 33
33 60
62 60
52 60
69 52
68 52
63 33
63 54
8 81
79 81
88 79
30 4
30 11
29 11
39
17 13
15 13
34 15
15 36
52 36
54 36
53 36
53 69
59 36
120 59
93 120
120 75
41 59
41 66
93 23
95 23
94 23
41 38
40 38
119 120
119 98
119 8
60 36
62 60
8 0
2 0
111 2
8 89
89 87
88 87
4 0
28 4
2 73
24 73
107 24
107 26
68 52
24 11
29 11
