3
19
120 59
59 76
76 92
76 73
59 36
49 36
57 120
57 42
57 45
67 42
56 42
57 10
53 36
53 136
53 69
69 125
59 8
8 11
29 11
24
9 73
118 9
118 10
66 73
66 45
66 42
67 45
9 97
120 97
39 66
39 56
97 123
123 92
9 11
29 11
97 33
63 33
63 125
103 33
137 103
137 136
33 60
52 60
49 52
25
49 48
50 48
50 136
64 50
64 65
65 125
65 37
21 37
21 75
75 73
120 75
1 73
10 1
21 124
124 92
66 75
66 44
67 44
56 44
44 43
45 43
42 43
25 73
25 11
29 11
