3
58
5 0
9 0
8 0
118 9
9 89
1 0
108 1
111 1
105 1
28 1
9 11
29 11
25 11
9 59
128 59
59 121
127 128
128 126
133 59
59 36
52 36
36 32
15 36
34 32
14 32
15 13
37 32
50 52
65 37
63 37
140 50
65 125
129 63
34 17
50 103
137 103
59 96
19 96
98 96
75 98
118 10
58 10
113 10
58 61
88 10
56 61
88 79
80 88
39 56
56 44
39 38
40 38
66 75
66 45
54 36
62 54
94 59
94 23
70
8 11
28 11
118 8
8 89
29 11
28 4
111 4
119 8
119 98
119 9
89 87
88 87
119 93
93 121
93 23
8 73
75 73
25 73
66 73
39 66
66 40
66 58
66 44
21 75
21 37
19 21
15 37
34 15
15 14
14 17
14 13
35 15
35 32
37 60
52 60
62 60
63 60
65 60
63 125
64 60
64 50
140 64
129 64
139 50
139 128
8 81
79 81
66 57
57 45
57 61
79 77
80 77
41 66
41 56
41 38
130 63
130 127
127 126
97 8
133 97
50 136
137 136
4 104
105 104
1 73
108 1
10 4
113 10
4 0
5 0
81
108 1
10 1
57 10
39 57
57 40
10 2
111 2
57 55
44 55
58 55
56 55
2 12
9 12
8 12
10 86
80 86
79 86
7 12
7 89
118 7
57 42
42 61
42 38
78 86
78 88
39 43
45 43
57 120
120 75
120 20
34 20
20 14
93 120
93 98
20 18
23 18
19 18
93 121
34 33
37 33
33 17
63 33
17 13
69 33
50 69
69 52
69 125
53 69
140 53
102 33
102 65
14 16
32 16
15 16
33 60
62 60
139 53
139 128
20 123
124 123
133 124
53 64
129 64
130 139
130 127
127 126
1 104
105 104
116 10
107 116
107 25
53 136
137 136
30 1
30 4
28 4
113 10
2 0
5 0
7 11
29 11
