3
62
25 11
11 3
9 11
12 3
9 89
6 12
30 11
120 6
30 1
93 120
111 1
112 1
122 93
110 1
93 99
89 87
105 1
99 96
24 11
95 96
9 81
7 11
79 81
10 3
115 10
58 10
58 134
58 55
39 55
56 55
39 38
42 55
40 38
67 42
39 43
46 55
120 20
135 20
21 20
34 20
34 15
15 36
15 13
35 15
60 36
53 36
138 53
53 69
140 53
138 50
102 69
50 103
88 87
78 88
21 124
124 84
124 91
132 124
74 124
9 59
128 59
127 128
77
6 0
1 0
7 0
3 0
6 89
7 12
9 0
6 81
1 104
105 104
6 73
25 73
24 73
74 73
74 91
119 6
119 93
119 120
119 99
122 99
66 73
66 40
66 134
66 58
39 66
40 43
66 42
46 43
42 38
39 56
46 67
4 0
30 4
111 4
74 123
132 123
112 1
76 73
84 76
82 89
82 79
82 87
110 1
57 120
57 55
59 6
59 36
21 59
59 96
135 21
59 33
102 33
34 33
33 60
103 33
69 33
50 69
140 50
14 33
14 13
15 14
52 36
53 52
138 50
93 22
95 22
36 32
35 32
8 0
8 11
79 77
78 77
63 33
130 63
130 127
10 1
115 10
86
54 36
64 54
53 64
64 60
64 50
140 64
63 54
69 63
102 63
37 54
15 37
21 37
37 32
34 32
15 16
16 13
21 75
120 75
75 99
75 73
1 73
9 73
7 73
9 12
7 89
7 81
26 73
26 11
2 73
30 2
111 2
75 98
93 98
122 98
98 96
93 23
95 23
107 26
107 25
107 24
35 32
135 21
120 97
97 6
97 123
123 91
74 123
123 90
84 90
132 123
53 136
137 136
137 103
2 104
105 104
10 2
10 86
78 86
79 86
57 10
39 57
57 134
57 42
57 40
42 43
56 42
57 61
58 61
46 61
41 57
41 38
44 43
44 55
67 44
2 0
3 0
82 81
82 87
110 1
138 50
115 10
112 1
139 53
139 128
128 126
127 126
