3
21
111 1
108 1
1 73
75 73
9 73
9 59
133 59
59 33
69 33
94 59
94 23
63 33
130 63
9 89
82 89
76 73
76 92
92 85
10 1
10 86
78 86
25
59 6
97 6
133 97
93 59
93 23
120 6
120 75
6 81
82 81
59 36
53 36
53 69
53 64
130 64
6 0
4 0
111 4
79 81
88 79
78 88
59 76
84 76
84 85
1 0
108 1
25
2 0
111 2
7 0
59 7
21 59
21 75
21 124
133 124
21 18
23 18
124 90
90 85
128 59
139 128
130 139
139 50
50 69
10 2
10 77
78 77
79 77
82 79
2 104
1 104
108 1
