3
31
94 98
94 23
94 124
97 94
124 91
97 6
21 124
131 21
19 21
6 73
25 73
1 73
112 1
97 33
14 33
102 33
14 13
10 1
10 86
57 10
57 47
41 57
57 61
57 42
67 42
63 33
130 63
130 139
139 53
53 136
138 53
41
1 0
6 0
112 1
120 6
57 120
120 97
57 45
67 45
97 123
123 91
124 123
131 123
46 67
46 61
66 57
66 47
41 66
97 96
19 96
98 96
120 20
20 14
93 120
93 23
15 14
15 13
28 1
28 11
25 11
6 81
79 81
79 86
15 37
65 37
102 65
64 65
130 64
64 50
139 50
50 136
138 50
49
17 13
14 17
33 17
59 33
41 59
97 59
59 6
59 76
76 91
124 76
41 43
47 43
41 56
56 61
93 59
93 98
39 43
39 57
44 43
67 44
69 33
102 69
128 59
139 128
127 128
130 127
50 69
138 50
103 33
137 103
137 136
59 123
131 123
21 59
21 18
19 18
23 18
76 73
24 73
107 24
107 25
4 73
31 4
31 1
10 4
10 77
78 77
78 86
112 1
