3
21
7 0
7 12
5 0
7 11
29 11
28 11
30 11
59 7
59 36
120 59
128 59
139 128
15 36
15 13
57 120
39 57
57 61
58 61
46 61
66 57
66 44
25
6 0
120 6
6 12
4 0
30 4
28 4
10 4
58 10
5 0
58 55
39 55
44 55
46 55
56 55
56 61
120 20
20 14
14 13
14 32
36 32
53 36
139 53
9 0
9 11
29 11
27
33 60
60 36
97 33
120 97
33 17
17 13
97 8
8 0
8 12
1 0
30 1
28 1
120 75
66 75
39 66
66 58
39 43
46 43
44 43
66 42
42 61
103 33
50 103
139 50
5 0
8 11
29 11
