3
34
1 73
111 1
112 1
6 73
105 1
6 12
108 1
1 0
9 73
10 1
113 10
115 10
75 73
75 98
21 75
58 10
58 61
94 98
94 23
21 20
20 14
46 61
46 67
46 43
40 43
40 38
6 89
82 89
21 37
65 37
64 65
130 64
53 64
53 69
39
57 10
57 61
57 40
113 10
10 2
111 2
2 73
2 12
2 0
9 12
6 0
57 42
67 42
42 43
42 38
10 104
105 104
119 9
119 98
9 81
82 81
119 93
93 23
9 59
21 59
115 10
59 33
69 33
14 33
59 36
53 36
33 60
65 60
64 60
63 33
130 63
1 104
112 1
108 1
46
44 43
67 44
66 44
66 73
66 40
4 73
111 4
4 0
9 0
7 73
7 12
9 97
97 6
39 43
39 38
97 96
98 96
56 44
56 61
95 96
95 23
19 96
19 21
97 33
102 33
102 69
102 65
50 69
64 50
33 17
14 17
139 50
130 139
139 53
4 104
105 104
9 89
89 87
82 87
10 4
115 10
113 10
28 4
28 1
108 1
112 1
