3
23
102 33
97 33
97 94
94 99
33 60
52 60
62 60
63 33
129 63
63 125
59 33
128 59
97 76
76 73
76 92
4 73
66 73
66 40
66 47
97 7
118 7
2 73
27 2
28
10 4
118 10
57 10
57 40
57 47
118 6
97 6
6 73
119 6
119 99
97 123
123 92
10 1
27 1
59 6
94 59
59 36
52 36
54 36
62 54
69 52
69 125
102 69
64 54
129 64
53 36
139 53
139 128
31
52 51
54 51
65 54
102 65
65 125
62 54
64 65
129 64
130 64
130 127
127 128
37 54
21 37
21 59
97 59
21 124
94 124
124 92
21 75
75 73
75 99
59 8
118 8
8 0
4 0
8 11
27 11
41 59
41 43
47 43
40 43
