3
37
5 0
3 0
9 0
9 81
119 9
119 93
119 99
10 3
57 10
10 77
114 10
57 40
66 57
57 42
40 38
67 42
58 10
46 67
10 86
57 61
39 57
1 0
109 1
108 1
11 3
25 11
9 59
128 59
139 128
59 76
76 92
130 139
130 64
64 60
64 65
52 60
52 51
42
53 64
53 51
139 53
53 52
53 36
60 36
65 60
59 36
93 59
93 99
41 59
41 66
41 57
66 40
39 66
66 42
66 58
41 38
42 61
46 61
66 44
67 44
66 73
25 73
59 6
6 81
119 6
6 12
12 3
79 81
79 77
79 86
59 123
123 92
2 73
109 2
1 73
108 1
10 2
114 10
6 0
5 0
50
64 54
54 51
65 54
64 50
50 52
139 50
62 54
62 60
37 54
21 37
21 75
75 99
66 75
120 75
57 120
93 120
119 120
57 55
42 55
46 55
42 38
39 55
58 55
58 61
42 43
40 43
119 7
7 81
66 45
67 45
21 124
124 92
75 73
4 73
109 4
7 12
12 3
24 73
107 24
107 25
10 4
88 10
78 88
78 77
78 86
114 10
10 1
108 1
7 0
5 0
