3
32
109 1
10 1
1 0
6 0
7 0
6 81
82 81
82 87
59 6
21 59
59 101
21 37
94 59
21 20
63 37
15 37
15 13
1 73
74 73
25 73
74 91
57 10
57 45
57 40
57 47
57 55
37 54
64 54
59 76
84 76
53 64
53 136
36
37 33
101 33
63 33
33 60
64 60
97 33
97 6
97 94
97 7
7 81
94 124
124 84
21 124
74 124
124 91
118 6
118 10
6 89
82 89
89 87
7 11
25 11
64 50
50 136
58 10
58 55
10 2
109 2
2 0
14 33
14 13
20 14
66 58
66 45
66 40
66 47
45
66 20
66 73
6 73
7 73
39 66
39 55
4 73
109 4
10 4
4 0
39 43
45 43
40 43
47 43
20 123
74 123
123 91
66 75
21 75
123 90
84 90
88 10
88 87
75 98
94 98
88 79
82 79
79 81
34 20
34 32
37 32
34 17
17 13
65 37
64 65
37 60
63 60
34 33
101 33
26 73
107 26
107 25
103 33
137 103
137 136
