3
23
11 3
24 11
7 11
107 24
27 11
59 7
21 59
133 59
21 20
21 37
21 75
37 32
7 89
82 89
66 20
66 40
39 66
39 55
66 57
57 106
59 36
53 36
140 53
30
27 1
1 0
3 0
7 0
1 73
24 73
75 73
7 81
82 81
25 73
107 25
120 75
120 20
97 7
133 97
20 14
14 32
57 120
57 40
57 55
39 57
97 33
37 33
56 55
106 56
20 18
21 18
33 60
64 60
140 64
35
27 2
2 12
7 12
12 3
2 73
24 73
66 73
66 75
26 73
107 26
66 42
42 55
42 38
39 38
40 38
76 73
124 76
133 124
21 124
123 76
20 123
34 20
34 32
34 15
15 37
56 42
106 56
34 33
103 33
50 103
140 50
10 2
10 77
79 77
82 79
