3
24
107 25
107 116
25 73
8 73
9 73
119 8
1 73
108 1
109 1
112 1
27 1
76 73
76 90
66 73
66 47
59 8
59 33
103 33
68 33
50 103
138 50
50 136
59 96
19 96
27
25 11
9 11
8 11
27 11
119 9
27 2
109 2
10 2
116 10
57 10
57 47
10 1
108 1
112 1
9 59
21 59
19 21
59 123
123 90
59 36
52 36
68 52
53 36
53 136
138 53
137 136
137 103
34
119 7
7 0
8 0
9 0
4 0
109 4
2 0
27 2
7 11
25 11
10 4
116 10
59 7
41 59
41 43
47 43
59 76
124 76
124 90
21 124
21 18
19 18
128 59
139 128
139 53
53 136
138 53
53 52
68 52
137 136
137 103
1 0
112 1
108 1
