3
41
1 0
5 0
110 1
108 1
105 1
28 1
31 1
109 1
9 0
9 97
9 59
9 89
128 59
89 87
97 96
19 96
99 96
95 96
59 36
54 36
49 36
53 36
140 53
53 136
88 87
80 88
78 88
97 33
33 17
34 33
28 11
29 11
10 1
116 10
139 128
130 139
57 10
57 42
57 106
66 57
66 44
51
5 0
7 0
59 7
97 7
7 89
4 0
28 4
109 4
31 4
4 104
105 104
1 104
119 7
119 99
110 1
108 1
21 59
19 21
59 100
34 100
34 17
21 37
37 54
82 89
82 87
64 54
140 64
130 64
64 50
50 136
130 127
127 128
54 51
49 51
41 59
41 56
56 44
106 56
56 42
7 11
29 11
10 4
10 77
78 77
80 77
93 59
93 22
95 22
24 11
107 24
107 116
59
30 4
30 1
28 4
30 11
31 11
30 2
109 2
8 11
97 8
59 8
8 89
97 94
94 99
94 23
95 23
23 18
19 18
20 18
34 20
20 14
14 17
66 20
66 42
42 43
44 43
59 33
63 33
63 54
130 63
10 2
10 86
78 86
80 86
103 33
137 103
137 136
50 103
140 50
50 48
49 48
2 104
105 104
108 1
8 81
82 81
82 87
110 1
25 11
107 25
107 116
29 11
39 66
39 56
106 56
130 127
127 126
128 126
2 0
5 0
