3
40
11 3
30 11
8 11
9 11
29 11
8 89
30 1
27 11
105 1
6 89
25 11
110 1
8 81
79 81
10 3
113 10
58 10
58 55
57 10
57 106
59 8
59 123
132 123
46 55
46 43
59 36
53 36
53 64
53 136
64 65
59 33
63 33
21 59
21 18
123 90
90 85
36 32
35 32
49 36
49 48
48
39 55
39 43
39 56
106 56
39 66
66 58
66 73
1 73
8 73
9 73
27 1
9 89
6 73
25 73
110 1
82 89
82 79
1 0
3 0
66 20
20 123
20 18
123 91
91 85
124 123
132 124
1 104
105 104
2 73
30 2
21 20
21 37
65 37
63 37
15 37
35 15
37 54
64 54
69 63
53 69
64 50
50 136
50 48
10 1
113 10
24 73
24 11
29 11
56
27 2
2 12
12 3
8 12
9 12
6 12
7 12
7 89
97 8
97 123
111 2
111 1
123 92
92 85
111 4
30 4
97 33
33 60
63 60
64 60
65 60
52 60
53 52
103 33
137 103
137 136
10 2
10 86
79 86
50 52
50 48
9 59
41 59
41 43
41 56
56 55
106 56
56 61
58 61
116 10
107 116
107 25
124 92
132 124
97 94
94 22
22 18
2 104
105 104
110 1
113 10
14 33
15 14
35 15
7 11
29 11
