3
43
62 60
33 60
33 17
34 33
14 33
59 33
102 33
59 121
59 123
17 13
132 123
59 6
59 76
6 89
119 6
118 6
6 81
82 89
6 0
89 87
79 81
5 0
34 20
135 20
118 10
116 10
10 104
107 116
117 10
88 87
78 88
1 0
28 1
108 1
112 1
64 60
129 64
57 10
57 106
64 50
50 48
57 61
46 61
51
5 0
4 0
4 104
28 4
4 73
76 73
6 73
123 76
9 0
9 59
9 89
119 9
118 9
9 81
82 81
82 87
82 79
93 59
93 121
59 100
34 100
14 100
34 17
14 13
21 59
135 21
24 73
107 24
79 77
78 77
107 116
124 76
132 124
41 59
41 43
46 43
41 56
106 56
59 36
49 36
49 48
54 36
62 54
63 54
129 63
102 63
10 4
117 10
1 104
112 1
108 1
55
58 55
46 55
58 10
10 2
2 104
2 0
10 86
78 86
79 86
7 0
118 7
7 89
59 7
119 7
7 81
97 7
97 123
97 6
97 76
7 11
28 11
82 79
20 123
20 14
14 17
26 11
107 26
15 14
15 13
34 15
82 87
119 93
93 121
124 123
132 124
97 33
69 33
102 69
21 20
135 21
63 33
129 63
56 55
106 56
107 116
15 51
49 51
49 48
54 51
62 54
117 10
5 0
10 1
108 1
112 1
