3
28
120 6
6 12
59 6
59 100
59 96
59 101
95 96
6 73
26 73
4 73
28 4
59 36
49 36
54 36
49 48
64 54
130 64
57 120
57 42
57 40
57 61
46 61
59 76
76 92
92 85
59 33
103 33
137 103
36
49 51
54 51
63 54
130 63
63 33
100 33
101 33
97 33
120 97
97 6
97 96
97 7
7 12
6 0
4 0
7 11
28 11
26 11
97 94
94 22
95 22
120 20
66 20
66 40
66 42
42 61
40 43
46 43
97 76
84 76
84 85
53 51
53 136
137 136
50 136
50 48
44
14 100
14 33
101 33
37 33
37 54
33 60
52 60
49 52
21 37
21 75
120 75
19 21
19 96
119 120
119 6
119 9
9 12
66 75
66 58
58 61
58 55
42 55
46 55
58 10
10 4
42 38
40 38
10 1
28 1
21 124
124 90
90 85
50 52
50 48
139 50
130 139
116 10
107 116
107 26
21 18
23 18
95 23
50 136
137 136
