3
49
9 73
9 81
9 97
25 73
74 73
79 81
6 73
75 73
74 124
79 77
8 73
132 124
133 97
97 94
119 9
94 23
75 98
95 23
124 92
23 18
24 73
78 77
20 18
19 18
94 22
9 11
27 11
28 11
31 11
11 3
34 20
34 15
34 17
15 51
49 51
52 51
50 52
64 50
129 64
66 73
66 58
66 57
66 44
66 47
41 66
130 64
130 127
50 103
137 103
59
9 59
133 59
59 8
41 59
59 6
41 57
133 124
94 59
57 47
97 59
8 81
119 8
94 98
57 10
58 10
10 77
10 3
88 10
78 88
88 79
59 123
123 92
20 123
132 123
74 123
10 1
31 1
1 73
28 1
27 1
59 33
33 17
21 59
21 75
21 18
19 21
22 18
95 22
59 36
15 36
49 36
93 59
93 23
128 59
127 128
53 36
53 51
53 64
63 33
129 63
69 33
50 69
8 11
24 11
25 11
41 56
56 44
53 136
137 136
69
8 0
6 0
9 0
3 0
97 8
6 81
119 6
119 98
4 0
31 4
4 73
28 4
82 81
82 79
97 123
124 123
94 124
120 6
57 120
120 20
120 75
133 124
97 76
76 92
57 55
44 55
58 55
123 91
74 91
20 14
14 17
15 14
44 43
41 43
47 43
132 123
97 96
19 96
95 96
2 0
27 2
79 86
78 86
119 93
93 22
80 86
80 77
93 23
22 18
15 37
37 54
54 51
64 54
140 64
140 50
50 48
49 48
26 73
107 26
107 25
107 24
50 136
137 136
63 37
129 63
139 50
139 128
128 126
127 126
