3
39
19 18
22 18
93 22
119 93
93 59
59 36
41 59
128 59
128 126
41 56
56 61
56 44
46 61
58 61
36 32
32 16
34 32
58 10
115 10
10 1
28 1
111 1
1 0
1 73
25 73
107 25
88 10
88 87
82 87
53 36
53 136
140 53
53 69
69 125
102 69
28 11
29 11
53 64
129 64
49
116 10
107 116
115 10
57 10
41 57
57 61
10 4
28 4
111 4
4 73
4 0
57 120
93 120
119 120
120 20
20 18
34 20
20 14
14 16
21 20
19 21
34 15
15 36
34 33
102 33
57 55
46 55
58 55
44 55
63 33
129 63
63 125
10 104
1 104
7 73
7 89
89 87
82 89
7 11
25 11
29 11
52 36
50 52
50 136
140 50
139 50
139 128
127 128
127 126
57
30 4
30 1
28 4
30 2
2 73
111 2
2 0
66 73
66 58
66 44
41 66
66 42
42 61
6 73
119 6
44 43
46 43
6 81
82 81
119 99
93 99
24 73
107 24
99 96
19 96
93 23
23 18
6 89
89 87
59 6
59 100
34 100
30 11
25 11
59 33
33 60
60 36
64 60
140 64
65 60
65 125
102 65
63 60
129 63
103 33
137 103
137 136
14 100
14 13
16 13
130 64
130 127
127 126
127 128
29 11
10 2
115 10
