3
31
119 9
9 12
9 73
119 8
26 73
9 11
25 73
30 11
31 11
107 26
66 73
66 58
66 40
66 57
40 43
40 38
41 66
76 73
76 90
9 59
128 59
128 126
59 36
54 36
62 54
54 51
53 36
140 53
36 32
32 16
16 13
36
15 51
15 13
15 16
15 37
37 54
37 60
62 60
64 54
140 64
37 33
97 33
9 97
97 8
8 12
8 73
8 11
25 11
26 11
107 25
97 123
123 90
1 73
31 1
30 1
10 1
58 10
57 10
57 40
41 57
41 43
41 38
97 6
119 6
130 64
130 127
127 126
43
119 7
7 73
7 12
7 11
59 7
41 59
59 8
26 11
4 73
31 4
30 4
7 0
9 0
24 73
107 24
119 120
57 120
107 25
57 134
58 134
39 57
39 43
39 38
57 40
59 33
63 33
63 54
14 33
14 16
14 13
33 60
62 60
52 60
52 51
50 52
140 50
74 73
74 124
124 90
139 50
139 128
127 128
127 126
