3
21
34 33
59 33
41 59
93 59
63 33
130 63
129 63
41 66
66 58
66 73
59 76
84 76
84 85
59 6
6 81
58 10
10 3
59 96
95 96
88 10
78 88
27
53 64
130 64
129 64
53 36
15 36
34 15
59 36
59 7
7 73
7 81
120 59
93 120
7 0
3 0
57 120
41 57
93 22
95 22
57 55
58 55
59 123
123 90
90 85
84 90
79 81
79 86
78 86
32
139 128
130 139
128 59
59 100
34 100
59 8
8 73
8 81
59 121
93 121
8 12
12 3
93 23
95 23
133 59
133 124
124 84
124 91
91 85
118 8
118 10
10 77
78 77
57 10
57 134
58 134
39 57
39 56
41 56
139 50
64 50
129 64
