3
23
1 0
6 0
9 0
8 0
1 73
74 73
59 6
128 59
93 59
74 123
131 123
76 73
84 76
25 73
107 25
59 36
53 36
140 53
53 69
69 125
10 1
58 10
58 55
27
131 21
21 124
74 124
124 84
21 59
9 59
59 8
59 7
7 0
120 59
93 120
120 6
57 120
57 55
21 37
65 37
65 125
64 65
140 64
9 11
28 11
28 1
26 11
107 26
64 50
139 50
139 128
32
4 0
4 73
6 73
9 73
8 73
119 6
119 93
4 104
1 104
24 73
107 24
66 73
39 66
39 55
97 6
97 123
123 91
74 91
123 90
84 90
97 33
63 33
63 125
103 33
50 103
140 50
130 63
130 127
127 128
75 73
21 75
131 21
