3
34
11 3
30 11
29 11
31 11
10 3
10 77
113 10
80 77
78 77
57 10
118 10
57 55
41 57
57 45
67 45
41 59
59 76
94 59
94 22
59 96
19 96
59 36
15 36
36 32
15 13
60 36
62 60
64 60
130 64
140 64
64 50
50 48
76 90
90 85
46
19 21
21 37
37 32
37 60
15 37
21 124
124 76
94 124
14 32
14 13
124 84
84 85
37 54
62 54
52 60
50 52
140 50
21 18
22 18
49 52
49 48
63 37
130 63
76 73
4 73
31 4
30 4
6 73
118 6
24 73
24 11
66 73
41 66
66 45
66 57
66 42
67 42
42 55
29 11
10 4
10 86
80 86
78 86
113 10
79 86
79 77
51
32 16
16 13
15 16
14 16
14 33
33 60
97 33
97 76
97 94
97 7
118 7
7 11
76 91
91 85
103 33
50 103
120 97
57 120
139 50
130 139
39 57
39 55
139 53
140 53
39 43
45 43
41 43
44 55
67 44
93 120
93 22
20 14
20 18
19 18
7 0
1 0
30 1
31 1
10 1
88 10
78 88
80 88
88 79
79 77
15 51
54 51
62 54
49 51
49 48
29 11
113 10
