3
22
114 10
57 10
10 3
57 42
57 61
41 57
46 61
66 57
66 44
41 59
94 59
10 1
109 1
59 33
103 33
14 33
14 13
59 36
54 36
59 76
76 92
92 85
29
3 0
4 0
109 4
9 0
9 97
97 94
120 97
57 120
120 20
20 14
57 55
46 55
42 55
44 55
42 61
15 14
15 13
66 20
41 66
15 37
37 54
97 76
84 76
84 85
10 4
114 10
64 54
64 50
50 103
33
14 16
16 13
15 16
15 51
54 51
53 51
53 136
137 136
137 103
14 100
59 100
59 6
6 12
12 3
2 12
109 2
21 59
21 124
94 124
124 90
90 85
10 2
58 10
58 61
66 58
66 42
58 134
57 134
42 43
46 43
41 43
44 43
114 10
