3
19
105 1
27 1
10 1
113 10
1 73
24 73
88 10
88 87
57 10
57 42
57 120
93 120
93 22
120 97
97 33
69 33
50 69
69 125
65 125
24
22 18
21 18
21 37
65 37
63 37
63 125
69 63
64 65
64 50
20 18
66 20
66 42
66 73
2 73
27 2
2 104
105 104
27 11
24 11
10 2
113 10
7 73
7 89
89 87
27
11 3
27 11
26 11
107 26
107 24
7 11
59 7
94 59
94 22
7 81
82 81
82 87
59 33
103 33
50 103
102 33
102 69
102 65
63 33
63 125
41 59
41 43
42 43
10 3
10 104
105 104
113 10
