3
19
34 33
69 33
53 69
50 69
33 60
65 60
62 60
34 20
66 20
66 58
66 40
58 10
40 38
59 33
128 59
128 126
10 3
11 3
29 11
24
34 15
15 37
65 37
37 33
64 65
64 50
53 64
37 54
62 54
130 64
130 127
127 126
15 36
59 36
41 59
41 38
41 57
57 10
57 40
57 55
58 55
59 7
7 11
29 11
27
127 126
127 128
139 128
139 53
139 50
50 103
103 33
102 33
102 65
33 17
34 17
65 54
62 54
97 33
9 97
118 9
118 10
120 97
57 120
57 42
42 38
57 134
58 134
42 43
40 43
9 11
29 11
