3
21
15 14
20 14
135 20
14 33
33 60
69 33
59 33
102 33
128 59
20 123
131 123
66 20
66 134
93 59
122 93
66 73
4 73
4 104
30 4
10 4
117 10
25
4 0
1 0
30 1
1 104
9 0
9 59
59 36
60 36
15 36
53 36
53 69
102 69
21 59
131 21
135 21
21 20
139 53
139 128
10 1
117 10
58 10
58 134
119 9
119 99
122 99
27
109 4
109 2
2 104
30 2
10 2
57 10
57 134
57 120
120 20
120 59
34 20
34 15
15 37
37 60
63 37
69 63
102 63
119 120
119 98
122 98
130 63
130 127
127 128
21 37
135 21
131 21
117 10
