3
19
10 4
114 10
88 10
4 73
76 73
124 76
84 76
94 124
59 76
59 121
66 73
66 44
67 44
59 36
15 36
54 36
65 54
49 36
49 48
27
124 84
84 90
76 90
97 76
97 94
21 124
21 37
15 37
65 37
120 97
93 120
93 121
64 65
64 50
50 48
57 120
57 42
67 42
57 55
44 55
57 10
114 10
10 104
4 104
10 77
80 77
80 88
31
59 6
94 59
6 0
4 0
59 123
123 76
124 123
93 59
93 121
59 33
14 33
15 14
33 60
65 60
6 89
89 87
88 87
123 90
90 85
84 85
41 59
41 43
44 43
46 43
46 67
103 33
50 103
50 48
118 6
118 10
114 10
