3
20
6 81
59 6
41 59
128 59
133 59
41 38
41 56
59 76
84 76
76 90
93 59
122 93
59 36
15 36
59 96
95 96
54 36
62 54
64 54
129 64
27
7 81
97 7
133 97
97 123
123 90
84 90
97 94
94 22
95 22
94 98
122 98
97 33
37 33
15 37
63 33
129 63
33 60
62 60
130 63
130 127
127 128
7 73
66 73
41 66
39 66
39 38
39 56
28
139 53
139 128
53 51
15 51
53 69
69 63
129 63
63 60
62 60
69 33
59 33
59 8
8 81
120 59
57 120
41 57
57 42
42 38
56 42
94 59
94 23
95 23
94 99
122 99
94 124
124 90
124 84
133 124
