3
23
116 10
107 116
10 3
88 10
88 79
88 87
118 10
118 6
59 6
21 59
59 123
59 101
21 124
59 96
95 96
98 96
123 90
90 85
59 36
49 36
49 48
53 36
53 64
28
69 33
101 33
50 69
64 50
50 48
97 33
97 123
97 6
124 123
6 89
89 87
97 94
94 98
6 81
79 81
6 0
3 0
79 77
10 77
94 22
95 22
123 91
91 85
37 33
21 37
6 73
24 73
107 24
31
10 1
10 86
79 86
82 79
82 87
1 73
75 73
75 98
21 75
120 75
120 6
76 73
123 76
124 76
6 12
12 3
26 73
107 26
84 76
84 85
93 98
93 23
95 23
120 59
59 33
101 33
33 60
64 60
103 33
50 103
50 48
