3
46
33 17
69 33
68 33
50 69
33 60
69 52
65 60
50 136
65 54
50 48
59 33
59 6
128 59
59 121
6 0
133 59
21 59
131 21
21 75
135 21
21 20
75 98
94 59
94 23
1 0
112 1
59 8
8 11
24 11
29 11
10 1
10 86
10 77
115 10
78 86
114 10
63 33
129 63
57 10
57 106
57 61
57 55
59 123
132 123
123 90
90 85
56
10 3
11 3
3 0
58 10
58 55
58 61
29 11
114 10
66 58
66 75
66 20
135 20
88 10
78 88
78 77
20 18
23 18
80 88
80 86
66 73
24 73
6 73
20 14
14 33
14 17
37 33
65 37
37 60
37 54
52 60
50 52
68 52
93 23
93 98
93 121
20 123
131 123
53 52
53 136
53 69
123 91
91 85
139 50
139 128
124 123
132 124
133 124
56 55
106 56
64 65
129 64
49 52
49 48
115 10
1 73
112 1
66
95 23
95 96
98 96
97 96
97 33
133 97
97 6
97 7
7 11
7 0
103 33
50 103
120 97
120 20
120 75
64 50
64 54
64 60
129 64
54 36
52 36
135 20
68 52
137 103
137 136
102 33
102 65
102 69
34 33
34 17
25 11
107 25
107 24
97 123
123 92
92 85
131 123
57 120
39 57
39 55
57 42
42 61
93 120
93 121
6 81
79 81
79 77
79 86
78 77
130 64
130 127
127 128
49 36
49 48
39 56
106 56
124 92
132 124
29 11
27 11
27 1
112 1
118 6
118 10
114 10
115 10
