3
26
49 36
36 32
59 36
59 33
97 59
41 59
41 43
44 43
40 43
59 6
6 0
59 76
84 76
76 91
128 59
127 128
1 0
108 1
10 1
116 10
113 10
53 36
53 136
50 136
94 59
94 23
35
23 18
20 18
20 123
123 91
97 123
97 33
97 7
7 0
103 33
50 103
66 20
66 44
66 40
39 66
39 43
50 48
49 48
137 103
137 136
118 7
118 10
124 123
124 84
113 10
20 14
14 32
63 33
130 63
130 127
7 73
24 73
107 24
107 116
1 73
108 1
40
1 104
10 104
2 104
2 0
57 10
57 40
9 0
9 97
57 42
42 43
57 55
44 55
2 73
74 73
74 91
91 85
84 85
9 59
59 101
101 33
93 59
93 23
37 33
37 32
69 33
50 69
69 52
49 52
113 10
25 73
107 25
107 116
108 1
139 50
139 128
128 126
127 126
50 103
137 103
137 136
