3
35
4 104
4 73
74 73
66 73
66 47
66 44
9 73
119 9
74 124
132 124
21 124
124 84
84 83
66 58
58 61
9 81
79 81
66 20
34 20
34 33
102 33
69 33
50 69
69 125
138 50
33 60
62 60
34 15
35 15
9 59
128 59
127 128
128 126
59 96
95 96
39
10 4
10 104
10 77
79 77
57 10
57 47
57 61
57 120
119 120
57 55
44 55
120 20
21 20
20 123
74 123
132 123
21 37
65 37
65 125
102 65
102 69
37 32
34 32
35 32
64 65
64 50
53 69
138 53
130 64
130 127
127 126
37 54
62 54
93 120
93 22
95 22
123 90
90 85
85 83
43
35 32
36 32
52 36
50 52
69 52
59 36
21 59
69 63
63 125
102 63
59 6
119 6
59 100
34 100
6 0
4 0
1 0
1 104
41 59
41 43
44 43
47 43
41 56
56 61
59 123
132 123
123 91
74 91
130 63
130 127
127 126
6 81
82 81
82 79
93 59
93 23
95 23
91 85
85 83
54 36
62 54
53 36
138 53
