3
45
9 11
9 59
21 59
41 59
59 36
120 59
59 123
59 96
123 90
59 100
90 85
21 20
36 32
95 96
123 92
35 32
84 90
59 33
33 17
41 57
57 47
57 106
57 134
57 40
69 33
69 125
50 69
50 48
50 136
64 50
129 64
93 59
122 93
57 10
116 10
113 10
117 10
115 10
10 1
112 1
110 1
53 36
53 51
41 43
46 43
57
106 56
41 56
56 61
46 61
41 66
66 47
66 134
66 20
66 40
120 20
20 123
66 73
9 73
120 97
97 96
124 123
124 90
21 124
124 92
124 84
92 85
98 96
122 98
24 73
24 11
20 14
14 32
14 17
14 100
15 14
15 36
15 51
35 15
107 24
107 116
52 36
50 52
49 36
49 48
53 52
53 136
53 64
64 65
65 125
63 125
129 63
1 73
110 1
112 1
20 18
22 18
95 22
58 61
58 10
113 10
115 10
117 10
66
9 0
3 0
11 3
6 0
120 6
9 97
97 123
120 75
21 75
97 76
76 90
76 92
84 76
84 85
75 99
122 99
99 96
21 37
37 32
135 21
135 20
37 54
54 36
64 54
54 51
140 64
140 50
34 32
34 17
34 100
57 120
57 55
46 55
58 55
58 134
49 51
49 48
39 57
39 38
41 38
40 38
39 43
47 43
63 37
129 63
63 125
56 55
106 56
15 37
35 15
93 120
93 23
95 23
50 103
137 103
137 136
25 11
107 25
107 116
10 3
115 10
113 10
117 10
1 0
112 1
110 1
