3
21
1 0
1 104
10 1
58 10
58 134
58 61
66 58
66 44
67 44
66 20
135 20
21 20
21 37
131 21
20 123
123 90
90 85
21 59
59 36
53 36
53 136
24
4 0
4 104
4 73
66 73
66 134
66 42
67 42
42 61
42 43
44 43
75 73
21 75
135 21
76 73
84 76
84 85
123 76
131 123
59 76
59 33
37 33
103 33
137 103
137 136
25
3 0
10 3
10 104
57 10
57 134
57 61
57 55
44 55
57 45
67 45
9 0
9 97
97 123
131 123
123 92
92 85
97 33
33 60
37 60
69 33
50 69
50 136
124 123
21 124
135 21
