3
32
110 1
10 1
109 1
10 86
113 10
116 10
57 10
57 47
1 0
6 0
5 0
6 89
97 6
82 89
133 97
97 33
103 33
97 123
131 123
20 123
50 103
138 50
139 50
130 139
139 128
128 126
28 1
28 11
29 11
34 33
34 15
35 15
41
10 4
109 4
4 73
6 73
113 10
66 73
66 47
66 20
59 6
133 59
97 59
21 20
131 21
6 81
82 81
7 73
7 89
79 81
79 86
59 36
53 36
138 53
139 53
36 32
35 32
53 64
130 64
130 127
127 126
24 73
107 24
107 116
1 73
110 1
4 0
5 0
53 136
137 136
137 103
7 11
29 11
50
9 0
9 97
9 89
2 0
10 2
109 2
89 87
82 87
119 9
119 6
120 97
120 20
10 77
80 77
80 86
97 76
124 76
133 124
21 124
131 21
21 37
63 37
130 63
37 32
35 32
69 63
53 69
139 53
138 53
5 0
9 59
41 59
41 43
47 43
113 10
128 59
127 128
127 126
9 11
29 11
25 11
107 25
107 116
50 69
50 136
137 136
137 103
2 104
1 104
110 1
