3
32
27 1
31 1
1 0
6 0
119 6
119 98
59 6
41 59
41 56
41 38
21 59
21 18
21 20
23 18
59 36
60 36
49 36
20 14
14 16
53 36
138 53
139 53
6 81
79 81
41 57
57 134
88 79
78 88
59 123
132 123
123 90
90 85
36
33 60
97 33
97 6
34 33
34 20
20 18
97 7
119 7
34 15
15 16
66 20
41 66
66 134
7 11
31 11
27 11
39 66
39 38
39 56
97 94
94 98
94 23
94 124
132 124
52 60
49 52
124 84
84 85
50 52
138 50
139 50
6 89
82 89
82 79
79 77
78 77
42
130 139
130 64
64 60
64 50
50 48
49 48
138 50
37 60
37 32
32 16
21 37
135 21
135 20
19 21
19 18
120 20
119 120
120 6
93 120
93 23
93 98
57 120
57 106
106 56
57 42
42 38
42 43
41 43
57 10
58 10
58 134
10 2
27 2
10 86
79 86
78 86
10 4
31 4
21 124
124 91
91 85
132 124
