3
19
2 12
10 2
57 10
115 10
57 55
57 42
46 55
9 12
9 59
59 36
128 59
15 36
15 13
15 51
59 123
132 123
59 76
84 76
84 83
26
36 32
14 32
14 13
53 36
53 51
14 33
59 33
139 53
139 128
120 59
57 120
59 6
6 12
57 61
46 61
42 61
42 55
21 59
21 124
132 124
124 84
84 85
85 83
118 6
118 10
115 10
30
17 13
33 17
100 33
59 100
33 60
60 36
59 7
7 12
41 59
41 57
52 60
52 51
41 56
56 55
56 42
41 43
46 43
133 59
133 124
132 124
63 33
130 63
130 127
127 128
124 91
91 85
85 83
12 3
10 3
115 10
