3
51
6 89
6 81
89 87
88 87
78 88
6 73
24 73
25 73
76 73
74 73
76 90
76 91
24 11
29 11
30 11
28 11
59 6
59 36
59 96
59 121
49 36
19 96
49 48
59 33
60 36
33 17
34 33
102 33
94 59
37 33
94 22
15 36
35 15
88 10
114 10
10 104
57 10
117 10
39 57
57 55
57 45
46 55
67 45
57 42
116 10
123 76
131 123
132 123
63 33
130 63
63 125
64
9 0
9 89
9 81
1 0
30 1
1 104
28 1
9 97
97 96
97 76
97 33
97 94
33 60
37 60
15 37
34 15
34 17
64 60
130 64
52 60
52 36
49 52
21 37
19 21
131 21
64 50
50 48
120 97
57 120
69 33
69 125
102 69
93 120
93 121
93 22
66 57
39 66
66 42
66 45
39 55
67 42
46 67
124 76
132 124
124 90
124 91
74 124
9 11
25 11
79 81
88 79
29 11
107 25
107 24
107 116
37 32
35 32
79 77
78 77
82 89
82 87
10 1
114 10
117 10
74
29 11
7 11
7 89
7 81
59 7
59 76
59 123
123 90
123 91
74 123
41 59
41 57
59 100
34 100
100 33
41 43
46 43
42 43
39 43
45 43
42 55
124 123
94 124
44 43
67 44
132 124
94 98
98 96
14 100
14 17
15 14
95 96
95 22
15 51
49 51
22 18
19 18
54 51
37 54
54 36
65 54
65 125
65 60
102 65
31 11
31 4
4 104
30 4
28 4
93 59
93 121
82 81
82 87
128 59
139 128
130 139
21 59
131 21
139 50
50 48
10 4
10 86
78 86
80 86
80 88
34 32
35 32
117 10
26 11
107 26
107 116
107 25
107 24
114 10
