3
23
68 33
59 33
59 6
93 59
6 12
6 0
5 0
59 76
76 91
59 8
8 11
1 0
105 1
103 33
137 103
128 59
139 128
33 60
62 60
41 59
41 66
66 45
39 66
25
52 36
68 52
53 36
139 53
54 36
62 54
53 136
137 136
59 36
120 59
120 6
93 120
59 7
7 11
7 12
59 123
123 91
57 120
57 45
39 57
7 0
5 0
2 12
2 104
105 104
30
9 0
9 12
9 11
9 97
97 6
119 9
119 93
9 73
74 73
74 91
97 33
69 33
50 69
139 50
69 52
68 52
50 136
137 136
4 0
4 104
105 104
37 33
37 54
62 54
66 73
66 42
42 43
45 43
39 43
5 0
