3
24
27 2
109 2
10 2
88 10
57 10
113 10
116 10
57 42
118 10
57 120
42 38
56 42
56 44
120 20
20 14
14 32
20 123
124 123
93 120
93 22
122 93
14 33
69 33
69 125
37
36 32
15 36
15 14
59 36
120 59
53 36
53 69
41 59
41 56
41 57
41 38
59 6
118 6
69 63
63 125
41 43
44 43
42 43
94 59
94 22
94 124
94 98
122 98
6 0
2 0
1 0
27 1
109 1
10 1
113 10
6 89
89 87
88 87
6 73
24 73
107 24
107 116
38
14 16
32 16
37 32
21 37
21 124
65 37
65 125
21 18
22 18
21 75
120 75
102 65
102 69
66 75
66 57
66 42
66 44
75 73
2 73
39 66
39 56
39 38
4 73
109 4
75 99
122 99
7 73
118 7
7 11
27 11
7 81
79 81
88 79
26 73
107 26
107 116
10 4
113 10
