3
26
63 37
69 63
129 63
50 69
69 52
52 51
130 63
130 127
127 126
21 37
19 21
21 124
74 124
124 76
94 124
21 59
41 59
59 6
59 121
6 89
6 0
6 12
41 43
46 43
45 43
46 61
34
41 66
66 45
41 56
56 61
66 73
76 73
74 73
6 73
67 45
46 67
7 73
7 89
7 12
7 0
39 66
39 43
59 76
94 59
59 33
69 33
37 33
53 69
53 51
53 52
50 52
128 59
127 128
128 126
53 64
129 64
59 96
19 96
93 59
93 121
38
64 50
64 60
37 60
52 60
64 54
54 51
129 64
33 60
97 33
97 76
97 94
97 6
97 123
74 123
9 97
9 0
9 89
9 12
102 33
102 69
120 97
57 120
57 61
41 57
57 45
57 55
46 55
57 42
42 43
94 22
22 18
19 18
93 120
93 121
139 50
139 128
128 126
127 128
