3
20
10 1
115 10
114 10
1 73
76 73
66 73
84 76
66 45
39 66
88 10
80 88
97 76
97 33
103 33
68 33
50 103
140 50
97 96
19 96
95 96
26
19 18
20 18
66 20
22 18
95 22
20 123
123 76
66 57
39 57
57 45
124 123
124 84
57 10
115 10
10 77
80 77
114 10
59 123
59 36
53 36
140 53
52 36
68 52
53 136
137 136
137 103
30
59 33
59 76
41 59
41 66
21 59
19 21
41 38
39 38
41 43
45 43
76 90
84 90
93 59
93 23
95 23
33 60
64 60
140 64
52 60
68 52
66 58
58 10
10 86
80 86
115 10
114 10
64 50
50 136
137 136
137 103
