3
24
1 73
26 73
75 73
66 73
66 40
66 44
67 44
120 75
93 120
93 121
1 0
5 0
66 20
20 14
14 16
14 17
14 33
63 33
129 63
130 63
130 139
139 50
50 48
50 136
27
15 16
15 13
17 13
15 36
59 36
93 59
59 121
53 36
139 53
53 136
53 64
129 64
49 36
49 48
21 59
21 75
41 59
41 43
44 43
40 43
42 43
67 42
59 7
7 11
26 11
7 0
5 0
35
9 0
119 9
119 93
119 98
75 98
9 59
128 59
139 128
59 33
33 17
59 121
66 75
66 45
67 45
66 57
57 40
57 55
44 55
103 33
137 103
137 136
37 33
37 32
32 16
9 73
25 73
107 25
107 26
33 60
64 60
129 64
5 0
52 60
49 52
49 48
