3
23
111 1
112 1
111 2
1 73
74 73
7 73
59 7
66 73
66 134
66 20
59 33
69 33
10 1
113 10
117 10
53 69
138 53
140 53
88 10
80 88
76 73
84 76
84 83
28
7 0
2 0
4 0
111 4
9 0
9 59
59 123
74 123
20 123
124 123
124 84
84 85
85 83
59 36
52 36
69 52
50 52
138 50
140 50
10 2
117 10
58 10
58 134
10 77
80 77
113 10
1 0
112 1
32
7 12
2 12
97 7
97 59
120 97
120 20
57 120
57 134
97 33
102 33
102 69
97 123
123 90
84 90
123 91
74 91
50 69
138 50
64 50
140 64
57 10
10 86
80 86
90 85
85 83
10 4
111 4
113 10
117 10
27 2
27 1
112 1
