3
31
20 18
120 20
34 20
120 6
34 15
57 120
57 106
39 57
93 120
122 93
20 123
123 76
132 123
123 90
74 123
90 85
15 37
37 54
62 54
57 10
117 10
116 10
10 77
120 59
59 101
59 7
65 37
65 125
34 33
103 33
137 103
43
15 51
54 51
63 54
63 125
63 60
62 60
63 33
101 33
97 33
97 7
97 6
97 76
120 97
76 90
124 76
132 124
74 124
21 124
21 18
33 17
34 17
84 76
84 85
97 94
94 98
122 98
7 73
66 73
39 66
39 56
106 56
7 81
79 81
79 77
24 73
107 24
107 116
53 51
53 136
137 136
118 7
118 10
117 10
45
106 56
56 55
39 55
41 56
41 59
59 6
59 76
59 36
15 36
54 36
76 91
91 85
74 91
119 6
119 120
119 7
119 99
122 99
59 100
34 100
124 91
124 90
132 124
59 33
101 33
69 33
69 125
93 59
93 23
23 18
60 36
62 60
50 69
50 136
137 136
6 73
25 73
107 25
107 116
58 55
58 10
88 10
78 88
78 77
117 10
