3
23
1 0
112 1
27 1
9 0
9 97
9 89
9 59
93 59
122 93
41 59
41 38
128 59
127 128
41 56
56 55
56 44
130 127
130 64
130 63
63 125
10 1
10 86
80 86
31
7 89
97 7
59 7
7 11
27 11
119 7
119 93
97 33
63 33
119 98
122 98
33 60
64 60
69 33
69 125
7 73
66 73
66 44
44 55
39 66
39 38
1 73
112 1
89 87
88 87
80 88
64 50
139 50
139 128
128 126
127 126
32
8 89
97 8
59 8
120 97
93 120
57 120
57 55
93 99
122 99
57 42
42 38
42 43
44 43
59 36
60 36
63 60
53 36
53 64
65 60
65 125
57 10
10 77
80 77
10 2
27 2
10 104
1 104
112 1
139 53
139 128
128 126
127 126
