3
21
20 18
66 20
66 75
20 123
132 123
66 73
9 73
9 89
66 57
57 106
57 61
1 73
105 1
75 99
122 99
34 20
34 15
15 51
59 123
128 59
127 128
24
118 10
118 9
58 10
58 61
10 104
105 104
118 6
6 89
56 61
106 56
120 6
120 75
93 120
122 93
21 75
21 18
21 124
132 124
21 37
37 54
54 51
63 37
130 63
130 127
28
53 51
53 36
59 36
9 59
59 7
7 89
7 73
75 73
75 98
122 98
59 96
19 96
19 18
41 59
41 56
56 42
42 61
106 56
59 76
124 76
132 124
139 53
139 128
128 126
127 126
2 73
2 104
105 104
