3
29
31 1
1 73
74 73
26 73
74 123
131 123
10 1
117 10
116 10
88 10
88 79
57 10
57 106
57 55
106 56
41 57
41 38
74 91
91 85
59 123
59 100
59 96
95 96
59 33
69 33
33 60
65 60
53 69
138 53
36
11 3
26 11
31 11
107 26
107 116
10 3
10 77
79 77
58 10
58 55
56 55
117 10
39 55
39 38
106 56
7 11
97 7
97 123
97 33
100 33
123 92
92 85
124 123
74 124
102 33
102 69
102 65
50 69
138 50
21 124
131 21
37 33
37 60
97 94
94 22
95 22
38
79 86
10 86
10 4
31 4
4 73
76 73
123 76
76 90
90 85
66 73
66 42
42 55
56 42
42 38
124 76
74 124
20 123
34 20
34 100
94 124
94 23
95 23
21 20
21 37
65 37
131 21
63 37
63 60
69 63
25 73
107 25
107 26
107 116
106 56
64 65
64 50
138 50
117 10
