5 0
5 0
6 30
6 58
5 2
12 2
6 284
5 0
6 0
11 100
5 17
5 673
5 0
8 0
5 0
5 4
5 0
5 4518
5 0
5 0
10 0
5 159
6 8044
8 0
8 0
5 22
5 0
6 0
5 0
5 0
6 613389
7 0
5 0
6 0
5 20
19 6
5 8566
6 997833
5 0
5 0
5 6
5 9
6 53
5 0
5 0
13 3
8 0
8 2547
10 0
8 60934
5 1718
9 105209
5 286161
5 175
5 38
5 3
7 69691
5 152
9 0
5 0
7 400
7 12
5 0
5 0
5 0
5 0
6 88287
6 45523
6 19
5 0
5 24
5 1460
5 65
10 141
5 4
5 0
5 3280
5 0
13 4
6 0
5 111722
6 177
5 0
6 122
13 0
5 10
5 2402
5 3
5 0
20 3
41 1
6 0
5 712807
5 311183
5 0
6 14
6 0
5 0
6 1735
5 24362
5 0
6 0
8 1
5 387
6 821
5 2
5 7068
5 1324
12 0
7 5
5 6145
5 26
11 251
5 0
5 0
5 2
5 14593
5 4
5 2
5 0
5 0
5 772
5 252187
5 0
5 0
6 0
5 0
5 8
6 2
9 2498
5 1
5 0
5 0
5 0
7 0
5 0
6 473
5 0
6 0
5 722
7 18
6 0
5 0
6 0
5 473
5 0
7 0
5 0
5 2655
6 1
5 5
7 1619
6 0
5 55
5 2
6 37941
6 9004
5 87
6 0
9 234
194 0
8 0
5 0
5 57
6 2609
6 1
5 19
5 64
7 1
5 0
6 4824
5 19
7 0
5 429522
5 47
5 628
5 1
5 0
6 0
14 29
6 2554
5 4
5 20936
6 240
5 0
6 86704
5 0
5 0
5 0
5 12
5 12
5 0
6 1
5 191398
5 0
6 0
19 0
5 0
5 0
5 0
12 4
13 2
92 91
18 0
6 0
53 0
5 0
5 0
6 0
7 0
6 0
6 817
5 10
13 32
5 0
6 0
5 3
5 63
5 47
5 101
5 0
7 6
5 0
5 244264
5 0
5 1
18 13666
5 65
8 28
7 174576
8 0
5 41
5 0
13 0
6 0
6 0
5 3221
11 0
20 33
5 0
5 8584
5 0
5 0
6 27
5 13340
5 0
8 5399
5 31
5 398009
9 11
7 6406
5 328
6 3700
6 494
6 2433
13 0
5 0
27 17612
5 0
5 1
52 173
5 0
5 19
12 25
5 1
8 1
6 0
5 0
5 90542
5 727
5 0
6 13
21 2
5 34527
11 0
24 271
5 5
5 17
5 572
5 0
36 0
12 47
5 3035
11 0
6 0
5 10
5 1
5 1
91 0
5 19
5 236688
7 26308
6 708737
5 565
13 0
5 0
5 63875
6 715595
6 0
48 91232
5 2
5 0
5 958
5 456
5 6
5 8
5 0
5 9
75 2
7 0
7 2
6 959801
5 0
5 611
5 1
5 1440
5 0
5 0
11 0
10 61
5 0
5 50
5 1652
5 0
5 0
5 3
7 0
6 12
5 0
18 0
5 448
10 12257
5 0
5 0
5 8
12 210
5 655578
7 8
5 0
5 194
6 1
5 1235
5 18
5 16
8 15
5 15214
5 0
5 4414
5 234034
5 112332
6 0
22 2238
5 9
10 854
5 17489
6 287
5 7
6 622
6 139
5 0
7 943383
5 83850
5 0
5 440
5 1
5 0
6 2
5 158
6 5161
7 0
6 0
5 0
5 0
5 73
5 2
6 170384
5 11
61 67914
5 2878
5 3165
5 0
6 0
5 2
5 20
6 27315
5 5
7 686
6 0
5 1
5 1
17 0
7 10791
13 5796
7 0
5 0
5 10952
5 0
5 89
7 0
5 380958
6 0
5 38
6 6054
5 1
15 1
5 153
5 0
8 22
8 0
5 106
13 0
5 0
6 8267
5 245
6 1191
10 0
5 0
6 79524
5 338
6 976
6 1
6 0
10 0
5 39
5 4
5 0
8 34098
12 6
5 0
5 0
5 0
5 1031975
108 45
5 92
5 29
5 0
5 96080
5 118
62 0
5 1
5 0
5 530352
8 2538
5 0
5 1
300 0
5 3
5 26
6 14
5 1
5 10195
5 17579
6 2
5 0
5 4323
5 0
5 0
5 0
10 0
5 2
5 5
5 0
5 0
5 0
5 0
5 9
5 0
5 0
5 42
5 155
6 0
5 960
6 3555
5 0
5 1163
6 0
13 208
6 0
5 0
5 21
5 3
5 0
6 2
11 1457
5 35
9 0
5 0
7 81
6 5222
9 0
12 0
7 1266
12 3
5 1597
5 20305
5 16954
45 19843
15 0
5 1
6 1
5 229
5 2128
5 1693
5 973
5 0
6 32
5 3
5 3194
7 4
10 206583
15 556
5 14
6 376
5 980
6 8
91 1
45 61
8 506269
5 1
5 2
5 3206
5 0
5 0
9 0
5 0
5 46
5 4
6 0
5 22
5 1
5 133
5 557
10 0
5 5
5 0
6 3310
5 3
5 874
5 10
7 1
6 779
5 36508
5 58
6 1
7 1599
5 88
5 26888
5 9
5 0
6 0
6 4
5 191981
6 2
5 51
5 2427
5 2
34 0
5 2
5 0
5 4
5 1
6 19065
5 23
16 0
5 0
5 0
18 0
5 1610
6 533
5 45
5 2
5 1
6 0
28 1
5 0
7 0
22 339
17 23
5 0
11 13
5 185
5 231
6 5
5 103
6 0
5 0
6 0
5 4
5 85
6 2
5 1
5 468
5 5
6 1
18 2523
6 0
5 245
5 45311
5 3401
5 1
5 0
6 0
5 1963
6 99
24 59498
10 4
5 0
5 46
5 4574
5 47
5 0
5 5
5 153935
11 85
5 1
5 0
5 1
5 553
6 0
5 0
5 3
5 3
9 4
5 0
93 34558
5 156333
5 0
5 34
5 0
5 6
5 9
5 367
5 0
5 2
5 859404
10 74280
5 127
5 0
5 5
12 0
6 68874
6 13797
5 241
9 37238
5 0
6 115514
7 50
6 7
5 0
6 2
5 0
5 5
6 10
128 528
6 22625
5 0
5 0
5 0
5 44
5 0
8 0
5 0
5 450
13 0
5 0
5 0
12 3
5 377
6 0
6 11
6 1656
5 2
6 2
5 348569
5 0
5 0
36 186
5 0
5 1310
6 0
5 0
6 11
5 0
6 0
5 0
5 15
28 0
7 1344
10 0
11 0
5 584
6 0
10 371
5 2
5 1
5 148
8 1
5 1965
5 1
9 10
5 0
15 1591
5 0
5 3271
5 0
7 2
5 0
5 0
11 1
5 1448
5 0
5 26
5 303
5 28
6 101596
5 11
7 88359
5 1
6 41
5 1
7 2
5 8
5 179
5 0
19 1
235 956
6 292
6 0
6 11
13 7284
5 98209
5 55
8 0
5 566
5 0
5 0
6 1
5 0
10 0
6 876
7 12
5 24
5 0
5 3613
9 146
6 0
5 5
6 0
6 0
5 0
8 690
5 14
7 68754
35 0
5 0
10 0
5 5119
7 11
7 143
5 648
5 0
5 0
21 0
5 5821
8 4919
5 4
6 474
5 0
5 0
5 0
5 0
5 42456
5 740
5 556
6 376135
208 4307
5 0
6 0
5 46
5 14
11 0
29 0
5 0
6 2730
5 121
5 106
6 15798
6 18667
5 0
6 0
5 0
6 382084
5 5582
12 0
5 0
6 30
5 71078
5 3
5 8
305 0
6 0
7 0
5 182326
6 4
5 4245
6 0
6 391134
6 885709
5 5581
5 0
8 240929
6 0
6 0
10 0
5 59046
19 35
5 0
6 1120
6 211
5 9
6 227
5 0
5 0
5 0
5 848
5 3
5 0
5 427701
5 139
5 11931
5 331311
5 146
6 0
20 8770
5 0
5 11
5 0
27 0
9 249
5 0
5 0
5 0
5 3
5 144
5 0
5 321156
5 69
5 0
5 4
5 32
6 0
5 0
5 0
6 0
5 19
5 6906
5 12
5 6
6 1
7 1
5 0
5 89
5 7
5 0
5 1
5 0
108 0
6 84
7 0
12 19
7 1201
6 0
5 1671
22 5391
5 0
6 10853
6 114
5 1
5 1
13 19
8 6
37 54
5 0
45 1
5 0
9 250
6 5
5 0
8 30
6 5
5 41
6 135
5 17708
15 0
5 185
6 1
6 1
5 6
5 0
6 0
5 0
5 6
7 83
6 8
5 0
5 451
6 0
5 0
5 88
5 0
5 1116
5 1792
6 1
6 1
6 156
8 24992
5 1
5 2
5 16
6 2217
5 30
21 127
12 0
5 62
6 5
6 59194
5 64648
5 0
5 0
5 613
6 3
5 0
5 0
5 1
5 0
5 556195
5 278
16 6
7 0
7 6
5 711
10 0
15 0
5 52
5 3
20 9
5 72
5 0
9 36125
5 8692
5 0
5 105
17 0
5 440
5 0
5 22
7 1
5 207
5 0
5 2
9 8
5 6862
5 52196
5 0
5 1802
5 0
7 1151
5 0
5 0
5 7
8 1
5 0
6 75
5 0
6 0
6 1
6 0
5 0
13 0
5 0
5 0
5 54520
5 0
8 0
5 0
15 154759
106 2
108 0
5 0
7 1027
5 1
5 0
7 21069
5 2
5 0
7 0
14 1
5 7040
5 0
6 88868
6 0
5 1
6 0
5 16842
5 352626
5 0
5 18460
6 1
13 11
5 28764
5 1
5 0
7 594
9 0
7 15
6 0
5 0
5 0
5 32830
19 3
5 1361
5 0
5 37
10 287
115 24664
5 0
5 13
5 451
9 1264
5 1579
5 1
5 0
5 0
5 6923
5 0
5 0
9 869
7 0
5 1
5 21
5 189
9 281
5 6
5 0
6 109
5 15
5 291
5 0
6 18
5 19
5 111620
11 3160
5 198
7 3
6 0
7 55
6 1
6 0
5 3
9 3767
6 3
9 0
6 30
6 0
5 1
7 1
5 315
5 103872
5 0
6 38
9 4
5 0
5 0
6 0
8 0
5 3186
8 0
5 0
15 0
5 68419
5 0
13 102
5 1
5 2
8 0
6 0
5 723
7 2
9 557
5 0
6 329
7 11998
5 28
21 19
5 0
5 157
6 0
8 81316
6 0
6 0
5 50
5 0
5 28
6 0
5 3
29 0
5 54
6 151
10 54
6 148
5 0
5 4
7 0
6 0
15 2577
6 93
7 15
5 223
5 166
5 0
5 0
6 0
5 0
5 137
5 0
6 166
6 707563
5 348
5 5543
5 0
6 173080
8 603
5 0
5 76
9 3934
5 1
5 14
9 1906
7 8
5 0
5 0
6 0
5 0
5 0
5 18
5 9
6 0
5 0
9 22
9 0
5 12
5 0
7 0
5 22
5 2672
20 9111
5 212
13 0
5 0
6 0
5 77
9 1789
5 53
5 8422
5 0
9 20
5 0
11 0
5 7
7 0
5 0
5 14
58 192652
6 0
5 124
5 3
5 1
5 1
5 39
7 0
5 4
5 1
6 933
7 0
7 0
7 626
5 0
5 1
5 3310
5 7826
11 510
5 96515
6 77
10 0
5 0
7 0
5 13
5 13459
5 0
6 0
7 0
5 0
10 54496
5 217
5 0
5 0
11 0
8 2
6 0
5 4395
6 0
5 575
8 0
5 6064
9 2
5 0
5 0
5 373
5 0
5 427003
6 0
5 0
5 5
5 23
5 5063
5 0
5 0
11 14
5 0
5 0
5 2
5 167
5 0
22 0
5 10944
6 0
5 11
7 60534
5 4
6 0
5 65
15 39123
5 287437
5 7
12 7
10 0
5 34
5 1649
5 0
7 0
5 2
5 0
9 0
5 1
5 0
5 963
7 1
17 9
11 0
5 0
5 1
5 71870
14 0
5 1054
8 191
5 11
5 0
6 0
5 18
5 0
5 6
6 101
6 1
5 395969
5 1
5 4
17 0
5 260
9 0
5 0
5 6
5 39413
5 0
5 3
5 237633
5 0
5 0
7 0
7 0
6 3
5 32
7 23
6 0
5 0
5 0
5 1
26 228
7 0
5 0
8 366
5 2
5 0
6 9
7 0
5 18604
5 0
5 0
17 68
6 0
5 0
7 445022
10 0
5 15663
5 6
9 6
6 0
5 0
5 1
5 0
5 211
5 0
5 0
6 1
12 53143
7 1
5 876095
5 0
5 1019
7 14
5 339117
8 1
8 1
5 0
5 4383
6 0
6 0
5 2
18 0
6 0
6 320
6 77119
5 398
5 1
7 1
5 0
5 363
11 6
5 0
6 0
7 0
5 13177
7 2
5 33
5 3
7 0
5 1
5 40675
5 112956
5 90
5 10
5 0
5 0
5 3
7 52708
5 3
5 17
214 414365
5 5
6 0
5 89575
5 1
6 0
15 0
5 17
5 14839
10 5
5 0
5 0
6 1
5 1
5 39106
5 4069
5 0
5 20
5 0
5 0
5 50176
5 0
5 0
5 0
5 98
8 1
6 0
14 8
5 52
11 894364
11 17
5 129
7 82
5 0
11 88
5 198539
5 2
6 0
5 0
6 0
6 231835
7 0
11 1
6 0
6 67
5 0
7 22501
6 16
5 1
16 0
7 1
5 42
5 230
5 2
5 0
11 475
5 3
5 0
9 0
5 0
17 0
10 1
5 0
5 33
5 6
6 0
5 16
5 887
7 4413
6 53
6 212
5 1
109 3281
6 0
9 0
5 2852
5 0
5 0
7 0
5 0
10 0
5 0
9 0
7 0
5 0
5 0
5 4
7 0
9 6
5 770465
5 35
5 0
8 0
5 0
5 0
29 6
5 0
6 695
5 2
7 0
6 495995
5 9165
5 59882
5 453322
6 4770
5 0
5 1
6 164
5 8749
6 275789
5 0
5 0
5 171258
6 0
5 0
7 0
5 0
7 0
5 40
5 0
5 0
5 16382
5 0
5 1
8 0
7 1
5 3
9 0
5 0
6 14
12 3953
5 27
5 724
20 5
5 19
20 64
5 75
32 0
16 127
8 0
7 12
9 16
6 0
5 0
5 9
5 11
5 1
5 1
5 0
5 1
5 10780
6 2
5 2
15 153175
5 4
5 0
5 4
8 1303
5 0
5 99
6 12
6 0
5 0
6 0
5 0
5 111
19 832
5 5716
9 0
5 8
6 1
5 0
5 1
5 544
7 2
6 20
5 99038
6 0
7 0
5 0
5 2
5 4
8 5
6 1
5 0
6 3
45 0
6 543
5 1180
5 128208
5 0
5 51773
9 0
7 1
5 902
5 192648
6 495
10 2470
8 10
5 0
11 2
6 0
6 2
5 35763
6 0
5 0
5 93
5 49762
7 0
7 536
9 4479
5 134
6 0
5 80
9 0
5 0
7 8845
5 1
6 9
7 10
5 0
5 32
5 32810
9 2289
5 167
5 5
5 0
6 10
16 0
7 0
7 0
5 0
5 6
5 0
5 25
5 1
5 0
5 0
7 20812
5 0
6 0
5 40
17 3
8 24
5 0
5 0
5 1
5 411645
6 0
5 11
8 2
5 2
6 9657
5 4
5 3
5 0
5 1
5 0
5 173799
5 21
5 75556
8 0
5 4800
5 0
7 2951
5 0
6 0
5 0
5 10
6 0
5 199802
10 332
5 0
5 0
5 0
5 2
11 3350
5 161
5 15182
10 115
7 157051
5 1
5 0
5 871
9 3
9 30
6 1091
33 1
6 0
14 0
5 2
6 0
5 0
5 98
6 1969
5 0
5 115290
5 59642
5 4
6 0
11 0
5 542
5 0
5 216905
6 0
5 29
6 0
5 157
21 19
5 1
5 204
5 397
5 43
5 1342
5 3589
64 0
5 38
5 2
5 0
5 228
5 0
5 33219
5 0
5 2
5 0
5 44
10 32442
6 64121
45 37
5 1
5 0
7 93
5 0
5 230
24 1113
15 13
38 57
6 0
6 3948
5 0
5 0
35 979209
9 94
7 2
5 0
5 0
5 20703
5 0
5 0
5 0
5 0
7 0
5 52761
6 0
6 0
5 33990
5 7
6 14
5 0
6 0
5 113
5 109060
5 3
5 1
7 25
7 52
5 37
5 0
5 2
5 6
5 0
5 669714
5 43
6 3
9 81
5 4
5 0
5 2
5 761
39 1
23 386
5 0
5 106634
5 0
5 1199
5 79472
5 957
5 0
5 0
5 542
5 18
25 6
6 0
5 98
5 3417
8 0
5 0
8 2101
6 341
5 55112
8 5
10 23
5 0
5 0
5 2
9 507
5 5542
6 0
6 2
5 0
5 7
6 100
5 6222
5 19
6 402956
5 1782
6 2088
5 0
6 0
5 0
5 49
10 2660
6 0
5 1423
6 1731
5 43
5 31
5 6
6 734
6 113
5 0
5 27150
10 0
5 0
6 1
6 0
5 0
12 20
5 0
9 0
5 4864
6 4714
7 84
5 81
5 0
5 0
6 2613
7 0
5 12
6 15
5 0
5 0
5 0
5 4412
10 242
5 1
14 0
5 17
5 707
6 0
6 10
5 3
5 11333
6 8
5 0
7 0
5 284375
5 287
7 43798
6 0
5 0
94 0
9 0
5 0
5 0
5 583303
5 383
5 1134
6 0
6 7
10 0
7 0
5 2
12 0
5 3
5 3
6 36
5 0
5 775
7 0
5 37
12 545
5 0
9 0
7 43
5 1
6 0
10 10301
9 741096
5 7290
6 1
6 0
5 0
15 2
5 0
5 0
7 0
9 1
5 8297
5 3786
5 0
5 0
5 0
9 101
7 16
12 0
5 21
5 7
5 0
6 5417
5 3183
5 7
5 0
5 0
5 0
6 50
5 4
5 5866
5 0
5 4238
6 0
5 82
25 1
5 5
7 0
5 138
10 1
15 0
5 15
5 2
8 6
9 0
5 1953
5 51
26 5
5 1
5 3913
5 1
5 0
5 0
5 0
5 8
5 2876
10 6
5 0
7 0
5 0
5 1070
5 469842
5 26
63 2
5 7
6 0
6 0
5 1
5 0
5 0
5 1784
6 0
5 3949
5 153186
5 666
5 1
5 0
5 0
9 630945
5 362055
5 96503
9 69
5 0
7 757
87 0
11 1
9 1
5 0
5 22
5 12
5 40627
45 24
6 19
5 3
5 21
5 1
5 1
5 0
5 170
10 0
6 6
5 3934
5 0
6 0
5 0
5 0
5 0
7 162
5 2
7 15527
5 33
5 69535
14 0
25 75645
7 0
5 73
6 0
7 73666
5 654
33 50
6 21
7 0
8 4957
5 281
6 1
5 438
5 160408
5 37
6 10047
5 0
8 44494
6 0
7 13
9 0
7 3
9 15
6 0
5 0
5 5
5 1286
7 830571
5 370
5 0
7 187
13 2
7 512709
6 5
28 25
6 0
5 23
6 0
5 104
5 8913
6 3
5 0
5 0
7 0
5 0
6 1
17 0
7 0
18 0
5 10782
6 130956
5 0
5 5
6 183074
5 15
6 0
6 0
5 23
5 0
5 163738
6 232
7 0
9 0
5 1478
24 343093
5 1074
6 23
5 0
5 0
5 1
12 16097
5 172
6 40
6 0
13 0
5 4
5 231336
5 0
5 1
5 38
5 28
5 381218
5 8
5 7
5 36
5 9550
7 14
5 273
5 12
5 212262
8 889
5 9227
7 0
5 0
12 1
6 0
5 0
7 0
7 1
6 13
16 0
5 0
5 233
8 8
5 0
5 0
5 9336
8 0
5 0
5 0
5 2
5 14
5 15
5 44
6 307
5 1
5 1851
6 974
5 12201
5 0
5 4
7 0
5 0
5 0
5 0
5 34858
5 0
13 671869
7 1
6 936
7 1
5 1122
5 0
5 0
7 3
7 1
12 1
5 0
6 36162
20 1192
6 2
5 27
5 0
6 0
5 143
5 404
6 0
7 0
5 0
6 0
6 0
5 1
8 0
5 0
5 9
6 0
6 533345
6 1
5 4
5 539
6 105041
5 0
6 0
6 1238
6 1594
10 0
6 0
5 33052
6 0
10 0
5 0
6 0
5 0
9 610473
7 0
7 9
12 1
5 22
5 3
5 0
5 45226
5 1
5 1
5 826
5 0
5 159830
5 0
6 34
5 5
5 0
31 188348
5 4233
19 43
6 0
9 35
6 1
5 0
5 18086
5 8
10 1
5 10
5 31
10 0
6 229
5 217283
5 20654
5 4
5 36
5 2
5 0
5 11
6 5869
6 8
5 7
15 4
7 0
5 6
5 2
18 0
5 0
7 150
7 20
5 0
5 18082
5 0
6 1446
6 2
5 3
5 1
5 0
5 0
7 1
23 0
8 176
5 443
6 2459
5 0
6 22
5 2
6 0
5 0
5 0
5 5
10 2
5 2275
5 2
5 254
5 89
6 27
5 44
5 0
7 0
5 31
5 4
5 1
5 2830
7 5
5 24
5 95
11 260070
5 3
5 1
12 753482
5 159
6 0
6 0
5 6738
5 4
5 0
12 990242
5 18218
8 37738
10 41
9 46
6 0
5 7
5 69254
17 34
5 1
5 1442
5 611282
6 430885
5 663
5 3
5 6
14 48571
5 0
7 0
9 0
5 15
5 22
5 0
17 0
6 4
5 3
6 5
6 0
7 9175
9 0
7 0
6 289572
6 2
5 725
5 3
7 10
5 1334
7 0
5 0
5 0
20 6
5 0
13 14
7 49
5 0
16 3
5 10241
6 7
5 0
5 0
5 46
5 1266
7 1
5 133
7 186
5 63
5 2436
5 371742
5 123636
5 0
5 0
6 0
6 371
5 5
5 0
8 1919
21 0
5 11
5 0
5 4
5 627766
5 0
6 263
5 0
5 1
6 0
5 13
5 0
5 5
7 2
5 1340
5 0
5 26
6 0
5 1
5 2
34 2270
5 5
5 21
6 3724
5 0
6 0
6 25876
10 3954
58 1088
5 572
6 0
5 2
12 0
5 1
5 4
5 89
5 15
5 136
5 7940
5 1
6 8594
6 1
5 79416
8 66
5 0
5 25
5 0
5 0
5 0
5 0
5 0
7 239
5 38
5 0
5 0
5 0
5 67
5 0
5 18
6 0
6 8
5 8
5 0
5 0
5 11
5 170
8 1
5 0
10 508
6 1
5 0
7 9
16 5
5 14794
5 1
5 466499
5 0
9 4
8 0
5 0
5 0
5 226851
6 2
5 1
6 0
6 115
6 0
5 7
5 14962
5 101
5 36
5 50
5 3
142 3
5 0
5 1245
5 1
5 23741
5 0
5 0
15 0
6 728745
9 49
5 0
6 1
5 0
10 19
6 5
163 94
5 761747
7 0
7 2
5 27
6 0
5 117084
5 6
5 6
5 1
5 10
6 2117
7 0
9 0
7 147908
5 46
5 0
7 1
5 39
14 4
11 0
5 24309
5 0
5 2449
5 0
5 1
12 32
25 14
5 6
29 0
164 0
31 1528
5 10832
7 0
5 533
5 0
5 0
31 74446
5 0
5 0
5 0
5 52
5 83
11 0
5 2478
5 0
5 26400
5 0
5 0
5 0
5 4
15 85
5 780
8 49836
6 8416
15 0
5 56718
5 526
8 1457
5 0
7 608005
5 8
5 0
5 3
6 6
5 489
6 0
7 32
8 1
6 11
6 0
6 38
5 81393
5 47
5 2
6 84
5 1
5 1
6 10
5 203779
5 215834
5 1209
5 45480
5 58
6 1
5 0
5 59685
6 0
5 0
5 0
7 0
6 179
5 21
35 0
5 16318
21 509
5 135
6 1
5 13
5 0
5 1
5 69
5 23
10 0
5 1
5 1
5 701399
6 781414
6 0
5 255
5 5
5 37
9 194
5 38610
5 8361
5 353
5 0
5 0
12 84
5 44456
5 0
5 0
5 5
6 5
6 5
5 304
7 0
8 1
5 15
6 0
7 0
17 0
9 40874
5 40659
5 0
5 1
15 28376
7 0
7 2
5 1
5 0
5 0
5 0
5 2
9 31842
10 0
5 2
5 1228
5 0
5 404877
5 0
5 231924
5 14
5 764004
5 0
5 0
6 12
12 0
5 1067
5 28801
11 117
5 8
6 514
13 0
5 63
5 38
6 326
5 0
5 227900
7 0
5 0
8 0
5 0
5 69044
11 44
13 362
5 0
5 0
5 21
23 602
5 10
5 33
5 0
6 203
5 0
5 2
5 5
5 2991
5 273
5 0
5 0
6 0
9 12
8 5
7 113
5 3
6 4702
5 70
6 2
6 4
5 628
5 54959
5 438697
11 1
5 0
6 476
5 1
11 50
5 482
5 0
5 0
5 1
5 0
6 46908
7 0
5 70429
5 94815
5 310
6 1
5 3
5 0
6 0
5 0
19 0
5 389
6 21
5 22216
5 32375
6 26
5 9
7 0
5 16182
5 9907
5 16
8 0
5 1
9 355
6 10
5 106981
6 17322
6 0
5 685
6 420196
14 5
5 0
6 3
6 0
5 0
10 0
6 0
5 80350
5 0
19 0
47 473
5 134
6 0
5 0
11 0
7 15
5 0
5 140765
5 2
5 6543
5 1216
5 297
5 0
10 1
6 10
9 0
5 2
6 71736
5 12
5 4975
5 2
26 1
5 0
41 0
8 0
7 1
8 2
5 508362
5 500
6 25
6 2800
6 1
6 2
6 4684
5 2
5 4
6 197862
5 3
9 0
5 0
5 854
6 0
9 6
7 318
5 0
5 0
5 1
5 4979
6 439
5 284
8 0
5 0
7 0
5 0
12 4
5 0
5 0
5 11
6 46395
8 127
5 0
5 5
5 0
6 0
8 1
6 1
5 1
5 2
5 0
5 92984
5 9
6 2
8 136
5 3
5 17
5 225435
5 0
9 9
5 1
5 0
5 0
8 0
5 1289
6 21
5 0
9 261
5 81
10 0
5 1
5 0
5 5
5 71502
5 0
8 0
5 0
5 0
5 418
6 435
5 0
5 73
22 0
5 4
5 4
22 48
5 0
7 84432
9 0
5 0
5 1
5 0
5 15362
5 0
5 169
6 831
5 13
5 1
5 115
5 3
9 0
18 21944
5 259
5 0
5 49852
5 91
5 1
5 1
5 0
37 0
6 347
6 2
5 366021
7 0
5 5408
5 0
5 0
5 0
13 19
6 428
22 204
5 699616
7 0
8 0
5 5
5 0
5 63
6 3
5 7411
5 4608
8 1
7 20
14 3
6 2
5 0
11 0
5 0
6 0
11 4832
5 0
5 3909
6 4
5 128
6 0
5 1327
5 61
7 0
5 936
5 0
5 0
6 6141
5 0
5 2
5 0
6 122727
5 2
5 313
5 0
5 7929
5 0
7 249
6 0
34 1
5 989289
5 0
6 2222
6 1
5 2
9 0
6 101
5 415050
6 15398
10 10125
6 130657
5 12
6 4849
5 0
5 0
19 21
8 1
5 1
5 13
5 0
5 17
5 0
5 344
189 0
5 0
7 0
5 7
5 0
6 108335
5 43831
11 3
6 0
5 119826
5 0
5 277
14 0
5 328
6 827880
6 0
7 2078
5 0
5 0
6 2936
6 0
12 108
6 0
5 9
5 0
5 0
13 3
5 635
5 34
5 0
6 253
14 1747
5 2733
7 0
7 13202
6 0
5 3
6 1
5 2
5 6
5 0
5 3948
5 19
10 0
5 11571
5 467
8 1224
5 114
5 31
5 89
5 370
5 11
18 3642
5 31
5 21
8 0
7 0
6 0
6 2
57 0
5 47
5 0
5 1
5 21
5 4
5 245135
18 1096
5 6
6 45
6 105087
5 0
6 0
6 1
78 8
7 18
7 8
5 0
13 2
5 0
6 196772
5 0
5 1
7 17
5 152
5 0
5 2
5 463367
8 0
5 76
5 628
5 6268
44 1
5 0
5 7846
8 2
5 0
12 3
7 0
5 0
7 0
6 9093
5 51
8 2034
5 283
5 0
5 1437
5 964
8 79
6 175680
5 0
5 0
7 116
5 0
6 0
5 0
5 0
5 0
5 92
5 428480
5 1
5 0
17 0
9 6
5 4
46 575
6 0
5 3
6 0
5 46935
6 5
5 219
6 104742
6 64340
6 25
5 10
6 0
5 1
9 5
7 2652
6 36307
5 130
8 1
5 182
7 124
5 12
5 262988
6 1
6 0
5 17791
8 676
5 282979
5 9529
5 0
5 0
33 201
44 0
6 1
5 711
6 1
6 133
5 13
6 35
6 0
5 54028
7 0
5 0
5 2
5 5634
6 0
5 0
5 0
6 10
15 0
5 0
5 0
8 58920
5 104
12 32
5 0
5 2
8 0
5 243594
9 0
5 688
5 0
5 0
5 2
8 606
5 9
5 7
5 0
5 0
10 3
5 0
7 0
6 0
6 0
6 4
6 0
5 0
7 0
216 14409
5 0
5 31
5 108
5 4976
5 1
8 412335
5 365588
5 238
11 139
5 6748
5 0
10 1
6 23
5 13
5 0
7 1
5 0
5 21
12 471950
6 1250
9 1939
5 3
12 0
5 0
5 1
5 6411
12 59
5 131596
6 0
15 31119
21 0
7 1
5 87
5 0
5 403038
5 3
5 1
5 42
5 0
5 1
5 1
5 1011
5 2554
7 745
6 0
5 141
5 25
6 612
5 1855
5 60
6 8
5 0
5 1
5 0
6 0
5 1640
18 1797
5 0
5 222082
5 0
6 126
6 7
11 0
5 0
5 622428
5 5
5 0
6 17
5 19
5 21
5 1
6 123
