3
28
81 79
79 77
81 109
157 109
288 157
157 181
229 181
130 79
130 38
134 38
225 130
222 225
157 3
60 3
184 60
109 11
125 11
125 240
197 130
32 197
116 32
23 79
23 1
105 1
116 34
16 34
16 40
43 40
26
81 78
78 77
23 78
5 23
105 5
23 128
155 128
288 155
126 128
222 126
125 128
125 240
155 181
229 181
128 38
134 38
5 0
4 0
116 4
23 25
25 60
184 60
152 128
152 44
44 40
43 40
30
81 78
78 77
26 78
26 18
105 18
130 78
76 130
76 224
222 224
224 39
134 39
6 18
6 32
116 32
109 78
157 109
288 157
124 26
124 125
125 240
157 181
229 181
124 127
60 127
184 60
76 75
152 75
16 152
16 40
43 40
