3
132
311 152
152 297
152 278
16 152
152 294
305 152
152 75
305 269
75 74
238 75
236 75
272 75
75 73
178 297
278 147
178 276
147 228
147 137
228 257
271 228
148 137
151 137
145 137
149 137
141 137
145 175
295 294
269 268
295 41
142 137
41 50
41 42
314 41
50 48
50 280
145 153
250 147
144 137
115 250
115 113
27 113
25 113
204 27
206 27
27 88
207 27
124 27
2 25
25 89
124 165
2 313
27 191
201 27
202 27
25 21
124 123
106 21
98 21
91 21
21 17
68 88
124 166
90 21
284 25
104 21
5 25
170 25
152 4
256 4
120 4
4 182
120 33
119 4
4 118
54 74
54 264
261 54
54 231
54 242
54 300
54 302
54 195
54 248
54 85
261 260
16 34
34 47
253 4
282 253
196 75
196 309
310 309
25 60
183 60
186 60
184 60
189 60
188 60
41 267
267 307
108 75
290 108
108 109
218 108
217 108
108 79
246 109
60 3
154 3
61 3
225 75
225 39
226 39
39 131
136 39
21 51
52 51
55 51
157 109
288 157
72 60
72 71
49 48
266 49
81 108
81 80
157 181
181 180
39 38
132 38
25 11
161 11
145
311 152
311 296
296 269
296 294
305 296
305 178
178 74
178 278
238 74
74 73
236 74
269 34
34 257
120 34
34 182
228 34
256 34
147 34
34 118
119 34
118 33
250 34
271 250
16 152
34 47
16 40
41 40
42 40
24 74
24 206
24 204
24 88
24 27
24 25
24 145
24 201
24 207
89 88
24 284
124 89
24 109
24 113
109 79
24 191
217 109
124 170
218 79
25 1
98 1
5 1
106 1
1 17
1 21
104 1
2 21
90 1
53 1
53 55
53 85
52 53
85 264
302 85
85 195
85 300
85 242
152 69
153 69
142 69
151 69
141 69
69 137
149 69
144 69
68 69
25 127
161 127
165 127
127 123
166 127
72 127
72 188
72 183
72 189
186 72
27 18
18 91
296 223
223 276
72 71
2 196
261 196
196 231
2 313
196 309
261 260
178 4
115 4
295 294
310 309
24 138
138 175
202 27
89 11
39 11
314 41
226 39
136 39
133 39
133 154
39 131
148 137
41 50
152 75
50 48
50 280
272 75
152 297
14 152
14 268
281 280
281 266
246 109
253 34
282 253
81 109
81 80
60 127
184 60
60 58
61 58
54 53
54 248
108 25
290 108
152 128
155 128
288 155
136 38
132 38
155 181
181 180
16 13
15 13
293 15
307 293
151
311 296
296 152
296 177
177 297
177 74
177 278
178 177
296 269
76 74
76 257
76 238
236 76
85 76
76 73
76 75
178 276
76 84
84 264
302 84
300 84
84 195
84 242
32 257
120 32
32 256
32 228
32 119
32 147
119 33
32 118
250 228
271 228
197 74
197 27
25 27
25 204
25 88
206 25
25 201
207 25
25 191
200 27
200 145
200 153
178 128
165 128
109 128
124 128
89 128
128 123
166 128
170 128
145 57
141 57
57 142
151 57
144 57
68 57
57 137
149 57
130 74
130 79
217 79
85 8
2 8
103 300
103 5
103 21
106 5
5 98
104 5
5 17
26 197
26 113
19 8
90 19
305 296
91 21
115 250
269 268
145 175
296 294
78 27
218 78
284 25
128 38
131 38
76 224
224 39
136 38
8 58
62 58
309 62
310 62
61 58
62 247
248 247
54 84
261 54
54 231
133 38
133 154
72 128
72 183
186 72
72 188
72 189
5 51
55 51
52 51
177 34
34 182
16 34
16 45
42 45
41 42
295 41
11 128
161 11
3 58
156 3
156 260
157 3
288 157
202 27
41 50
41 267
267 307
267 65
266 65
314 41
2 313
34 47
50 280
50 48
226 39
132 38
272 75
148 137
72 71
246 109
108 78
290 108
32 253
282 253
81 79
81 80
25 60
184 60
157 181
181 180
