3
24
114 24
198 24
24 74
74 73
238 74
24 57
141 57
57 137
57 4
251 4
57 127
72 127
116 4
116 29
4 0
7 0
54 74
54 289
11 127
39 11
226 39
4 13
15 13
293 15
30
114 25
198 25
25 60
72 60
24 25
24 138
138 137
141 137
108 25
108 75
75 73
238 75
196 75
196 289
69 137
32 69
251 32
120 32
120 29
2 25
10 2
10 7
225 75
225 39
226 39
25 127
14 127
14 13
15 13
293 15
32
114 113
27 113
198 27
23 113
23 69
141 69
23 128
72 128
69 137
197 27
76 197
76 73
76 238
85 76
85 289
147 137
147 34
251 34
34 28
29 28
23 1
1 0
7 0
16 34
16 40
41 40
41 267
267 307
307 293
128 38
39 38
226 39
