3
24
161 11
171 11
25 11
207 25
2 25
23 25
25 22
24 25
24 19
39 11
133 39
11 69
139 69
39 38
132 38
32 69
32 255
152 69
152 294
295 294
295 41
41 50
50 280
281 280
23
161 127
171 127
57 127
57 139
128 127
23 128
207 23
23 22
23 1
19 1
128 38
133 38
1 0
2 0
132 38
57 4
255 4
4 13
15 13
267 15
267 65
266 65
281 266
27
161 11
171 11
109 11
24 109
24 207
24 22
24 23
24 19
24 203
139 203
19 21
2 21
39 11
133 39
11 0
4 0
255 4
11 126
126 38
132 38
152 4
16 152
16 40
41 40
41 50
50 280
281 280
