3
22
310 309
196 309
53 196
53 21
105 21
53 85
85 126
126 123
125 126
125 240
127 123
159 127
57 127
150 57
85 76
223 76
269 223
14 127
14 13
15 13
15 63
66 63
21
310 309
309 62
62 3
3 0
11 0
11 123
1 0
105 1
11 69
150 69
11 194
194 159
125 11
125 240
223 11
269 223
4 0
4 13
15 13
15 63
66 63
25
309 62
310 62
62 58
8 58
19 8
105 19
60 58
60 127
159 127
127 123
139 159
139 137
150 137
147 137
147 34
269 34
125 127
125 240
16 34
16 40
41 40
41 267
267 65
65 63
66 63
