3
18
225 39
134 39
197 225
197 27
39 11
161 11
25 27
2 25
223 11
223 276
2 196
196 231
196 249
249 247
296 223
296 294
295 294
295 41
21
225 130
130 38
134 38
130 78
78 27
130 74
54 74
54 231
178 74
178 276
54 248
248 247
10 54
10 2
128 38
128 127
161 127
152 128
16 152
16 40
41 40
22
225 39
134 39
197 225
197 27
99 27
99 21
2 21
225 75
196 75
196 231
196 309
309 62
62 247
39 11
161 11
76 225
223 76
223 276
152 75
152 44
44 40
41 40
