3
35
116 33
116 4
115 4
57 4
145 57
138 57
57 69
57 127
165 127
116 32
32 227
178 4
178 74
74 87
54 74
54 292
23 69
23 273
23 78
78 107
4 0
2 0
24 57
24 19
24 201
128 127
155 128
155 181
229 181
116 34
16 34
16 40
41 40
41 50
50 280
39
122 33
122 32
32 69
6 32
54 6
32 197
197 74
11 69
165 11
69 137
138 137
57 137
145 137
109 11
109 107
109 78
25 11
25 273
2 25
25 201
157 109
157 181
25 113
115 113
32 227
6 21
19 21
54 292
229 181
76 197
76 87
32 4
4 13
15 13
15 63
65 63
266 65
281 266
281 280
37
120 33
120 4
115 4
57 4
152 4
152 69
138 57
152 128
165 128
152 75
75 74
75 87
108 75
108 78
108 107
196 75
196 292
2 196
54 196
2 8
19 8
26 78
26 201
145 57
23 128
23 273
120 32
32 228
228 227
155 128
155 181
229 181
152 294
295 294
295 41
41 50
50 280
