3
30
304 222
222 126
126 38
39 38
135 38
85 126
85 195
85 264
298 85
11 126
11 0
7 0
109 11
109 107
219 109
4 0
258 4
253 4
252 4
121 4
121 33
258 34
270 34
1 0
98 1
4 13
15 13
267 15
41 267
314 41
36
304 222
222 224
224 39
135 39
39 38
76 224
76 84
84 195
84 264
298 84
76 257
32 257
32 253
258 32
252 32
32 121
32 308
308 270
116 32
116 33
130 38
130 78
219 78
78 107
54 84
10 54
10 7
6 32
6 21
98 21
34 257
16 34
16 40
41 40
41 267
314 41
41
304 168
168 222
222 225
225 39
136 39
136 38
135 39
225 75
196 75
196 195
298 196
108 75
108 107
108 219
54 196
54 264
108 25
5 25
5 98
5 0
7 0
197 225
32 197
122 32
122 33
32 253
32 121
252 32
258 32
253 34
270 34
168 127
14 127
14 13
15 13
267 15
152 75
152 294
295 294
295 41
314 41
