3
25
84 265
76 84
232 76
236 76
84 126
89 126
76 74
235 74
11 126
11 69
178 74
178 277
178 4
250 4
116 4
116 29
76 75
108 75
291 108
4 13
15 13
267 15
267 65
41 267
41 50
23
84 265
196 265
196 75
232 75
235 75
236 75
152 75
152 69
152 277
152 128
89 128
152 4
250 4
120 4
120 29
108 75
291 108
152 294
295 294
295 41
41 50
41 267
267 65
29
54 265
54 84
54 74
232 74
236 74
235 74
177 74
177 277
177 34
250 34
34 28
29 28
32 28
32 69
24 74
24 88
89 88
14 177
14 13
15 13
15 63
65 63
266 65
281 266
281 280
50 280
24 109
108 109
291 108
