3
22
250 34
34 182
250 4
4 0
57 4
145 57
150 57
5 0
5 51
1 0
90 1
54 51
54 242
16 34
16 40
43 40
42 40
193 42
241 193
241 64
64 63
66 63
25
250 147
147 137
145 137
150 137
147 4
4 182
4 0
24 145
24 19
90 19
19 21
21 51
8 0
85 8
85 242
4 13
15 13
15 63
66 63
64 63
241 64
152 4
152 44
44 40
43 40
28
250 228
32 228
32 69
150 69
6 32
6 0
153 69
145 153
6 18
90 18
54 6
54 51
54 242
228 34
34 182
152 69
152 46
46 45
42 45
193 42
241 193
42 40
43 40
41 42
41 267
267 65
65 63
66 63
