3
27
10 7
10 2
2 196
10 6
6 32
32 227
32 119
10 54
54 84
84 82
7 0
1 0
1 12
23 1
23 78
11 0
72 11
72 71
76 84
76 168
306 168
119 34
16 34
16 40
41 40
41 50
50 280
29
7 0
4 0
119 4
32 4
5 0
5 12
32 227
32 197
26 197
26 78
8 0
85 8
85 82
54 85
54 196
197 225
222 225
303 222
303 306
3 0
72 3
72 71
4 13
15 13
15 63
65 63
266 65
281 266
281 280
28
10 7
10 2
2 196
2 25
25 27
78 27
25 11
11 69
32 69
32 228
228 227
32 119
5 25
5 12
25 127
168 127
306 168
10 54
54 83
83 82
72 127
72 71
152 69
152 294
295 294
295 41
41 50
50 280
