3
75
24 204
24 145
24 57
14 57
143 57
57 4
14 277
4 70
151 57
251 4
119 4
119 33
31 119
57 127
168 127
127 123
127 129
161 127
125 127
167 127
72 127
72 187
14 223
269 223
24 74
235 74
54 74
74 73
75 74
54 248
54 84
272 75
236 74
54 300
54 298
54 243
54 196
2 196
2 313
24 19
104 19
19 100
90 19
128 127
155 128
155 181
157 155
229 181
181 180
23 204
23 79
23 97
79 77
19 1
1 12
128 38
38 37
131 38
135 38
2 21
91 21
261 54
261 260
81 79
81 80
14 13
15 13
293 15
307 293
267 15
41 267
41 50
50 48
50 280
281 280
83
24 204
25 204
2 25
24 109
109 79
157 109
157 181
25 60
187 60
2 196
196 300
298 196
300 84
196 75
196 243
75 73
235 75
236 75
272 75
76 84
76 168
25 11
11 129
11 123
161 11
125 11
167 11
109 78
78 77
11 69
151 69
143 69
57 69
145 57
39 11
39 131
39 37
135 39
32 69
32 119
32 70
32 4
251 32
229 181
2 313
5 25
104 5
5 97
5 12
181 180
10 2
10 54
116 32
116 31
116 33
25 127
14 127
152 75
152 277
25 1
90 1
100 1
54 248
157 155
119 34
269 34
5 18
18 91
152 294
295 294
295 41
81 109
81 80
157 3
156 3
156 260
41 267
267 307
267 65
266 65
281 266
266 49
49 48
88
26 204
24 26
124 26
124 123
124 129
124 125
124 167
26 18
104 18
100 18
90 18
24 219
219 79
18 21
97 21
124 126
84 126
298 84
84 243
79 77
6 18
54 6
263 125
263 168
2 21
6 0
4 0
103 18
103 300
3 0
155 3
120 4
120 33
31 120
251 4
155 181
119 4
4 70
157 3
178 4
178 277
14 178
18 91
53 21
53 196
305 178
305 269
108 219
108 75
24 57
75 73
235 75
143 57
200 26
200 145
236 75
151 57
62 3
62 247
248 247
60 3
187 60
124 127
161 127
126 38
131 38
38 37
135 38
18 1
1 12
261 196
261 260
152 4
152 44
44 40
41 40
229 181
272 75
41 50
50 48
2 313
50 280
281 280
181 180
81 108
81 80
41 267
267 307
