3
26
228 34
16 34
116 34
32 228
32 69
151 69
153 69
200 153
23 69
210 23
228 257
76 257
76 237
85 76
302 85
23 78
108 78
290 108
23 128
155 128
155 181
128 38
132 38
16 40
42 40
193 42
26
147 228
147 4
116 4
147 137
151 137
4 13
16 13
145 137
200 145
24 145
24 210
24 74
237 74
54 74
54 302
24 109
157 109
157 181
108 109
290 108
16 45
42 45
193 42
130 74
130 38
132 38
31
32 228
116 32
32 197
197 27
200 27
210 27
76 197
76 84
302 84
76 237
32 4
152 4
16 152
57 4
151 57
4 0
3 0
157 3
157 181
84 126
126 38
132 38
25 27
108 25
290 108
4 13
15 13
15 63
64 63
241 64
241 193
