3
34
26 210
24 210
24 109
210 25
25 21
105 21
5 25
5 12
26 197
32 197
24 57
146 57
25 60
184 60
189 60
262 189
60 3
62 3
62 247
24 74
54 74
54 83
54 265
54 195
24 19
19 8
244 8
32 4
4 13
15 13
15 63
65 63
266 65
281 266
36
26 210
26 78
109 78
26 99
99 21
26 18
105 18
1 21
1 12
6 21
6 32
32 69
146 69
2 21
2 196
196 195
196 265
196 249
249 247
62 249
6 8
244 8
54 6
54 83
62 58
60 58
184 60
189 60
262 189
152 69
152 294
295 294
295 41
41 50
50 280
281 280
36
210 23
26 23
23 128
109 128
5 23
5 21
105 5
5 12
126 128
85 126
85 265
85 195
85 82
83 82
54 85
54 248
248 247
62 247
23 69
32 69
146 69
85 8
244 8
128 127
60 127
184 60
72 128
72 189
262 189
152 128
16 152
16 40
41 40
41 50
50 280
281 280
