3
27
150 137
151 137
140 137
150 69
152 69
152 75
152 294
23 69
23 205
23 110
23 192
23 1
100 1
32 69
32 253
23 25
25 60
11 69
164 11
76 75
76 84
84 82
295 294
295 41
41 50
50 48
49 48
29
150 57
151 57
57 140
57 4
253 4
57 127
164 127
60 127
24 57
24 205
24 110
24 192
24 19
19 100
24 74
75 74
152 4
152 294
164 126
85 126
85 82
16 152
16 40
41 40
41 50
41 267
267 65
266 65
266 49
30
150 69
151 69
140 69
152 69
152 75
296 152
296 294
152 128
164 128
25 128
25 110
25 205
25 192
25 21
100 21
72 128
72 60
152 177
177 34
253 34
196 75
54 196
54 83
83 82
152 44
44 40
41 40
41 50
50 48
49 48
