3
42
246 109
219 109
24 109
198 24
24 214
24 113
115 113
24 23
23 273
5 23
5 12
115 4
252 4
116 4
252 34
270 34
177 34
109 78
218 78
32 4
122 32
32 197
5 0
7 0
109 11
161 11
24 74
236 74
72 11
72 188
72 190
39 11
136 39
197 225
222 225
303 222
16 34
16 40
41 40
41 50
50 280
281 280
49
246 109
109 79
218 79
219 79
130 79
197 130
23 79
23 113
198 23
214 23
23 273
23 1
1 12
5 1
76 130
236 76
130 38
136 38
76 257
34 257
116 34
130 74
177 74
32 257
252 32
116 33
122 33
115 113
270 34
109 128
128 127
161 127
60 127
188 60
190 60
1 0
7 0
76 168
306 168
303 306
296 177
296 294
295 294
295 41
41 50
41 267
267 65
266 65
281 266
46
246 109
108 109
218 108
108 219
108 25
5 25
25 273
198 25
214 25
25 113
26 25
26 197
5 12
108 75
236 75
152 75
152 177
177 34
252 34
250 34
115 250
116 34
116 29
122 29
25 11
161 11
116 32
32 308
308 270
25 60
188 60
190 60
2 25
10 2
10 7
25 126
126 38
136 38
222 126
303 222
152 44
44 40
41 40
41 50
50 280
281 280
