3
28
274 19
19 8
84 8
84 292
84 264
8 58
60 58
185 60
76 84
76 75
272 75
108 75
218 108
60 127
14 127
14 268
76 224
224 39
226 39
14 13
15 13
293 15
267 15
267 65
3 58
157 3
157 181
181 180
30
274 19
24 19
24 26
26 78
218 78
24 74
54 74
54 292
54 264
75 74
272 75
24 57
14 57
14 268
57 127
72 127
185 72
225 75
225 39
226 39
128 127
155 128
155 181
181 180
57 4
4 13
15 13
293 15
15 63
65 63
34
274 19
19 1
23 1
23 79
218 79
53 1
53 196
196 292
53 85
85 264
25 1
25 60
185 60
85 76
223 76
269 223
269 268
196 75
272 75
25 11
39 11
226 39
296 223
296 294
295 294
295 41
41 267
267 65
267 307
307 293
109 79
157 109
157 181
181 180
