3
33
54 83
54 85
85 126
85 76
166 126
89 126
25 126
108 25
209 25
25 113
25 60
183 60
5 25
102 5
189 60
262 189
5 19
274 19
76 257
34 257
32 257
122 32
166 127
57 127
57 56
16 34
16 40
41 40
41 50
126 128
155 128
155 181
181 180
39
83 82
84 82
84 126
76 84
166 126
76 75
108 75
89 126
124 126
124 27
27 113
209 27
27 18
102 18
76 74
177 74
177 34
11 126
72 11
72 183
116 34
116 31
31 122
72 189
262 189
102 19
274 19
24 27
24 57
57 56
108 109
157 109
157 181
181 180
152 75
152 294
295 294
295 41
41 50
37
83 82
85 82
85 126
85 76
126 128
166 128
89 128
23 128
209 23
23 113
23 78
108 78
23 1
102 1
72 128
72 183
223 76
269 223
269 34
34 28
33 28
122 33
19 1
274 19
72 189
262 189
23 69
57 69
57 56
155 128
155 181
181 180
152 128
152 44
44 40
41 40
41 50
