3
23
34 47
120 34
34 28
269 34
305 269
228 34
228 227
177 34
177 74
54 74
234 74
54 302
54 196
24 74
24 109
157 109
109 107
24 23
23 239
109 11
125 11
24 57
150 57
23
34 47
120 34
34 28
120 32
32 227
32 69
150 69
6 32
54 6
152 69
305 152
54 196
302 196
152 75
234 75
152 128
125 128
108 75
108 107
155 128
157 155
25 128
25 239
28
34 47
147 34
147 137
150 137
147 4
120 4
4 28
178 4
305 178
4 0
2 0
2 196
3 0
157 3
10 0
10 54
302 196
32 147
32 227
2 25
25 239
25 126
125 126
34 257
76 257
234 76
108 25
108 107
