3
19
234 76
76 224
222 224
303 222
224 39
226 39
76 257
257 4
255 4
4 0
3 0
156 3
4 13
15 13
267 15
267 65
41 267
41 50
50 280
23
234 74
177 74
177 34
255 34
54 74
261 54
261 260
156 260
76 74
76 168
306 168
303 306
76 225
225 39
226 39
14 177
14 13
15 13
15 63
65 63
266 65
281 266
281 280
21
234 75
225 75
222 225
303 222
197 225
32 197
32 255
152 75
152 128
155 128
155 3
156 3
225 39
226 39
152 294
295 294
295 41
41 267
267 65
41 50
50 280
