3
29
54 289
54 283
84 289
84 126
170 126
172 126
222 126
305 222
25 126
209 25
305 152
152 179
152 277
152 69
69 67
152 4
253 4
108 25
108 245
16 152
16 40
43 40
11 126
39 11
226 39
126 128
155 128
155 181
229 181
31
85 289
85 283
85 76
223 76
305 223
14 223
14 179
14 277
223 11
170 11
172 11
109 11
245 109
24 109
24 209
14 57
68 57
68 67
76 257
32 257
32 253
76 224
224 39
226 39
157 109
157 181
229 181
14 152
152 44
44 40
43 40
29
196 289
196 283
2 196
2 25
170 25
25 128
172 128
209 25
178 128
305 178
178 179
178 277
178 4
253 4
109 128
245 109
25 88
68 88
68 67
128 38
39 38
226 39
155 128
155 181
229 181
4 13
16 13
16 40
43 40
