3
22
125 240
125 128
109 128
152 128
23 128
23 1
72 128
72 187
152 4
120 4
1 0
9 0
72 3
61 3
152 69
150 69
125 126
84 126
301 84
84 195
222 126
222 224
21
125 240
125 11
109 11
25 11
25 1
39 11
224 39
25 60
187 60
60 58
61 58
8 58
8 9
85 8
85 195
85 301
11 69
32 69
120 32
152 69
150 69
26
125 240
125 127
14 127
14 152
57 127
150 57
24 57
24 109
24 19
19 1
14 177
177 34
120 34
152 75
196 75
196 301
196 195
76 75
76 224
72 127
72 187
19 8
8 9
60 127
60 3
61 3
