3
24
132 38
128 38
164 128
25 128
284 25
26 25
25 110
213 25
25 204
25 21
6 21
100 21
96 21
53 21
25 203
139 203
139 137
200 26
286 200
72 128
72 190
72 71
72 3
3 35
28
132 38
126 38
164 126
124 126
124 26
213 26
26 110
26 204
26 18
100 18
6 18
24 26
24 284
18 1
96 1
53 1
24 138
138 137
286 138
24 57
57 139
25 126
25 60
190 60
60 3
3 35
72 60
72 71
33
132 38
130 38
130 78
26 78
78 27
213 27
27 110
204 27
124 27
124 164
23 78
5 23
5 96
23 69
139 69
69 137
5 0
6 0
153 69
286 153
5 51
53 51
23 1
100 1
24 27
24 284
124 127
60 127
190 60
3 0
3 35
72 127
72 71
