3
20
314 41
41 40
16 40
16 34
250 34
271 250
177 34
178 177
178 276
177 74
54 74
54 231
178 128
125 128
125 240
24 74
24 27
202 27
78 27
78 77
23
314 41
295 41
295 294
296 294
296 223
223 276
152 294
152 75
196 75
196 231
108 75
108 79
79 77
223 11
125 11
125 240
296 269
269 34
228 34
271 228
108 25
25 27
202 27
23
314 41
41 267
267 15
15 13
4 13
250 4
271 250
178 4
178 276
4 0
6 0
54 6
54 231
178 74
130 74
130 78
78 77
6 18
27 18
202 27
124 27
124 125
125 240
