3
21
234 74
177 74
234 76
223 76
54 74
54 83
296 177
296 46
234 75
108 75
218 108
217 108
197 74
32 197
32 227
296 294
295 294
295 41
41 50
50 48
49 48
22
234 74
177 74
178 74
223 178
152 177
152 46
130 74
130 79
217 79
218 79
177 34
228 34
228 227
54 74
54 83
14 177
14 13
15 13
15 63
65 63
266 65
266 49
22
234 76
223 76
76 130
130 78
217 78
218 78
296 223
296 46
296 177
85 76
85 82
83 82
76 257
32 257
32 227
46 45
42 45
41 42
41 267
267 65
266 65
266 49
