3
30
69 67
11 69
167 11
11 160
25 11
198 25
25 22
109 11
246 109
5 25
5 51
24 25
24 74
152 69
152 297
152 179
312 152
54 51
54 298
54 265
14 152
14 13
15 13
267 15
267 307
32 69
32 228
271 228
116 32
116 29
33
68 67
68 88
25 88
24 88
198 24
24 22
25 21
21 51
24 74
25 127
160 127
167 127
178 74
178 179
178 297
2 25
2 196
196 265
298 196
178 4
250 4
271 250
120 4
120 29
24 109
246 109
4 13
15 13
293 15
307 293
177 74
296 177
312 296
35
69 67
23 69
198 23
23 25
23 22
23 128
167 128
57 69
14 57
14 179
14 297
23 27
197 27
197 74
57 4
119 4
119 29
25 126
85 126
298 85
85 265
53 85
53 51
152 128
312 152
128 127
160 127
250 4
271 250
109 128
246 109
14 13
15 13
293 15
307 293
