3
23
148 137
146 137
147 137
279 147
32 147
258 32
147 34
269 34
32 257
76 257
76 237
6 32
6 21
95 21
76 224
224 39
133 39
25 21
25 60
185 60
39 11
125 11
125 240
23
148 137
146 137
57 137
57 4
258 4
57 127
72 127
185 72
24 57
24 74
237 74
24 19
19 95
128 127
128 38
133 38
125 127
125 240
147 4
279 147
14 57
14 268
269 268
24
148 137
69 137
146 69
23 69
5 23
5 95
152 69
152 75
75 237
305 152
305 269
32 69
258 32
5 0
3 0
154 3
133 154
60 3
185 60
147 137
279 147
23 128
125 128
125 240
