3
226
26 36
23 36
25 36
206 26
211 26
26 78
26 201
108 25
101 25
218 78
26 88
215 78
24 36
26 210
25 11
24 74
290 108
11 123
125 11
233 74
237 74
174 11
25 127
5 23
216 78
168 127
102 5
106 5
5 17
5 96
306 168
168 222
171 11
105 5
167 11
222 225
5 98
11 163
234 74
305 222
2 25
101 20
305 269
108 75
305 296
2 8
26 197
296 46
312 296
84 8
6 8
46 45
311 296
299 84
84 289
84 285
85 8
84 242
301 84
84 195
53 85
16 45
300 84
42 45
16 13
124 26
193 42
15 13
8 58
197 230
267 15
302 84
78 77
164 11
25 60
68 88
219 78
190 60
187 60
183 60
26 204
186 60
25 126
235 74
24 138
198 26
126 38
138 175
134 38
244 8
189 60
10 2
138 137
131 38
132 38
136 38
147 137
84 82
146 137
10 7
147 228
83 82
5 95
3 58
228 227
148 137
61 58
159 127
11 194
100 20
32 197
94 5
162 11
23 69
25 89
185 60
158 11
232 74
222 224
156 3
154 3
32 28
32 117
32 119
116 32
29 28
32 255
120 32
32 256
32 253
258 32
251 32
32 118
282 253
139 137
250 147
228 257
30 28
115 250
32 70
122 32
156 260
188 60
286 138
261 260
157 3
252 32
138 153
157 181
288 157
38 37
84 283
11 129
24 57
304 168
267 307
92 5
279 147
287 138
214 26
109 78
81 78
101 19
166 11
26 205
78 107
23 273
57 56
246 109
81 80
229 181
274 19
181 180
27 36
26 99
202 27
208 26
26 192
212 26
26 110
23 128
26 191
220 128
165 11
217 78
172 11
23 97
284 25
84 243
25 221
26 18
112 18
111 18
296 294
295 294
241 193
241 64
62 58
310 62
62 247
62 249
309 62
39 11
226 39
41 42
314 41
16 40
43 40
54 74
54 231
41 50
50 280
50 48
281 280
281 266
269 34
270 34
34 47
15 63
66 63
178 74
178 176
178 179
178 275
4 13
4 86
240
26 36
26 23
26 25
24 26
206 23
211 23
23 78
25 201
23 88
108 78
210 23
5 25
218 108
23 204
101 5
216 108
24 219
198 23
23 99
23 110
208 23
23 192
25 273
108 107
212 23
23 205
89 88
215 108
124 89
89 11
89 127
124 123
174 124
124 125
11 69
124 158
124 171
124 167
69 137
124 164
60 127
163 127
68 69
139 69
60 58
23 191
25 128
124 166
128 38
146 69
124 162
153 69
24 19
286 153
19 95
102 19
19 17
19 8
19 20
105 19
106 19
81 108
32 69
94 19
32 227
32 228
6 32
89 126
139 159
85 126
222 126
84 126
85 242
85 299
85 285
85 289
85 195
85 300
194 159
19 100
250 228
302 85
23 27
85 301
197 27
24 109
197 74
197 225
157 109
75 74
214 23
10 6
233 75
75 237
234 75
60 3
235 75
85 82
232 75
61 3
24 221
24 284
146 287
32 257
85 243
124 172
92 19
32 147
217 108
5 97
304 222
57 127
124 165
138 57
124 129
85 283
32 121
121 29
121 30
116 29
117 29
120 29
122 29
119 29
290 108
32 70
202 27
197 230
223 11
305 223
296 223
269 223
223 275
155 128
288 155
155 181
23 1
98 1
53 1
96 1
72 11
72 190
185 72
72 187
72 183
72 188
186 72
72 189
133 38
133 154
5 0
7 0
2 0
152 69
152 46
152 179
312 152
311 152
152 176
16 152
303 222
303 306
152 44
44 45
252 32
244 8
14 127
14 13
181 180
32 118
15 13
32 256
196 299
196 249
261 196
196 231
249 247
196 309
310 309
38 37
136 38
23 79
79 77
274 19
148 137
134 38
44 40
42 40
32 308
308 270
193 42
261 260
267 15
41 40
295 41
43 40
132 38
314 41
131 38
54 6
54 83
57 56
267 65
266 65
258 32
251 32
39 38
224 39
220 128
279 147
168 127
281 266
81 80
281 280
65 63
64 63
266 49
49 48
293 15
307 293
226 39
32 253
32 28
156 3
24 145
145 175
282 253
66 63
246 109
32 255
26 113
115 113
229 181
228 34
34 47
5 18
111 18
112 18
32 4
4 86
234
23 36
23 25
24 23
25 99
211 25
25 88
24 201
206 25
210 25
25 204
198 25
25 110
208 25
25 192
212 25
25 205
25 191
25 27
214 25
124 27
78 27
124 127
124 126
127 123
125 127
11 127
171 127
167 127
164 127
174 127
124 128
158 127
166 127
162 127
89 128
109 11
165 127
108 109
219 109
216 109
172 127
215 109
109 107
81 109
127 129
217 109
218 78
84 126
101 25
263 125
263 168
263 222
25 21
96 21
95 21
5 21
102 21
20 21
2 21
98 21
53 21
105 21
21 17
106 21
6 21
92 21
94 21
19 21
100 21
97 21
76 84
76 237
76 74
85 76
233 76
76 225
76 224
76 197
76 75
76 257
232 76
234 76
200 27
286 200
200 26
200 138
200 287
200 153
257 4
117 4
115 4
119 4
116 4
4 118
253 4
119 30
252 4
250 4
4 70
256 4
4 28
251 4
255 4
122 30
258 4
147 4
120 4
57 4
68 57
57 137
146 57
57 139
57 69
225 39
134 39
39 131
39 37
136 39
299 84
84 195
301 84
300 84
138 175
84 242
306 168
117 29
4 13
304 168
235 74
25 60
228 257
302 84
190 60
187 60
186 60
228 227
152 128
296 152
305 152
296 269
188 60
152 46
312 152
189 60
46 45
84 285
130 78
130 38
42 45
84 289
78 77
157 109
177 74
177 176
177 179
288 157
163 127
84 82
185 60
83 82
84 283
60 58
11 0
10 0
3 0
8 0
157 181
61 58
183 60
23 273
54 84
261 54
54 243
54 248
248 247
154 3
249 247
7 0
54 231
6 32
11 194
311 152
284 25
159 127
34 257
16 34
25 221
270 34
62 3
310 62
309 62
178 128
178 275
41 42
41 267
295 41
267 307
202 27
226 39
34 47
132 38
261 260
156 260
314 41
41 50
50 48
50 280
181 180
279 147
197 230
246 109
148 137
244 8
57 56
281 280
220 128
15 13
267 65
266 65
193 42
229 181
15 63
64 63
282 253
290 108
66 63
4 86
274 19
81 80
27 18
112 18
111 18
42 40
43 40
