3
20
156 3
3 35
157 3
157 181
181 180
157 109
219 109
24 109
24 203
24 27
27 18
111 18
24 74
232 74
24 138
138 153
109 128
152 128
152 44
44 45
22
156 3
3 35
3 0
1 0
18 1
23 1
23 203
111 18
23 78
219 78
23 69
153 69
130 78
76 130
232 76
152 69
152 44
152 46
46 45
155 3
155 181
181 180
26
156 260
261 260
261 54
54 6
6 18
26 18
26 203
200 26
200 153
24 26
24 219
261 196
196 75
232 75
152 75
16 152
16 45
16 40
44 40
111 18
6 0
3 0
3 35
157 3
157 181
181 180
