3
25
134 38
126 38
85 126
85 8
54 85
85 76
234 76
54 196
196 309
6 8
6 32
25 126
25 191
26 25
200 26
25 60
189 60
262 189
128 38
152 128
16 152
16 40
41 40
41 50
50 48
29
134 39
39 11
11 126
11 0
8 0
84 126
54 84
11 69
32 69
54 74
234 74
153 69
200 153
23 69
23 191
3 0
62 3
309 62
72 11
72 189
262 189
4 0
4 13
15 13
15 63
65 63
266 65
266 49
49 48
27
134 38
126 38
130 38
197 130
32 197
197 27
27 191
200 27
84 126
84 8
54 84
76 130
234 76
298 84
298 196
196 309
126 128
72 128
72 189
262 189
32 4
152 4
152 294
295 294
295 41
41 50
50 48
