3
19
193 42
42 45
16 45
16 152
152 75
76 75
152 128
166 128
128 38
124 128
128 123
23 128
214 23
85 76
85 82
54 85
54 248
85 8
244 8
20
193 42
42 40
44 40
152 44
152 75
76 75
76 84
84 82
76 130
130 38
84 126
124 126
166 126
126 123
25 126
214 25
84 8
244 8
54 84
54 248
28
241 193
241 64
64 63
15 63
15 13
14 13
14 127
166 127
127 123
124 127
14 223
223 76
124 26
214 26
233 76
233 75
128 127
128 38
196 75
196 249
249 247
248 247
54 196
54 83
83 82
2 196
2 8
244 8
