3
20
223 276
223 76
236 76
223 11
89 11
76 130
130 79
11 69
69 67
305 223
305 222
303 222
76 74
24 74
24 19
274 19
296 223
296 46
46 45
42 45
21
178 276
178 74
236 74
178 128
89 128
109 128
109 79
89 88
68 88
68 67
152 128
16 152
16 40
42 40
126 128
222 126
303 222
25 128
25 21
19 21
274 19
21
223 276
14 223
14 127
89 127
14 152
152 75
236 75
108 75
108 79
168 127
306 168
303 306
152 69
69 67
152 44
44 40
42 40
25 127
25 1
19 1
274 19
