3
20
157 181
157 109
24 109
24 113
24 99
24 57
151 57
157 3
154 3
133 154
24 74
54 74
54 248
178 74
305 178
305 152
16 152
16 40
41 40
41 50
20
155 181
155 128
23 128
23 113
24 23
23 99
23 69
151 69
128 38
133 38
152 128
305 152
155 3
62 3
62 247
248 247
152 294
295 294
295 41
41 50
24
155 181
155 128
25 128
25 113
24 25
25 99
178 128
305 178
11 128
39 11
133 39
24 138
138 137
151 137
126 128
84 126
54 84
54 248
14 178
14 13
15 13
267 15
41 267
41 50
