3
20
177 297
177 34
34 257
14 297
14 57
57 56
14 127
25 127
25 239
5 25
5 17
5 51
55 51
168 127
168 222
303 222
128 127
155 128
155 181
181 180
22
152 297
152 4
257 4
16 152
16 34
152 69
23 69
23 239
23 1
1 17
53 1
53 55
57 4
57 56
305 152
305 222
303 222
152 128
109 128
157 109
157 181
181 180
22
178 297
178 4
257 4
116 4
116 34
178 128
23 128
23 239
25 128
25 21
21 17
21 51
55 51
76 257
76 168
306 168
303 306
57 4
57 56
155 128
155 181
181 180
