3
32
2 0
5 0
3 0
154 3
2 196
196 309
261 196
298 196
196 243
2 25
206 25
25 201
8 0
244 8
5 51
52 51
11 0
223 11
108 25
108 245
39 11
39 131
25 127
168 127
296 223
296 294
295 294
295 41
41 267
267 65
65 63
266 65
37
2 0
5 0
5 23
206 23
23 27
201 27
10 0
10 54
261 54
54 298
54 243
54 53
52 53
23 78
109 78
245 109
54 196
196 309
2 8
244 8
23 128
128 38
131 38
178 128
223 178
133 38
133 154
223 76
76 168
4 0
4 13
15 13
267 15
15 63
41 267
267 65
266 65
42
1 0
5 1
1 21
2 21
25 1
25 201
206 25
53 1
53 85
85 243
298 85
52 53
53 196
261 196
25 11
223 11
196 249
62 249
309 62
25 126
222 126
168 222
62 3
154 3
126 38
131 38
109 11
245 109
25 128
152 128
152 44
44 40
41 40
41 50
50 280
281 280
281 266
41 267
267 15
15 63
85 8
244 8
