3
25
76 84
233 76
76 130
130 78
218 78
84 8
19 8
19 21
19 17
78 27
203 27
210 27
84 126
158 126
76 75
272 75
108 78
291 108
76 257
257 4
254 4
253 4
109 78
157 109
288 157
26
76 84
233 76
300 84
103 300
103 19
103 21
21 17
24 19
24 203
24 210
24 26
26 78
124 26
124 158
218 78
76 197
32 197
254 32
32 253
124 128
155 128
288 155
218 108
291 108
233 75
272 75
30
54 84
54 74
233 74
76 74
54 51
21 51
5 51
5 17
5 19
25 21
25 203
210 25
5 23
23 78
25 11
158 11
23 79
218 79
177 74
177 34
253 34
254 34
75 74
272 75
5 0
3 0
157 3
288 157
108 25
291 108
