3
126
241 193
193 42
41 42
295 41
314 41
295 294
152 294
296 294
152 177
152 259
152 69
296 269
177 74
151 69
144 69
152 46
69 137
153 69
138 137
147 137
145 137
250 147
279 147
147 228
74 73
228 257
23 69
236 74
23 110
23 205
5 23
206 23
207 23
5 96
106 5
102 5
5 19
5 0
5 98
23 27
209 23
90 19
10 0
202 27
212 23
23 78
23 203
81 78
233 74
81 80
115 250
7 0
105 5
274 19
92 5
78 77
152 176
76 74
232 74
138 175
104 5
76 225
32 69
122 32
32 119
32 118
32 255
32 308
32 70
122 33
32 117
254 32
222 225
303 222
303 306
3 0
154 3
60 3
3 35
61 3
186 60
190 60
60 127
159 127
172 127
161 127
170 127
169 127
165 127
160 127
127 123
162 127
158 127
152 75
272 75
24 74
24 221
109 78
246 109
54 74
54 298
54 243
54 248
54 299
54 302
54 301
54 292
42 40
43 40
157 3
288 157
62 3
310 62
309 62
41 267
267 307
152 128
220 128
108 78
290 108
32 253
282 253
5 18
18 91
225 39
39 37
142
241 193
193 42
42 45
46 45
296 46
296 152
296 177
177 259
177 176
152 4
4 0
115 4
250 4
255 4
257 4
250 228
119 4
117 4
147 4
254 4
4 70
4 118
76 257
119 33
76 73
236 76
233 76
232 76
57 4
138 57
57 137
57 69
57 127
144 57
138 153
145 57
151 57
145 175
85 76
85 299
85 243
85 301
302 85
298 85
85 292
24 57
24 205
24 110
24 27
24 19
24 206
24 212
106 19
24 207
92 19
105 19
24 209
24 23
24 203
78 27
102 19
104 19
11 0
172 11
161 11
165 11
170 11
169 11
11 160
11 123
162 11
158 11
5 0
10 0
10 7
1 0
90 1
96 1
98 1
25 127
25 221
25 60
202 27
279 147
60 58
61 58
72 127
186 72
72 190
76 225
76 168
306 168
296 269
303 306
31 119
31 122
57 139
139 159
296 294
274 19
295 294
196 299
196 309
310 309
19 21
91 21
24 109
81 109
23 79
79 77
246 109
177 74
81 80
177 34
270 34
308 270
128 127
220 128
128 38
38 37
155 128
288 155
133 38
133 154
3 58
3 35
76 75
272 75
54 85
54 248
108 25
290 108
253 4
282 253
4 13
15 13
293 15
307 293
42 40
43 40
41 40
314 41
142
241 193
241 64
64 63
65 63
267 65
267 307
41 267
295 41
314 41
41 40
16 40
16 152
16 34
119 34
34 70
34 118
255 34
34 257
269 34
228 34
250 34
117 34
147 34
254 34
118 33
152 259
14 152
14 127
14 177
14 176
152 69
159 127
161 127
170 127
151 69
151 137
144 137
153 69
145 153
170 25
25 205
25 110
25 27
212 25
5 25
206 25
209 25
207 25
25 203
23 25
138 137
25 21
90 21
96 21
92 21
106 21
102 21
105 21
104 21
98 21
2 25
2 0
10 2
197 27
197 225
76 197
197 74
2 196
196 301
196 243
302 196
298 196
196 292
225 75
233 75
75 73
232 75
236 75
196 309
7 0
108 75
81 108
91 21
101 25
101 19
25 221
310 309
165 127
26 25
26 78
158 127
78 77
127 123
76 84
299 84
162 127
60 127
296 152
160 127
152 294
169 127
186 60
152 46
115 250
190 60
172 127
145 175
119 29
122 29
196 249
249 247
248 247
32 257
32 308
168 127
306 168
168 222
303 222
43 40
2 8
8 58
61 58
202 27
290 108
272 75
81 80
108 109
157 109
288 157
3 0
154 3
246 109
11 127
39 11
39 37
279 147
3 35
274 19
170 128
220 128
253 34
282 253
