3
20
24 214
24 74
234 74
24 138
138 153
24 19
102 19
54 74
54 265
54 51
55 51
130 74
130 38
131 38
197 74
32 197
32 228
76 74
76 168
306 168
20
214 23
23 69
153 69
23 1
102 1
53 1
53 55
53 85
85 265
85 76
234 76
76 257
228 257
11 69
39 11
39 131
85 126
222 126
303 222
303 306
23
214 27
200 27
200 153
27 18
102 18
27 113
115 113
115 250
250 228
214 25
108 25
108 75
234 75
196 75
196 265
53 196
53 55
25 127
168 127
306 168
25 126
126 38
131 38
