3
32
24 205
24 88
24 203
24 192
24 19
90 19
19 8
84 8
84 265
84 292
54 84
261 54
54 51
84 126
126 38
196 265
196 249
39 38
226 39
24 57
57 4
121 4
121 34
270 34
24 109
157 109
157 181
181 180
4 13
15 13
267 15
267 307
34
26 205
26 88
26 203
26 192
26 18
90 18
18 21
21 51
6 18
54 6
54 292
54 265
261 54
6 32
32 121
54 84
32 308
308 270
54 196
196 249
25 205
25 128
128 38
25 11
39 11
226 39
155 128
155 181
181 180
32 4
4 13
15 13
293 15
307 293
37
23 205
23 88
23 203
23 192
5 23
5 51
23 1
90 1
23 128
128 38
53 51
53 196
261 196
196 292
53 85
85 265
298 196
298 84
196 309
309 62
62 249
23 69
32 69
32 121
32 308
308 270
39 38
226 39
152 128
16 152
16 40
41 40
41 267
267 307
155 128
155 181
181 180
