3
20
229 181
155 181
155 128
152 128
152 277
155 3
62 3
62 247
126 128
85 126
85 283
124 128
124 26
200 26
26 197
197 230
152 294
295 294
295 41
314 41
21
229 181
157 181
157 109
109 78
78 27
200 27
109 128
178 128
178 277
197 27
197 230
178 74
54 74
54 283
54 248
248 247
152 128
16 152
16 40
41 40
314 41
21
229 181
157 181
157 109
24 109
24 145
200 145
24 74
177 74
177 277
75 74
196 75
196 283
196 249
249 247
197 74
197 230
152 177
152 44
44 40
41 40
314 41
