3
41
161 11
169 11
11 0
6 0
6 32
251 32
11 69
150 69
149 69
1 0
19 1
96 1
92 1
251 34
177 34
14 177
72 11
72 187
109 11
109 107
246 109
54 6
54 248
177 74
232 74
234 74
233 74
74 73
14 13
15 13
15 63
8 0
244 8
39 11
136 39
25 11
209 25
25 201
161 127
168 127
304 168
44
161 11
169 11
11 127
14 127
11 0
57 127
150 57
149 57
5 0
5 96
5 19
92 5
60 127
187 60
4 0
251 4
32 4
24 57
24 209
24 201
14 177
6 0
11 126
222 126
304 222
126 38
136 38
19 8
244 8
223 11
223 76
233 76
234 76
232 76
76 73
24 109
246 109
109 107
4 13
15 13
15 63
10 0
10 54
54 248
54
161 127
169 127
14 127
11 127
14 259
177 259
14 57
149 57
57 69
32 69
150 57
23 69
209 23
251 32
24 23
24 19
92 19
6 32
19 21
96 21
23 27
201 27
23 78
78 107
2 21
2 0
14 152
152 75
234 75
232 75
233 75
75 73
72 127
72 187
2 196
196 249
249 247
248 247
128 127
128 38
136 38
168 127
304 168
6 8
244 8
152 294
295 294
295 41
41 267
267 15
267 65
65 63
109 78
246 109
