3
27
84 8
2 8
84 242
8 0
1 0
90 1
11 0
109 11
161 11
216 109
11 69
146 69
2 25
114 25
72 11
72 187
76 84
233 76
72 189
262 189
157 109
157 181
181 180
4 0
4 13
15 13
267 15
31
19 8
19 1
90 19
24 19
24 109
114 24
24 203
216 203
24 57
146 57
24 74
233 74
57 127
161 127
84 8
85 8
85 242
60 127
187 60
2 8
189 60
262 189
109 128
155 128
155 181
181 180
152 128
16 152
16 40
41 40
41 267
32
6 8
6 21
1 21
90 21
2 21
54 6
54 84
54 242
25 21
108 25
216 108
108 109
108 75
233 75
114 25
25 11
161 11
25 60
187 60
6 32
32 69
146 69
189 60
262 189
152 75
152 294
295 294
295 41
41 267
157 109
157 181
181 180
