3
49
32 118
32 308
32 119
32 197
197 225
197 74
197 27
27 113
27 191
25 27
25 273
27 18
111 18
105 18
200 27
286 200
200 153
108 25
108 245
218 108
217 108
25 11
11 194
162 11
172 11
76 197
85 76
85 265
178 74
178 277
53 85
53 55
225 39
39 37
34 118
269 34
32 228
271 228
25 60
60 3
62 3
156 3
156 260
4 118
57 4
57 56
4 13
15 13
267 15
58
31 118
31 119
119 34
270 34
308 270
177 34
177 74
177 277
54 74
54 85
54 265
24 74
24 191
24 113
24 27
24 25
24 138
286 138
138 153
24 23
23 273
78 27
218 78
217 78
24 19
105 19
85 126
162 126
172 126
250 34
271 250
76 74
76 225
269 34
126 38
38 37
24 109
245 109
261 54
261 260
54 51
55 51
156 260
54 196
196 249
62 249
24 57
57 56
25 127
159 127
194 159
54 6
6 18
111 18
16 34
16 40
41 40
41 267
58
118 33
119 33
119 4
152 4
152 277
115 4
115 113
25 113
25 191
305 152
305 269
25 273
5 25
105 5
152 128
172 128
162 128
109 128
217 109
152 69
153 69
286 153
245 109
109 79
218 79
27 113
152 75
75 74
225 75
196 75
196 265
196 309
309 62
298 196
298 85
261 196
261 260
128 38
38 37
32 4
32 308
11 128
11 194
250 4
271 250
5 51
55 51
4 0
3 0
156 3
152 294
295 294
295 41
41 267
5 18
111 18
57 69
57 56
