3
30
153 69
140 69
11 69
172 11
171 11
72 11
72 190
109 11
157 109
72 3
156 3
109 78
218 78
23 69
23 1
53 1
98 1
92 1
54 53
54 242
54 74
74 73
233 74
152 69
152 4
4 182
4 13
15 13
267 15
267 65
34
138 153
138 137
140 137
24 138
24 19
92 19
5 19
5 98
19 21
53 21
53 85
85 242
85 76
76 73
233 76
85 126
171 126
172 126
24 25
25 60
190 60
108 25
218 108
60 3
157 3
156 3
147 137
147 34
34 182
16 34
16 40
41 40
41 267
267 65
37
145 153
145 57
57 140
57 127
172 127
171 127
57 4
4 182
128 127
155 128
157 155
72 127
72 190
126 128
84 126
84 242
152 128
152 75
75 73
233 75
196 75
53 196
109 128
109 79
218 79
261 196
261 260
156 260
25 127
25 21
98 21
92 21
14 57
14 13
15 13
15 63
65 63
