3
22
24 201
24 57
57 137
24 109
109 107
14 57
14 278
24 74
54 74
54 289
57 4
253 4
25 201
25 126
222 126
303 222
14 152
152 44
44 40
42 40
41 40
314 41
21
26 201
26 78
78 107
26 197
32 197
32 253
32 147
278 147
147 137
6 32
54 6
54 289
197 225
222 225
303 222
253 34
16 34
16 45
42 45
41 42
314 41
24
24 201
24 138
138 137
24 25
108 25
108 107
69 137
152 69
152 278
2 25
2 196
196 289
54 196
32 69
32 253
152 46
46 45
42 45
25 127
168 127
306 168
303 306
41 42
314 41
