3
22
61 58
8 58
84 8
2 8
2 21
84 126
89 126
54 84
54 74
75 74
178 74
178 275
178 4
117 4
255 4
250 4
271 250
4 13
15 13
267 15
267 65
266 65
24
61 3
3 0
11 0
89 11
1 0
1 21
223 11
223 275
223 76
76 84
76 75
76 74
4 0
117 4
255 4
76 257
228 257
271 228
14 223
14 13
15 13
15 63
65 63
266 65
28
61 58
60 58
25 60
25 89
25 21
24 25
24 74
108 25
108 75
25 126
84 126
6 21
6 32
32 255
32 117
32 228
271 228
25 128
178 128
178 275
152 75
16 152
16 40
41 40
41 50
50 280
281 280
281 266
