3
35
223 276
14 223
223 76
236 76
233 76
85 76
298 85
85 299
85 285
85 300
103 300
298 196
196 249
103 5
5 12
223 11
162 11
76 257
32 257
72 11
72 187
76 75
108 75
290 108
14 13
15 13
15 63
64 63
241 64
16 13
16 40
43 40
65 63
266 65
281 266
38
223 276
14 223
14 127
162 127
60 127
187 60
25 127
25 1
1 12
103 1
162 126
84 126
299 84
298 84
84 285
108 25
290 108
60 3
62 3
62 249
223 178
178 74
233 74
236 74
178 4
32 4
14 152
152 44
44 40
43 40
42 40
193 42
241 193
241 64
41 40
41 50
50 280
281 280
41
223 275
276 275
178 275
14 178
178 128
162 128
178 278
278 147
32 147
152 128
152 75
236 75
233 75
196 75
196 285
196 299
196 249
298 196
25 128
25 21
103 21
72 128
72 187
5 25
5 12
109 128
108 109
290 108
152 46
46 45
42 45
193 42
241 193
241 64
42 40
43 40
41 42
41 267
267 65
266 65
281 266
