3
28
24 212
213 24
24 199
24 145
212 25
25 11
24 57
57 139
57 56
57 4
252 4
255 4
117 4
108 25
290 108
14 57
14 297
14 259
25 126
222 126
263 222
25 60
188 60
185 60
60 3
62 3
157 3
288 157
33
212 27
213 27
199 27
203 27
139 203
200 27
200 145
89 203
89 11
72 11
185 72
72 188
11 0
4 0
125 11
263 125
255 4
178 4
178 259
178 297
252 4
117 4
263 222
89 128
155 128
288 155
72 3
62 3
145 57
57 56
78 27
108 78
290 108
35
212 26
213 26
26 199
212 23
23 69
139 69
11 69
152 69
152 259
152 297
152 4
305 152
305 222
32 69
252 32
32 255
32 117
168 222
263 168
69 137
145 137
23 128
72 128
72 188
185 72
72 60
60 58
62 58
109 11
157 109
288 157
57 69
57 56
108 109
290 108
