3
19
145 175
287 145
24 145
24 22
24 109
245 109
24 88
89 88
24 25
25 60
185 60
89 126
222 126
303 222
145 57
57 4
254 4
32 4
122 32
21
138 175
287 138
24 138
24 22
24 203
89 203
24 219
108 219
108 245
89 127
72 127
185 72
168 127
306 168
303 306
138 137
147 137
147 34
254 34
32 147
122 32
22
145 175
287 145
200 145
200 26
26 22
124 26
124 89
26 197
32 197
254 32
116 32
116 29
122 29
197 225
222 225
303 222
26 25
108 25
108 245
124 128
72 128
185 72
