3
22
16 45
16 13
15 13
15 63
16 152
152 69
69 67
152 75
196 75
196 309
196 289
152 128
128 38
135 38
125 128
263 125
72 128
72 187
23 69
23 27
27 18
112 18
28
42 45
193 42
241 193
241 64
64 63
46 45
296 46
305 296
305 222
263 222
222 224
224 39
135 39
222 126
85 126
85 289
25 126
25 60
187 60
25 88
68 88
68 67
60 3
62 3
309 62
26 25
26 18
112 18
27
42 45
41 42
41 267
267 65
65 63
44 45
152 44
152 69
69 67
14 152
14 127
168 127
263 168
72 127
72 187
76 168
76 84
84 289
11 69
39 11
135 39
54 84
54 196
196 309
54 6
6 18
112 18
