3
32
91 21
98 21
97 21
2 21
10 2
2 8
244 8
2 0
3 0
157 3
4 0
253 4
156 3
156 260
178 4
178 176
57 4
144 57
157 109
215 109
146 57
146 287
109 78
218 78
130 78
225 130
4 13
15 13
267 15
267 65
266 65
266 49
35
18 91
6 18
10 6
18 1
98 1
6 32
32 253
5 18
5 97
32 197
197 225
32 69
144 69
152 69
152 176
153 69
287 153
27 18
78 27
215 78
218 78
6 8
244 8
54 6
261 54
261 260
152 128
155 128
157 155
152 294
295 294
295 41
41 50
50 48
49 48
36
91 21
98 21
97 21
25 21
108 25
218 108
215 108
108 75
225 75
24 25
24 138
287 138
138 137
144 137
25 127
14 127
14 176
6 21
10 6
147 137
147 34
253 34
108 109
157 109
196 75
261 196
261 260
19 21
19 8
244 8
14 13
15 13
15 63
65 63
266 65
266 49
