3
61
25 110
5 25
25 88
25 199
106 5
94 5
214 25
5 17
92 5
25 1
100 1
25 60
184 60
190 60
2 25
2 196
261 196
196 292
196 243
196 75
225 75
75 237
233 75
225 39
134 39
226 39
152 75
152 44
311 152
152 297
152 277
54 196
54 248
248 247
62 247
152 4
121 4
120 4
32 4
31 121
257 4
115 4
25 128
220 128
172 128
152 69
141 69
144 69
5 51
55 51
152 294
295 294
44 40
43 40
295 41
41 267
5 18
112 18
42 40
193 42
241 193
73
23 110
5 23
23 88
23 199
214 23
23 1
106 1
1 17
94 1
92 1
23 113
115 113
53 1
53 196
53 55
54 53
54 292
261 54
54 243
54 74
237 74
233 74
178 74
178 297
178 277
130 74
225 130
76 74
76 257
32 257
120 32
32 121
31 120
130 38
39 38
134 38
226 39
54 248
196 249
249 247
62 249
5 21
100 21
126 38
172 126
24 110
24 57
141 57
144 57
177 74
296 177
311 296
23 128
220 128
72 128
72 190
296 294
295 294
152 177
152 44
72 60
184 60
18 1
112 18
16 152
16 40
43 40
16 13
15 13
267 15
15 63
64 63
241 64
70
26 110
26 88
214 26
26 199
26 18
100 18
18 17
94 18
92 18
106 18
26 197
32 197
197 225
76 197
76 237
233 76
120 32
32 257
225 39
85 76
85 292
85 243
134 39
32 121
85 195
196 195
116 32
116 31
5 18
261 196
124 26
124 172
196 309
309 62
62 247
248 247
223 76
14 223
14 297
14 277
32 69
144 69
141 69
296 223
311 296
26 113
115 113
53 85
53 55
296 46
46 45
44 45
39 11
72 11
72 190
226 39
112 18
42 45
41 42
41 267
295 41
193 42
241 193
124 128
220 128
41 40
43 40
124 127
60 127
184 60
