3
21
193 42
42 45
46 45
296 46
16 45
16 34
252 34
252 4
4 0
3 0
62 3
296 223
223 76
76 168
76 224
85 76
85 195
57 4
24 57
213 24
24 214
23
193 42
42 40
44 40
152 44
296 152
152 128
25 128
214 25
213 25
128 127
168 127
11 128
11 0
168 222
222 224
25 60
60 58
62 58
152 4
252 4
152 75
196 75
196 195
27
241 193
241 64
64 63
15 63
15 13
14 13
14 177
296 177
4 13
4 0
32 4
252 32
14 127
168 127
1 0
23 1
213 23
214 23
11 127
39 11
224 39
177 74
54 74
54 195
54 196
196 249
62 249
