3
30
252 4
57 4
4 118
152 4
152 75
75 74
130 74
57 127
174 127
168 127
169 127
306 168
72 127
72 190
24 57
24 211
72 189
262 189
4 13
15 13
293 15
225 75
225 39
226 39
267 15
41 267
41 50
50 48
41 42
193 42
37
252 34
34 118
177 34
177 74
14 177
14 57
75 74
130 74
76 74
76 168
306 168
178 177
178 128
169 128
174 128
23 128
211 23
14 127
60 127
190 60
189 60
262 189
130 38
39 38
226 39
16 34
16 45
42 45
193 42
14 13
15 13
293 15
15 63
65 63
266 65
266 49
49 48
35
252 32
32 118
32 69
57 69
32 197
197 130
197 74
76 197
76 75
197 27
211 27
11 69
169 11
174 11
76 168
72 11
72 190
168 222
303 222
303 306
39 11
226 39
72 189
262 189
152 69
16 152
16 40
42 40
193 42
41 40
41 50
50 48
41 267
267 307
307 293
