3
63
233 75
196 75
196 309
196 301
152 75
152 277
152 128
169 128
89 128
89 203
152 69
151 69
69 67
146 69
23 128
23 199
208 23
23 239
5 23
5 98
105 5
5 95
102 5
106 5
5 17
101 5
94 5
152 4
252 4
257 4
147 4
72 128
72 187
72 190
72 183
261 196
261 260
75 74
197 74
197 230
25 128
25 201
152 46
46 45
128 127
159 127
108 75
81 108
203 27
202 27
5 0
7 0
225 75
225 39
54 196
54 242
23 1
100 1
252 34
270 34
24 203
24 138
138 175
68
76 75
76 257
233 76
76 197
196 75
76 224
224 39
32 257
252 32
32 147
197 230
197 27
199 27
201 27
208 27
32 308
308 270
27 18
100 18
105 18
18 17
5 18
106 18
102 18
95 18
101 18
94 18
202 27
196 309
147 137
151 137
146 137
25 27
25 239
25 89
25 203
139 137
139 159
25 60
190 60
183 60
187 60
39 38
128 38
85 76
85 242
85 301
178 128
178 277
39 11
169 11
78 27
81 78
18 1
98 1
145 137
145 175
60 3
156 3
156 260
34 257
16 34
16 45
2 196
10 2
10 7
32 69
69 67
70
233 75
225 75
197 225
225 39
26 197
26 201
26 203
208 26
26 199
124 26
124 169
124 89
124 128
26 25
5 25
101 25
25 21
100 21
98 21
95 21
21 17
106 21
102 21
105 21
94 21
53 21
53 196
25 239
54 53
54 301
109 128
81 109
54 242
26 88
68 88
68 67
68 57
151 57
146 57
14 57
14 277
14 278
278 147
147 228
228 257
261 54
261 260
14 152
152 44
44 45
147 34
270 34
252 34
139 203
139 159
145 57
145 175
10 54
10 7
196 249
62 249
309 62
124 127
72 127
72 187
72 190
72 183
197 230
124 27
202 27
