3
22
2 313
2 21
103 21
18 21
112 18
2 25
25 127
72 127
72 71
57 127
143 57
57 137
148 137
14 127
14 13
15 13
293 15
307 293
267 15
267 65
266 65
281 266
22
2 313
2 0
5 0
103 5
11 0
11 69
143 69
5 18
112 18
69 137
148 137
72 11
72 71
152 69
152 294
295 294
295 41
41 267
267 307
41 50
50 280
281 280
24
2 313
2 8
19 8
103 19
24 19
24 57
143 57
103 18
112 18
143 137
148 137
8 58
60 58
72 60
72 71
57 4
4 13
15 13
293 15
307 293
15 63
65 63
266 65
281 266
