3
26
23 78
23 205
23 69
150 69
23 1
95 1
32 69
32 119
32 70
152 69
296 152
305 152
305 222
303 222
152 75
238 75
130 78
130 38
136 38
53 1
53 85
85 82
32 4
4 13
15 13
15 63
28
23 78
26 78
26 205
5 23
5 95
23 25
25 126
222 126
84 126
84 82
303 222
76 84
76 238
223 76
296 223
24 23
24 57
150 57
57 4
119 4
4 70
25 11
39 11
136 39
14 223
14 13
15 13
15 63
32
78 27
23 27
205 27
27 18
95 18
197 27
197 225
222 225
197 74
238 74
177 74
296 177
177 34
119 34
34 70
54 74
54 83
83 82
147 34
147 137
150 137
168 222
306 168
303 306
225 39
136 39
296 294
295 294
295 41
41 267
267 65
65 63
