3
29
200 138
138 175
24 138
138 57
24 74
151 57
238 74
24 191
24 25
54 74
54 51
54 84
55 51
54 243
54 302
57 127
166 127
167 127
159 127
108 25
218 108
14 57
14 13
25 60
60 3
61 3
157 3
157 181
181 180
34
200 145
145 175
24 145
145 57
145 137
151 137
24 74
57 4
4 13
57 139
139 159
238 74
200 26
26 191
26 25
124 26
124 167
124 166
26 78
218 78
76 74
76 84
84 243
302 84
5 25
5 51
55 51
84 8
8 58
61 58
25 128
155 128
155 181
181 180
36
200 27
24 27
27 191
25 27
24 57
197 27
197 74
25 11
167 11
166 11
76 197
76 238
151 57
11 194
194 159
85 76
302 85
85 243
53 85
53 55
53 51
25 126
84 126
78 27
218 78
200 145
145 175
25 127
14 127
14 13
11 0
3 0
61 3
155 3
155 181
181 180
