3
21
202 27
23 27
23 1
200 27
286 200
23 69
149 69
24 27
24 219
57 69
57 56
24 74
234 74
1 0
9 0
23 128
128 38
131 38
155 128
155 181
229 181
24
202 27
27 18
18 1
78 27
219 78
197 27
76 197
234 76
6 18
6 8
8 9
197 225
225 39
39 131
24 27
24 57
149 57
24 138
286 138
57 56
109 78
157 109
157 181
229 181
23
202 27
25 27
25 1
108 25
108 219
108 75
234 75
24 25
24 145
286 145
145 137
149 137
25 11
39 11
39 131
11 0
9 0
145 57
57 56
3 0
157 3
157 181
229 181
