3
21
16 40
16 152
152 75
233 75
152 69
144 69
69 137
57 69
32 69
122 32
152 128
171 128
196 75
196 249
53 196
52 53
53 1
90 1
305 152
305 222
304 222
25
44 40
152 44
14 152
14 57
144 57
57 137
14 127
171 127
168 127
304 168
76 168
233 76
24 57
24 19
90 19
5 19
5 51
52 51
152 4
32 4
122 32
60 127
60 58
62 58
62 249
26
16 40
16 34
147 34
147 137
144 137
147 4
57 4
177 34
177 74
233 74
4 0
11 0
171 11
116 34
116 31
31 122
1 0
90 1
54 74
54 51
52 51
54 196
196 249
11 126
222 126
304 222
