3
85
151 57
146 57
14 57
57 56
24 57
14 176
24 214
24 210
24 88
24 23
24 208
23 78
23 128
24 110
128 38
173 128
133 38
136 38
39 38
133 154
225 39
154 3
197 225
3 58
5 23
78 107
5 21
102 5
5 12
5 17
81 78
8 58
125 128
244 8
263 125
156 3
32 197
32 256
252 32
32 119
119 29
31 119
72 128
72 190
14 152
152 44
152 46
14 223
223 275
222 225
304 222
151 69
69 67
3 0
10 0
32 253
282 253
5 18
112 18
84 8
299 84
10 54
54 231
62 3
309 62
24 27
202 27
11 128
11 194
24 74
235 74
57 4
115 4
14 13
15 13
293 15
155 128
155 181
181 180
267 15
267 65
266 65
266 49
281 266
281 280
94
151 137
146 137
57 137
69 137
23 69
32 69
214 23
210 23
23 88
208 23
23 110
116 32
116 29
116 31
5 23
23 27
197 27
78 27
32 256
68 57
68 67
23 1
1 21
102 1
1 12
1 17
14 57
57 127
128 127
173 127
125 127
14 178
178 275
178 176
168 127
263 168
304 168
159 127
194 159
60 127
60 58
190 60
60 3
32 119
145 137
24 145
23 79
81 79
79 107
156 3
252 32
6 32
6 8
10 6
54 6
54 299
244 8
54 196
196 309
196 231
196 75
235 75
225 75
202 27
154 3
57 56
11 69
39 11
133 39
136 39
23 113
115 113
197 130
130 38
27 18
112 18
152 69
152 44
152 46
32 253
282 253
157 3
157 181
181 180
44 40
41 40
41 50
50 280
50 48
49 48
266 49
41 267
267 307
307 293
93
151 57
146 57
24 57
24 25
25 21
214 25
23 25
208 25
21 17
210 25
25 128
25 88
5 25
102 21
25 110
24 26
26 197
26 78
25 127
14 127
2 25
10 2
2 8
197 225
25 11
173 11
125 11
225 39
72 127
72 3
263 125
11 194
133 39
8 58
133 154
5 12
24 109
109 107
81 109
2 196
196 299
32 197
196 309
196 231
32 4
256 4
252 4
119 4
120 32
120 29
31 120
152 128
152 176
115 4
296 152
296 46
136 39
46 45
44 45
72 190
25 126
126 38
57 69
69 67
178 128
178 275
263 222
304 222
197 74
235 74
261 196
261 260
156 260
57 56
244 8
25 27
202 27
4 13
15 13
293 15
15 63
65 63
266 65
266 49
281 266
281 280
18 21
112 18
253 4
282 253
155 3
155 181
181 180
