3
37
54 242
10 54
10 2
2 21
103 21
102 21
101 21
54 74
130 74
76 74
84 242
84 82
2 25
26 25
124 26
124 162
124 169
124 129
124 165
200 26
200 153
25 60
186 60
108 25
108 245
60 3
156 3
54 6
6 32
32 117
251 32
32 228
250 228
32 4
4 13
15 13
267 15
43
85 242
85 82
85 76
54 85
76 130
85 126
165 126
162 126
126 129
169 126
124 126
85 300
103 300
85 8
2 8
10 54
103 20
102 20
20 21
101 20
76 197
26 197
76 257
257 4
250 4
251 4
117 4
126 128
72 128
186 72
109 128
245 109
261 54
261 260
156 260
11 126
11 69
153 69
34 257
16 34
16 40
41 40
41 267
45
54 242
54 83
83 82
54 53
53 21
54 84
76 84
53 1
103 1
102 1
101 1
6 21
10 6
76 130
54 196
2 196
99 21
26 99
99 27
124 27
124 162
124 165
124 129
124 169
26 113
115 113
115 250
250 34
251 34
117 34
24 99
24 138
138 153
24 109
245 109
124 127
60 127
186 60
1 0
3 0
156 3
14 127
14 13
15 13
267 15
