3
39
14 259
14 223
223 76
76 74
76 168
85 76
85 195
85 242
24 74
24 22
24 207
213 24
24 211
24 138
54 74
54 51
55 51
24 27
27 18
76 75
272 75
14 127
125 127
14 57
57 139
72 127
72 3
72 71
157 3
157 181
223 11
39 11
134 39
57 4
120 4
31 120
14 13
15 13
15 63
40
14 177
177 74
177 259
76 74
76 84
84 195
84 242
76 168
84 126
125 126
25 126
207 25
213 25
25 22
211 25
26 25
26 18
25 203
139 203
200 26
200 138
126 38
134 38
5 25
5 51
25 60
60 3
55 51
155 3
155 181
177 34
34 28
31 28
75 74
272 75
72 60
72 71
14 13
15 13
15 63
46
14 178
178 74
178 259
178 128
125 128
233 74
233 76
23 128
207 23
213 23
23 22
211 23
128 127
168 127
23 1
18 1
23 69
139 69
53 1
53 55
53 51
54 53
54 195
54 242
57 127
138 57
1 0
3 0
128 38
134 38
178 4
119 4
31 119
155 128
155 181
233 75
272 75
72 128
72 71
14 152
152 294
295 294
295 41
41 267
267 65
65 63
