3
25
248 247
62 247
62 58
60 58
190 60
25 60
25 199
108 25
218 108
24 25
24 138
287 138
138 137
148 137
24 57
57 4
254 4
60 127
168 127
306 168
4 13
15 13
15 63
64 63
241 64
28
54 248
54 6
6 32
254 32
6 8
8 58
32 69
153 69
287 153
23 69
23 199
23 78
218 78
69 137
148 137
3 58
72 3
72 190
54 74
76 74
76 168
306 168
254 34
16 34
16 45
42 45
193 42
241 193
29
54 248
54 84
84 8
8 58
19 8
24 19
24 199
24 145
287 145
24 109
109 79
218 79
60 58
190 60
8 0
4 0
254 4
84 126
222 126
303 222
303 306
145 137
148 137
152 4
16 152
16 40
42 40
193 42
241 193
