3
24
49 48
50 48
41 50
295 41
295 294
296 294
312 296
152 294
152 128
128 38
23 128
211 23
23 88
23 1
100 1
155 128
155 181
229 181
152 4
116 4
116 30
152 75
196 75
196 249
28
266 49
266 65
65 63
15 63
15 13
4 13
119 4
119 30
14 13
14 152
312 152
152 294
57 4
24 57
24 88
24 211
24 19
19 100
24 74
130 74
130 38
4 0
3 0
62 3
62 249
157 3
157 181
229 181
30
49 48
50 48
41 50
295 41
295 294
296 294
312 296
296 269
269 34
120 34
120 30
296 152
152 69
68 69
68 88
27 88
211 27
27 18
100 18
11 69
39 11
39 38
25 88
2 25
2 196
196 249
109 11
157 109
157 181
229 181
