3
63
197 74
76 197
76 257
197 130
130 38
38 37
24 74
24 19
24 109
24 88
24 209
24 214
24 203
274 19
257 4
4 86
4 70
4 182
254 4
178 74
14 178
178 275
197 27
202 27
157 109
157 181
288 157
34 257
34 47
128 38
165 128
166 128
116 4
116 30
116 29
72 128
72 188
125 128
125 240
76 168
304 168
54 74
54 301
261 54
261 260
54 196
196 309
2 196
2 313
24 138
138 137
148 137
16 34
16 45
42 45
193 42
4 13
15 13
15 63
66 63
65 63
266 65
281 266
70
32 197
32 257
32 70
254 32
26 197
26 88
209 26
26 203
214 26
197 74
34 70
34 182
124 26
124 165
124 166
124 126
126 38
34 47
85 126
85 301
177 74
14 177
85 8
19 8
14 223
223 275
274 19
222 126
304 222
38 37
26 78
109 78
120 32
120 29
120 30
27 88
202 27
32 4
4 86
26 25
25 60
188 60
196 301
196 309
60 3
156 3
156 260
155 3
155 181
288 155
124 125
125 240
2 8
2 313
32 69
69 137
148 137
16 34
16 40
42 40
193 42
41 40
41 50
50 280
281 280
281 266
241 193
241 64
64 63
66 63
67
197 225
225 39
39 38
39 37
76 225
76 74
39 11
165 11
109 11
166 11
25 11
25 88
209 25
25 203
214 25
5 25
5 19
11 127
14 127
76 257
76 84
301 84
72 11
72 188
223 76
223 275
72 3
62 3
309 62
222 225
304 222
157 3
157 181
288 157
34 257
254 34
119 34
119 30
119 29
34 182
34 70
34 47
274 19
156 3
156 260
125 11
125 240
2 25
2 313
25 27
202 27
119 4
4 86
139 203
139 137
148 137
14 13
15 13
267 15
267 65
266 65
281 266
15 63
66 63
41 267
41 42
193 42
