3
21
104 21
21 51
25 21
25 199
6 21
6 32
32 118
25 11
39 11
135 39
125 11
125 240
25 60
60 3
62 3
34 118
16 34
16 40
41 40
41 50
50 280
21
104 5
5 51
5 23
23 199
5 0
4 0
4 118
23 128
128 38
135 38
3 0
62 3
125 128
125 240
4 13
15 13
267 15
267 65
266 65
281 266
281 280
25
104 18
26 18
26 199
104 1
53 1
53 51
53 196
196 249
62 249
26 197
32 197
32 118
197 225
225 39
135 39
124 26
124 125
125 240
196 75
152 75
152 294
295 294
295 41
41 50
50 280
