3
51
24 211
24 214
24 203
114 24
211 23
23 273
23 1
93 1
103 1
1 17
23 128
166 128
128 127
128 38
38 37
135 38
133 38
152 128
311 152
152 176
312 152
24 74
238 74
234 74
235 74
305 152
305 269
305 223
1 0
3 0
156 3
72 128
72 187
211 25
108 25
152 4
4 28
4 182
29 28
152 294
295 294
24 57
144 57
295 41
314 41
152 46
46 45
41 267
267 65
266 65
65 63
55
211 27
214 27
203 27
25 27
25 273
25 127
114 25
166 127
25 1
25 60
187 60
60 3
25 11
223 11
269 223
154 3
133 154
39 11
39 37
135 39
296 223
311 296
312 296
269 34
34 28
34 182
223 76
234 76
76 238
27 18
93 18
103 18
18 17
11 69
144 69
16 34
16 45
76 75
235 75
108 75
116 34
116 29
156 3
14 127
14 176
16 13
15 13
15 63
296 294
295 294
65 63
266 65
16 40
41 40
314 41
61
211 26
214 26
26 203
124 26
124 166
124 127
26 78
108 78
26 113
114 113
26 18
18 1
72 127
72 3
93 18
103 18
72 187
18 17
26 197
32 197
32 28
120 32
120 29
108 75
238 75
234 75
235 75
120 34
269 34
34 182
269 223
177 34
177 176
152 75
312 152
152 44
44 45
311 152
26 25
25 273
197 225
225 39
133 39
135 39
39 37
139 203
139 137
144 137
42 45
41 42
295 41
156 3
41 50
50 280
281 280
281 266
314 41
193 42
241 193
241 64
64 63
