3
25
165 127
161 127
127 129
172 127
168 127
76 168
76 84
84 264
84 195
85 76
53 85
57 127
57 139
53 1
90 1
76 257
32 257
32 227
122 32
14 127
14 13
15 13
267 15
41 267
314 41
26
165 11
161 11
11 129
172 11
223 11
223 76
11 69
139 69
165 126
84 126
85 126
85 264
85 195
54 84
54 53
53 21
90 21
32 69
32 227
122 32
296 223
296 294
295 294
295 41
41 267
314 41
31
124 165
124 129
124 172
124 127
159 127
139 159
161 127
124 26
26 18
90 18
26 197
76 197
76 84
84 264
84 195
196 195
53 196
32 197
32 228
228 227
116 32
116 33
122 33
32 4
4 13
15 13
267 15
16 13
16 40
41 40
314 41
