3
41
23 88
23 97
97 21
23 128
162 128
167 128
23 78
216 78
108 78
152 128
16 152
152 294
125 128
263 125
108 75
235 75
24 88
114 24
21 51
52 51
152 4
251 4
128 38
132 38
135 38
134 38
27 88
202 27
4 0
9 0
197 27
197 230
24 138
138 175
16 13
15 13
267 15
267 307
41 267
41 50
50 48
44
25 88
108 25
114 25
216 108
25 21
5 25
5 97
25 11
162 11
167 11
39 11
135 39
134 39
53 21
52 53
24 25
24 74
235 74
24 145
145 175
177 74
177 34
16 34
251 34
296 177
296 294
2 25
2 8
8 9
25 27
202 27
197 74
197 230
39 38
132 38
25 126
222 126
263 222
16 40
41 40
41 50
50 48
41 267
267 307
48
26 88
26 113
114 113
124 26
124 162
124 167
26 203
216 203
26 99
99 21
216 108
97 21
26 197
32 197
251 32
124 125
263 125
200 26
200 145
145 175
124 126
126 38
135 38
134 38
132 38
108 75
235 75
152 75
152 294
16 152
197 230
1 21
1 0
9 0
53 1
52 53
27 113
202 27
32 4
4 13
15 13
293 15
307 293
15 63
65 63
266 65
266 49
49 48
