3
28
271 250
250 4
4 13
57 4
57 56
4 0
2 0
68 57
68 88
24 57
24 284
24 219
1 0
53 1
2 196
196 299
54 53
54 242
57 127
125 127
72 127
72 189
11 0
39 11
134 39
15 13
267 15
267 307
29
271 228
228 34
16 34
16 13
16 152
152 128
125 128
128 38
134 38
109 128
219 109
89 128
89 88
25 128
284 25
2 25
25 60
189 60
25 21
53 21
53 85
85 242
85 299
14 13
14 57
57 56
15 13
293 15
307 293
34
271 228
32 228
32 69
11 69
125 11
23 69
23 88
23 78
219 78
23 1
53 1
1 21
2 21
6 32
54 6
54 299
54 242
25 11
284 25
32 4
4 13
72 11
72 189
11 126
126 38
134 38
57 69
57 56
152 69
152 294
295 294
295 41
41 267
267 307
