3
23
25 201
25 128
213 25
5 25
5 51
24 201
24 145
54 51
54 301
54 85
24 57
144 57
57 56
24 74
235 74
14 57
14 13
15 13
293 15
267 15
267 65
266 65
281 266
28
26 201
213 26
124 26
124 128
200 26
200 145
124 126
85 126
85 301
145 137
144 137
53 85
53 51
145 57
57 56
152 128
152 75
235 75
57 4
4 13
15 13
293 15
152 294
295 294
295 41
41 50
50 280
281 280
30
201 27
213 27
23 27
23 128
23 69
144 69
153 69
145 153
126 128
84 126
301 84
85 126
99 27
99 21
21 51
197 27
197 74
235 74
57 69
57 56
152 69
16 152
16 40
41 40
41 267
267 307
307 293
41 50
50 280
281 280
