3
37
5 12
105 5
104 5
5 25
93 5
210 25
207 25
25 126
25 60
183 60
5 18
111 18
60 3
156 3
85 126
85 301
85 76
85 243
76 237
234 76
85 285
54 85
54 231
26 25
200 26
76 257
228 257
250 228
25 127
14 127
34 257
16 34
16 45
42 45
41 42
41 267
267 65
43
1 12
105 1
25 1
104 1
5 1
93 1
23 1
207 23
210 23
25 126
25 27
200 27
84 126
84 243
76 84
301 84
84 285
196 243
196 231
234 76
223 76
14 223
76 237
1 0
4 0
250 4
147 4
147 228
261 196
261 260
156 260
25 11
72 11
72 183
18 1
111 18
14 13
15 13
15 63
65 63
16 13
16 40
42 40
41
5 12
105 5
104 5
5 25
93 5
210 25
207 25
25 89
89 126
25 113
115 113
115 250
250 228
24 25
24 74
76 74
237 74
234 74
54 74
54 285
54 243
54 301
54 231
24 57
14 57
24 138
200 138
25 60
183 60
5 0
3 0
156 3
105 18
111 18
14 152
152 44
44 40
42 40
41 40
41 267
267 65
