3
115
134 38
128 38
126 38
38 37
128 123
158 128
167 128
72 128
152 128
72 3
16 152
312 152
152 277
152 179
3 35
14 152
152 46
16 45
130 38
124 128
130 79
311 152
216 79
215 79
216 203
152 259
24 203
124 26
24 36
24 138
198 24
138 175
84 126
16 34
84 195
84 289
250 34
120 34
258 34
84 283
31 120
139 203
31 122
139 159
24 99
84 8
271 250
120 33
152 44
6 8
79 107
114 24
24 19
104 19
19 95
274 19
19 100
90 19
2 8
2 313
124 27
202 27
152 69
140 69
144 69
150 69
142 69
141 69
197 130
197 230
54 84
54 83
54 51
55 51
52 51
14 57
57 56
109 128
245 109
152 75
75 237
75 87
23 128
23 273
23 97
42 45
193 42
241 193
241 64
64 63
66 63
228 34
228 227
134 39
226 39
62 3
310 62
309 62
62 249
15 63
293 15
156 3
156 260
108 79
290 108
152 294
295 294
155 128
155 181
222 126
303 222
19 1
1 12
178 128
178 276
123
134 38
128 38
126 128
126 123
158 126
167 126
124 126
25 128
25 273
25 36
198 25
25 203
24 25
26 25
25 99
114 25
5 25
5 95
5 12
5 51
5 97
104 5
24 57
150 57
144 57
57 142
138 57
57 139
57 140
141 57
52 51
57 4
120 4
250 4
152 4
258 4
24 145
145 175
4 13
16 13
14 13
14 259
14 277
14 179
32 4
32 227
6 32
122 32
122 33
24 74
237 74
74 87
130 74
312 152
108 25
215 108
108 245
216 108
108 107
116 4
116 31
116 34
85 126
85 195
85 289
85 8
85 283
196 195
196 309
196 249
310 309
16 45
44 45
46 45
85 82
83 82
84 82
128 127
159 127
72 127
23 25
23 79
38 37
25 1
100 1
90 1
290 108
14 223
223 276
57 56
271 250
25 60
60 3
55 51
157 3
157 181
3 35
261 196
261 260
311 152
15 13
293 15
15 63
66 63
64 63
241 64
241 193
16 40
41 40
295 41
25 27
202 27
168 127
306 168
303 306
2 25
2 313
39 38
226 39
26 197
197 230
5 19
274 19
130
134 39
39 37
39 11
11 123
158 11
11 126
167 11
72 11
11 128
124 123
225 39
225 130
109 11
216 109
109 107
215 109
24 109
109 79
24 26
26 36
198 26
26 203
26 99
26 18
95 18
6 18
104 18
100 18
90 18
99 21
97 21
21 51
54 6
54 289
54 195
54 283
53 21
52 53
53 55
76 225
76 87
76 237
76 84
39 38
11 0
3 0
8 0
54 83
152 128
24 138
16 152
296 152
312 296
311 296
296 46
138 137
142 137
144 137
150 137
140 137
139 137
141 137
147 137
250 147
147 34
46 45
32 147
120 32
258 32
147 228
271 228
32 227
34 28
31 28
33 28
122 32
152 44
11 194
194 159
152 259
179 259
114 24
138 175
11 127
14 127
245 109
152 277
223 11
223 276
157 109
157 181
222 225
303 222
25 11
25 273
54 196
196 309
196 249
310 309
18 1
1 12
261 54
261 260
296 294
295 294
226 39
42 45
193 42
3 35
41 42
41 267
267 65
65 63
267 307
307 293
66 63
64 63
241 193
108 109
290 108
19 21
274 19
57 137
57 56
197 225
197 230
24 27
202 27
2 21
2 313
