3
20
108 219
108 75
24 219
24 203
76 75
223 76
225 75
222 225
24 138
138 175
196 75
196 289
24 19
106 19
108 25
25 60
190 60
219 109
157 109
288 157
21
219 78
78 27
203 27
27 18
106 18
24 27
24 145
145 175
24 74
75 74
178 74
223 178
54 74
54 289
305 178
305 222
178 128
72 128
72 190
155 128
288 155
22
219 79
23 79
23 203
23 1
106 1
108 79
108 75
23 25
25 126
222 126
25 11
223 11
85 126
85 289
72 11
72 190
72 3
157 3
288 157
24 23
24 138
138 175
