3
24
14 268
14 297
14 57
24 57
24 88
24 19
105 19
24 109
109 79
218 79
19 21
91 21
97 21
57 4
120 4
120 29
24 74
54 74
54 289
14 13
15 13
15 63
65 63
266 65
28
269 268
269 34
34 28
29 28
177 34
177 297
177 74
130 74
130 79
130 78
218 78
23 79
23 97
23 88
23 1
105 1
19 1
18 1
18 91
75 74
196 75
196 289
16 34
16 40
41 40
41 267
267 65
266 65
29
14 268
14 297
14 127
25 127
25 88
5 25
5 97
105 5
5 19
108 25
218 108
108 79
25 126
84 126
84 289
25 21
91 21
14 178
178 4
117 4
117 29
14 152
152 294
295 294
295 41
41 50
50 48
49 48
266 49
