3
19
314 41
41 40
41 50
50 48
16 40
16 34
253 34
253 4
4 0
57 4
5 0
5 97
145 57
145 175
57 139
139 203
5 25
108 25
218 108
21
314 41
41 40
41 50
50 48
44 40
152 44
14 152
14 57
152 75
108 75
24 57
24 203
218 108
24 23
23 97
138 57
138 175
23 1
1 0
152 4
253 4
27
314 41
41 42
42 40
41 267
267 65
266 65
266 49
49 48
295 41
295 294
152 294
152 69
57 69
11 69
11 0
32 69
32 253
109 11
108 109
23 69
23 203
109 78
218 78
23 97
69 137
138 137
138 175
