3
43
52 51
54 51
54 248
54 292
54 289
54 231
54 84
21 51
93 21
84 8
8 58
59 58
62 58
25 21
210 25
76 84
76 225
26 25
26 78
200 26
84 126
171 126
200 138
138 175
60 58
187 60
138 137
140 137
54 6
6 32
32 117
116 32
25 128
152 128
152 44
312 152
152 294
44 40
41 40
314 41
41 267
267 65
65 63
44
5 51
93 5
52 51
5 23
23 78
210 23
23 27
200 27
130 78
225 130
200 145
145 175
23 69
140 69
23 128
171 128
72 128
72 187
72 3
3 58
59 3
62 3
62 247
248 247
152 69
152 44
312 152
152 4
116 4
117 4
152 294
53 51
53 85
85 289
85 292
84 289
53 196
196 231
4 13
15 13
15 63
295 294
295 41
314 41
50
53 51
52 53
53 1
93 1
54 53
54 231
54 292
84 292
54 248
54 289
23 1
210 23
23 78
26 23
200 26
124 26
124 171
26 197
197 225
54 196
196 309
309 62
62 58
59 58
32 197
116 32
32 117
24 23
24 57
57 140
24 138
138 175
54 74
177 74
296 177
312 296
296 294
296 46
46 45
44 45
25 1
25 60
187 60
42 45
193 42
241 193
241 64
64 63
41 42
314 41
