3
32
19 8
94 19
2 8
10 2
24 19
24 57
57 140
144 57
24 74
232 74
57 4
255 4
256 4
116 4
116 33
178 74
305 178
24 109
81 109
305 222
263 222
108 109
290 108
8 58
60 58
189 60
262 189
152 4
152 294
295 294
295 41
314 41
29
6 8
10 6
6 18
94 18
6 32
32 255
32 256
120 32
120 33
32 69
140 69
144 69
152 69
305 152
152 75
232 75
108 75
81 108
290 108
11 69
125 11
263 125
72 11
72 189
262 189
16 152
16 40
41 40
314 41
34
8 0
10 0
1 0
94 1
4 0
4 118
118 33
255 4
256 4
11 0
223 11
305 223
223 76
232 76
76 168
263 168
23 1
23 79
81 79
147 4
147 137
144 137
140 137
108 79
290 108
4 13
15 13
267 15
41 267
314 41
3 0
60 3
189 60
262 189
