3
83
76 73
76 237
76 238
76 197
233 76
32 197
32 121
32 256
254 32
32 4
32 118
4 86
121 34
252 32
270 34
121 29
32 69
142 69
139 69
141 69
11 69
164 11
109 11
161 11
39 11
246 109
226 39
11 126
109 79
24 109
172 11
24 201
24 207
213 24
24 208
24 214
24 19
106 19
19 20
92 19
94 19
19 100
93 19
85 76
85 301
85 300
85 283
53 85
53 55
157 109
288 157
108 109
290 108
54 85
54 231
23 69
23 239
157 3
62 3
154 3
81 109
81 80
72 11
72 188
76 168
304 168
222 126
303 222
4 0
2 0
69 137
148 137
4 13
15 13
267 15
267 65
266 65
41 267
314 41
281 266
281 280
41 42
193 42
87
75 73
75 237
238 75
233 75
108 75
108 79
196 75
196 300
2 196
196 301
196 231
196 283
53 196
108 25
25 201
207 25
213 25
208 25
25 239
25 11
25 126
214 25
24 25
164 126
172 126
103 300
103 20
103 19
106 20
92 20
94 20
100 20
93 20
25 203
139 203
24 57
141 57
57 142
57 4
256 4
252 4
256 34
4 118
121 4
254 4
4 86
116 4
116 29
225 75
225 39
197 225
133 39
133 154
108 109
222 225
304 222
25 127
161 127
226 39
303 222
53 55
246 109
290 108
270 34
196 309
309 62
25 60
188 60
25 128
155 128
288 155
81 108
81 80
139 137
148 137
16 34
16 40
41 40
41 267
41 50
50 280
314 41
50 48
49 48
266 49
42 40
193 42
103
74 73
237 74
238 74
197 74
24 74
233 74
130 74
130 79
54 74
54 300
54 301
54 283
54 53
26 197
26 201
207 26
213 26
208 26
214 26
53 1
93 1
106 1
94 1
20 1
100 1
92 1
19 1
130 38
39 38
126 38
178 74
178 4
24 109
256 4
254 4
254 34
34 118
252 34
1 0
11 0
120 4
120 29
54 231
124 26
124 164
124 172
161 11
121 4
54 51
55 51
10 54
10 2
24 138
138 137
142 137
141 137
138 57
57 139
133 38
133 154
120 32
32 308
308 270
54 196
196 249
62 249
24 23
23 239
11 127
168 127
306 168
303 306
304 168
72 127
72 188
226 39
4 86
157 109
288 157
246 109
148 137
81 79
81 80
14 178
14 13
15 13
267 15
15 63
65 63
266 65
64 63
241 64
241 193
281 266
281 280
24 219
108 219
290 108
152 4
152 294
295 294
295 41
314 41
