3
23
196 299
196 249
54 299
54 248
62 249
62 58
2 196
2 25
25 205
25 199
26 25
200 26
62 3
72 3
72 71
72 189
262 189
2 0
4 0
4 13
15 13
15 63
66 63
24
85 299
85 8
8 58
54 85
54 248
248 247
249 247
19 8
24 19
24 199
24 205
24 138
200 138
60 58
72 60
72 71
189 60
262 189
24 57
14 57
14 13
15 13
15 63
66 63
27
196 299
196 249
299 84
84 8
8 58
53 196
53 1
23 1
23 205
23 199
23 27
200 27
249 247
248 247
23 128
72 128
72 71
72 189
262 189
152 128
16 152
16 40
41 40
41 267
267 65
65 63
66 63
