3
105
72 189
72 190
72 71
72 127
163 127
14 127
127 123
14 177
14 178
89 127
305 178
124 127
14 277
124 26
126 123
26 205
206 26
26 18
214 26
211 26
103 18
93 18
95 18
18 17
26 204
106 18
101 18
26 191
100 18
26 197
197 230
168 127
306 168
178 4
4 86
120 4
147 4
252 4
120 29
257 4
119 4
31 120
255 4
122 29
177 74
74 73
75 74
238 74
108 75
216 108
108 219
290 108
218 108
85 126
53 85
85 242
298 85
85 292
85 195
14 152
152 44
312 152
152 69
152 46
139 69
150 69
151 69
140 69
68 69
72 3
3 35
154 3
25 127
25 239
2 25
284 25
25 273
10 2
253 4
282 253
126 38
131 38
38 37
136 38
134 38
57 127
57 56
4 0
9 0
39 38
226 39
145 57
145 175
54 74
261 54
18 1
98 1
14 13
15 13
267 15
293 15
267 65
266 65
266 49
49 48
116
189 60
190 60
60 127
25 60
25 205
25 126
214 25
26 25
108 25
211 25
101 25
25 204
206 25
25 89
25 191
124 126
124 123
5 25
103 5
106 5
93 5
5 17
5 18
5 95
5 98
24 25
24 219
24 284
222 126
305 222
290 108
25 1
53 1
100 1
305 152
152 277
152 177
152 75
178 277
75 73
238 75
84 126
298 84
84 242
84 195
84 292
177 34
120 34
147 34
34 257
255 34
119 34
252 34
31 119
119 29
31 122
53 196
261 196
2 196
14 127
24 138
138 175
163 127
159 127
139 159
24 57
57 140
57 69
150 57
151 57
68 57
25 273
305 296
312 296
296 46
26 78
218 78
216 78
57 56
152 44
84 8
8 9
5 0
10 0
25 239
25 27
197 27
303 222
303 306
197 230
44 40
41 40
41 267
41 50
50 48
267 15
267 307
307 293
49 48
11 127
39 11
134 39
39 37
136 39
39 131
133 39
133 154
226 39
253 34
282 253
72 60
72 71
60 3
3 35
152 4
4 86
117
72 189
72 11
11 69
11 126
11 123
11 163
89 11
124 89
223 11
14 223
305 223
223 178
178 177
177 277
23 69
26 23
23 239
23 205
206 23
23 204
214 23
211 23
23 191
23 273
32 69
120 32
32 147
122 32
32 119
32 257
252 32
32 255
32 197
23 1
103 1
106 1
101 1
95 1
93 1
1 17
116 32
116 31
116 29
150 69
151 69
68 69
223 76
76 238
76 75
76 73
72 127
139 69
196 75
196 195
298 196
196 292
109 11
108 109
216 109
219 109
140 69
54 196
54 242
10 54
54 53
100 1
23 79
218 79
124 27
27 18
72 190
261 196
98 1
11 0
2 0
9 0
76 168
306 168
25 11
284 25
3 0
154 3
296 223
312 296
296 46
46 45
44 45
72 128
128 38
136 38
38 37
134 38
131 38
290 108
42 45
41 42
41 267
14 13
15 13
293 15
197 230
41 50
50 48
72 71
49 48
69 137
138 137
138 175
3 35
14 57
57 56
32 4
4 86
32 253
282 253
39 11
226 39
