3
50
244 8
84 8
84 243
300 84
84 292
298 84
76 84
236 76
76 87
234 76
76 257
233 76
76 224
19 8
19 100
5 19
19 95
223 76
305 223
269 223
223 11
305 152
167 11
162 11
16 152
257 4
252 4
258 4
24 19
24 204
19 21
91 21
109 11
81 109
11 69
69 67
54 84
54 248
116 4
116 31
11 127
159 127
196 243
196 309
16 13
15 13
15 63
64 63
65 63
266 65
57
244 8
85 8
85 243
85 300
85 292
298 85
8 0
11 0
5 0
5 95
4 0
152 4
5 18
18 91
100 18
152 75
233 75
75 87
234 75
236 75
108 75
81 108
257 4
11 194
194 159
296 152
296 269
305 296
252 4
25 11
25 204
39 11
224 39
258 4
120 4
31 120
16 152
85 126
167 126
162 126
54 85
54 248
8 58
62 58
309 62
57 4
68 57
68 67
16 40
42 40
193 42
241 193
241 64
41 40
41 267
267 65
266 65
58
244 8
6 8
54 6
54 243
54 300
54 292
54 298
6 21
100 21
5 21
95 21
6 32
252 32
258 32
32 257
32 119
31 119
32 69
152 69
252 34
269 34
16 34
305 269
11 69
152 128
167 128
162 128
91 21
54 74
234 74
74 87
233 74
236 74
305 222
222 224
139 69
139 159
69 67
5 23
23 204
23 78
81 78
54 196
196 309
196 249
249 247
248 247
152 294
295 294
295 41
41 50
50 280
281 280
281 266
41 42
193 42
241 193
241 64
