3
23
76 224
85 76
85 285
85 82
85 8
2 8
54 85
54 231
19 8
92 19
85 126
126 123
11 126
161 11
76 75
152 75
152 44
152 4
4 182
4 13
15 13
147 4
279 147
22
224 39
39 11
11 123
161 11
11 0
2 0
1 0
92 1
2 196
196 231
196 285
84 285
84 82
4 0
4 182
11 69
152 69
152 44
147 4
279 147
4 13
15 13
28
222 224
168 222
168 127
161 127
127 123
25 127
2 25
5 25
92 5
10 2
10 54
54 285
54 83
83 82
54 231
305 222
305 269
269 34
34 182
16 34
16 45
44 45
16 40
41 40
41 267
267 15
147 34
279 147
