3
29
149 137
144 137
149 69
153 69
139 137
139 203
23 69
23 199
23 78
23 1
92 1
106 1
53 1
52 53
23 128
178 128
24 203
24 201
125 128
263 125
178 74
74 73
232 74
128 38
133 38
135 38
38 37
1 0
3 0
31
149 57
144 57
24 57
24 199
14 57
14 178
24 201
24 109
109 78
24 19
92 19
106 19
145 57
145 153
24 203
157 109
157 3
154 3
133 154
133 39
135 39
39 37
24 74
232 74
74 73
57 127
168 127
263 168
5 19
5 51
52 51
29
149 69
144 69
153 69
11 69
25 11
25 199
25 201
25 203
223 11
223 178
26 25
26 78
5 25
92 5
106 5
223 76
76 73
232 76
72 11
72 3
39 11
135 39
39 37
133 39
125 11
263 125
25 21
53 21
52 53
