3
35
25 205
25 191
25 126
25 36
208 25
84 126
125 126
84 242
84 285
222 126
304 222
25 11
11 163
11 0
24 205
24 19
274 19
11 69
142 69
69 67
205 27
27 18
76 84
76 257
196 285
196 249
228 257
271 228
152 69
152 179
4 0
254 4
25 128
155 128
288 155
36
25 205
26 205
26 191
26 18
208 26
26 36
25 126
5 25
5 19
5 0
85 126
85 285
85 242
274 19
84 126
25 127
163 127
125 127
14 127
14 179
57 127
57 142
168 127
304 168
57 4
257 4
68 57
68 67
254 4
250 4
271 250
3 0
62 3
62 249
157 3
288 157
36
23 205
23 25
23 191
208 23
23 36
23 128
126 128
125 128
23 1
18 1
19 1
1 0
19 8
84 8
178 128
178 179
84 285
84 242
23 69
142 69
69 67
32 69
254 32
32 257
11 128
11 163
32 228
271 228
155 128
288 155
274 19
222 126
304 222
2 25
2 196
196 249
