3
25
23 22
24 22
24 219
23 128
167 128
155 128
11 128
11 194
155 3
3 58
223 11
269 223
152 128
152 176
23 1
103 1
103 300
23 69
32 69
122 32
14 223
14 13
15 13
267 15
267 307
28
23 22
23 78
219 78
25 22
25 127
167 127
25 60
60 58
159 127
194 159
14 127
14 176
14 268
269 268
25 126
84 126
300 84
109 78
157 109
157 155
269 34
34 28
31 28
31 122
14 13
15 13
293 15
307 293
28
26 22
26 23
124 26
124 167
23 79
219 79
167 11
11 194
124 126
85 126
85 300
85 8
8 58
124 128
178 128
178 176
155 128
305 178
305 269
26 197
32 197
122 32
305 152
16 152
16 40
41 40
41 267
267 307
