3
24
54 53
54 85
53 1
90 1
85 76
76 224
19 1
274 19
18 1
111 18
76 168
304 168
168 127
161 127
14 127
14 297
1 0
3 0
154 3
4 0
255 4
14 13
15 13
293 15
27
54 53
53 85
53 21
90 21
85 126
222 126
222 224
304 222
11 126
161 11
54 6
6 32
32 255
54 74
178 74
178 297
126 38
133 38
133 154
19 21
274 19
18 21
111 18
32 4
4 13
15 13
293 15
32
54 51
53 51
54 85
21 51
90 21
54 84
76 84
76 224
76 74
177 74
177 297
177 34
255 34
25 21
25 127
161 127
224 39
133 39
133 154
76 225
222 225
304 222
90 19
274 19
90 18
111 18
16 34
16 40
41 40
41 267
267 307
307 293
