3
68
54 299
10 54
54 289
54 51
261 54
10 2
52 51
54 283
196 299
196 309
196 75
152 75
305 152
152 294
152 46
152 277
14 152
14 268
14 13
152 4
4 86
4 118
251 4
252 4
4 70
255 4
14 57
145 57
57 140
57 137
68 57
287 145
68 67
200 145
21 51
92 21
96 21
152 128
174 128
172 128
109 128
126 128
216 109
128 129
215 109
217 109
2 25
25 239
25 201
114 25
5 51
5 12
72 128
185 72
72 187
18 21
111 18
108 75
218 108
155 128
288 155
295 294
295 41
41 50
15 13
15 63
64 63
241 64
78
85 299
85 289
85 126
85 283
172 126
174 126
126 129
85 8
2 8
11 126
109 11
53 85
52 53
53 51
24 109
114 24
24 145
24 201
145 137
140 137
24 23
23 239
11 69
68 69
152 69
69 67
32 69
251 32
32 118
32 255
32 70
252 32
172 127
14 127
14 277
24 138
287 138
200 138
14 268
16 152
16 13
19 8
92 19
216 109
196 289
261 196
152 46
60 127
185 60
187 60
196 309
109 78
218 78
215 78
217 78
53 1
96 1
1 12
85 76
76 75
8 0
10 0
157 109
288 157
152 294
222 126
305 222
92 18
111 18
32 4
4 86
16 40
42 40
193 42
241 193
241 64
41 40
41 50
79
299 84
84 289
84 126
84 283
172 126
174 126
196 283
2 196
126 129
196 75
261 196
10 2
152 75
305 152
296 152
296 294
296 46
14 152
152 277
14 13
305 269
269 268
269 34
34 118
251 34
255 34
252 34
34 70
147 34
147 137
146 137
146 287
200 287
140 137
200 26
26 201
145 137
26 203
216 203
26 113
114 113
26 88
68 88
216 79
218 79
215 79
109 79
217 79
68 67
196 249
62 249
309 62
25 126
25 1
92 1
25 239
1 12
5 25
5 96
5 51
52 51
25 60
187 60
185 60
157 109
288 157
26 18
111 18
4 13
4 86
15 13
15 63
64 63
241 64
65 63
266 65
281 266
281 280
50 280
