3
22
117 34
34 47
177 34
177 74
74 73
24 74
24 22
54 74
54 283
54 289
54 248
248 247
24 23
23 239
16 34
16 40
41 40
41 50
16 13
15 13
15 63
64 63
25
32 117
32 69
23 69
23 22
23 239
32 257
76 257
76 73
85 76
85 283
85 289
196 283
196 249
249 247
34 257
34 47
152 69
152 294
295 294
295 41
41 50
41 42
193 42
241 193
241 64
25
117 4
152 4
152 75
75 73
196 75
196 289
196 283
152 128
25 128
25 22
25 239
196 309
309 62
62 247
117 34
34 47
4 13
15 13
15 63
64 63
65 63
266 65
281 266
281 280
50 280
