3
32
178 276
178 4
115 4
251 4
253 4
147 4
147 137
139 137
145 137
178 128
167 128
24 145
24 36
109 128
81 109
72 128
72 187
178 74
75 74
196 75
261 196
126 128
85 126
25 128
25 21
91 21
152 4
152 44
44 45
42 45
41 42
41 50
34
223 276
223 11
167 11
223 76
85 76
76 75
11 69
69 137
139 69
54 85
261 54
54 196
153 69
145 153
108 75
81 108
32 69
32 253
251 32
25 11
25 36
25 113
115 113
25 60
187 60
54 6
6 18
18 91
152 75
16 152
16 40
42 40
41 40
41 50
33
223 276
14 223
14 127
167 127
14 57
57 137
57 139
145 57
57 4
115 4
251 4
253 4
167 126
85 126
298 85
298 196
196 75
261 196
72 127
72 187
25 127
25 36
108 25
81 108
53 85
53 21
91 21
296 223
296 46
46 45
42 45
41 42
41 50
