3
27
116 33
116 4
257 4
254 4
228 257
76 257
85 76
85 292
85 265
152 4
152 44
54 85
54 248
53 85
53 55
85 126
165 126
25 126
25 22
25 60
186 60
25 27
202 27
152 128
155 128
155 181
181 180
32
119 33
119 4
32 119
32 257
32 228
254 32
6 32
54 6
54 292
54 265
54 51
55 51
54 248
6 8
85 8
57 4
24 57
24 22
57 127
165 127
72 127
186 72
24 27
202 27
119 34
16 34
16 40
44 40
24 109
157 109
157 181
181 180
32
121 33
121 4
121 34
34 257
228 34
254 34
4 0
11 0
165 11
1 0
23 1
23 22
8 0
84 8
84 292
84 265
85 8
53 1
53 55
72 11
186 72
3 0
62 3
62 247
248 247
152 4
152 44
23 27
202 27
157 3
157 181
181 180
