3
109
78 27
78 77
81 78
197 27
210 27
207 27
199 27
204 27
27 36
79 77
213 27
197 74
233 74
178 74
237 74
235 74
178 278
178 297
178 275
238 74
178 176
54 74
54 51
54 84
54 292
54 283
54 264
21 51
54 248
84 126
2 21
54 6
125 126
102 21
126 129
174 126
261 54
98 21
54 300
54 299
93 21
158 126
54 195
54 265
89 126
84 82
90 21
222 126
178 128
220 128
155 128
288 155
24 27
24 145
24 284
145 137
145 175
144 137
27 88
68 88
68 67
72 128
72 188
72 183
185 72
72 190
177 74
177 34
34 47
34 28
34 182
250 34
33 28
31 28
120 34
72 60
184 60
126 38
133 38
38 37
132 38
131 38
155 3
3 35
32 197
32 227
152 278
152 46
155 181
181 180
39 38
226 39
46 45
42 45
193 42
41 42
241 193
41 267
314 41
267 65
241 64
23 78
23 239
41 50
50 280
84 8
8 9
11 126
11 163
126
26 78
26 199
26 197
26 210
207 26
26 204
26 36
213 26
124 26
124 125
124 126
124 27
174 124
124 89
124 158
124 129
26 25
25 21
25 239
284 25
2 25
6 21
25 60
188 60
183 60
185 60
190 60
2 0
9 0
184 60
76 197
76 237
76 84
233 76
84 292
300 84
84 283
84 265
76 238
299 84
76 74
84 195
84 264
76 257
34 257
124 127
163 127
76 75
235 75
34 47
116 34
116 33
116 31
120 33
147 34
278 147
147 137
250 147
14 127
14 297
14 178
14 176
138 137
138 175
2 196
261 196
69 137
69 67
68 69
144 69
26 18
102 18
93 18
90 18
81 78
81 79
5 25
5 51
5 98
197 225
222 225
85 126
85 82
225 39
39 37
39 131
133 39
226 39
4 0
4 182
4 28
228 257
228 227
78 77
200 26
200 145
223 76
223 275
296 223
296 46
124 128
220 128
155 128
288 155
128 38
132 38
60 3
3 35
14 13
15 13
267 15
15 63
64 63
65 63
41 267
241 64
41 42
241 193
314 41
266 65
281 266
281 280
54 196
54 248
155 181
181 180
120
130 78
197 130
130 79
130 74
108 78
81 108
23 79
210 23
23 199
23 204
207 23
23 27
23 36
213 23
108 25
25 126
25 89
235 74
178 74
284 25
84 126
237 74
178 275
178 4
250 4
120 4
31 120
84 264
2 25
57 4
68 57
57 137
145 57
144 57
119 4
119 33
119 34
68 67
84 292
79 77
84 265
23 128
125 128
128 129
174 128
158 128
145 175
300 84
23 239
84 283
233 74
23 1
98 1
93 1
90 1
1 21
102 1
27 18
6 18
53 1
53 51
4 182
238 74
299 84
178 278
84 82
4 28
84 195
178 297
178 176
222 126
25 11
11 163
16 34
16 40
41 40
42 40
193 42
72 11
72 188
72 183
185 72
72 190
32 4
32 227
130 38
38 37
131 38
133 38
152 4
152 46
109 78
157 109
288 157
157 155
2 8
8 9
196 292
261 196
196 249
249 247
248 247
220 128
241 193
314 41
41 267
267 65
241 64
34 47
41 50
50 280
132 38
157 181
181 180
72 3
3 35
39 11
226 39
25 60
184 60
