3
21
217 109
109 11
165 11
39 11
133 39
134 39
223 11
223 76
223 178
76 257
178 4
4 118
34 257
270 34
24 109
24 192
24 19
94 19
76 74
54 74
54 248
24
217 78
78 27
27 192
130 78
76 130
27 18
94 18
130 38
134 38
133 38
76 257
130 74
178 74
25 27
25 11
32 257
32 118
124 27
124 165
32 308
308 270
85 76
54 85
54 248
25
217 79
23 79
23 192
23 128
178 128
165 128
11 128
23 1
94 1
128 38
133 38
134 38
217 108
108 75
76 75
152 128
152 4
257 4
4 118
34 118
270 34
196 75
196 249
249 247
248 247
