3
22
147 137
250 147
115 250
147 34
34 47
145 137
24 145
24 221
24 19
90 19
24 74
232 74
19 1
53 1
54 74
54 283
69 137
11 69
11 160
152 69
152 294
295 294
22
57 137
57 4
115 4
57 127
160 127
25 127
25 221
25 1
90 1
25 21
53 21
53 85
85 283
85 76
232 76
116 4
116 34
34 47
16 34
16 40
41 40
295 41
23
138 137
24 138
24 113
115 113
24 221
24 27
27 18
90 18
18 1
53 1
53 196
196 283
196 75
232 75
24 109
109 11
11 160
152 75
152 294
295 294
152 177
177 34
34 47
