3
30
54 231
54 299
196 231
196 249
54 74
177 74
177 277
177 278
76 74
76 168
24 74
24 99
24 23
23 239
24 57
57 140
24 138
200 138
10 54
10 0
177 34
121 34
168 127
127 123
270 34
308 270
14 177
14 13
15 13
293 15
28
196 231
196 299
196 249
2 196
2 0
2 25
23 25
25 239
25 99
11 0
11 123
23 69
140 69
26 25
200 26
32 69
32 308
32 121
152 69
152 277
152 278
152 177
25 127
168 127
4 0
4 13
15 13
293 15
37
54 231
54 299
54 6
6 0
6 21
99 21
23 99
99 27
200 27
23 239
23 128
128 123
178 128
178 277
178 278
178 177
178 4
121 4
6 32
32 308
125 128
263 125
263 168
200 145
145 137
140 137
54 248
248 247
249 247
152 128
16 152
16 40
41 40
41 267
267 15
267 307
307 293
