3
45
8 0
84 8
84 195
301 84
76 84
76 75
76 168
76 238
152 75
312 152
152 179
108 75
108 219
152 69
69 67
149 69
139 69
68 69
24 219
24 145
213 24
24 22
24 221
24 284
196 195
196 309
5 0
5 97
11 0
170 11
4 0
4 13
256 4
15 13
293 15
15 63
72 11
72 189
116 4
116 33
116 31
39 11
134 39
65 63
266 65
52
10 0
10 54
54 84
54 195
54 301
54 74
75 74
238 74
178 74
178 179
84 126
170 126
14 178
14 13
222 126
168 222
25 126
213 25
25 22
25 221
284 25
14 57
68 57
149 57
68 67
57 139
145 57
25 60
189 60
23 25
23 97
126 38
134 38
23 78
219 78
178 4
120 4
120 33
31 120
256 4
177 74
296 177
312 296
3 0
62 3
309 62
15 13
15 63
293 15
267 15
267 65
266 65
58
1 0
23 1
213 23
23 22
23 79
219 79
23 88
68 88
1 21
97 21
68 67
23 203
139 203
25 1
170 25
139 137
145 137
149 137
25 221
284 25
25 127
168 127
14 127
14 179
14 13
72 127
72 189
14 152
312 152
152 75
238 75
196 75
196 301
298 196
298 84
196 309
196 195
152 4
117 4
31 117
117 33
32 4
32 256
23 128
128 38
134 38
16 13
16 40
41 40
41 267
267 307
307 293
41 50
50 280
281 280
281 266
267 65
65 63
