3
30
41 267
41 50
50 48
41 40
16 40
16 34
270 34
16 152
311 152
152 128
128 123
109 128
109 79
23 128
212 23
198 23
128 38
132 38
72 128
72 189
72 3
61 3
156 3
3 0
9 0
152 75
196 75
196 243
84 243
84 82
34
267 65
266 65
266 49
49 48
267 15
15 13
14 13
14 127
127 123
60 127
189 60
25 127
212 25
198 25
23 25
23 79
60 58
61 58
8 58
8 9
85 8
85 243
85 82
60 3
156 3
14 152
311 152
4 13
32 4
32 308
308 270
126 123
126 38
132 38
34
41 267
41 50
50 48
295 41
295 294
296 294
311 296
296 223
223 11
11 123
223 76
76 130
130 79
72 11
72 189
25 11
212 25
198 25
85 76
85 82
85 243
11 0
9 0
72 3
61 3
54 85
261 54
261 260
156 260
296 269
269 34
270 34
130 38
132 38
