3
23
61 58
60 58
188 60
62 58
310 62
60 127
168 127
306 168
168 222
305 222
305 223
223 276
305 269
269 34
270 34
16 34
16 40
41 40
41 50
16 13
15 13
15 63
64 63
25
61 3
72 3
72 188
62 3
310 62
72 128
152 128
305 152
178 128
178 276
126 128
222 126
303 222
303 306
152 177
177 34
270 34
152 294
295 294
295 41
41 50
41 42
193 42
241 193
241 64
27
61 3
60 3
188 60
3 0
4 0
178 4
305 178
178 276
32 4
32 308
308 270
62 3
309 62
310 309
257 4
76 257
76 168
306 168
4 13
15 13
15 63
64 63
65 63
266 65
281 266
281 280
50 280
