3
26
24 205
24 74
24 206
24 211
234 74
232 74
178 74
178 259
178 4
256 4
4 70
120 4
120 29
54 74
10 54
54 242
24 57
57 140
205 27
78 27
202 27
4 0
3 0
59 3
60 3
186 60
32
26 205
206 26
211 26
26 78
26 197
197 74
32 197
32 256
32 70
32 4
120 32
6 32
10 6
177 74
177 259
76 197
234 76
232 76
32 69
140 69
85 76
85 242
116 32
116 29
11 69
72 11
186 72
6 8
8 58
59 58
206 27
202 27
32
23 205
206 23
211 23
23 78
130 78
130 74
232 74
234 74
76 130
76 84
84 242
76 257
257 4
34 257
256 34
34 70
120 34
119 4
119 29
152 4
152 259
25 205
2 25
10 2
23 69
140 69
25 60
186 60
60 58
59 58
23 27
202 27
