3
24
222 224
222 126
172 126
126 38
132 38
25 126
211 25
284 25
5 25
104 5
126 128
72 128
11 126
11 69
146 69
69 137
57 69
57 56
152 128
16 152
16 40
41 40
41 50
50 280
25
222 224
224 39
39 11
172 11
72 11
25 11
25 21
104 21
284 25
211 25
39 38
132 38
11 127
57 127
146 57
57 137
57 56
14 127
14 13
15 13
15 63
65 63
266 65
281 266
281 280
29
76 224
76 225
222 225
76 168
168 127
172 127
72 127
76 197
197 27
211 27
24 27
24 284
27 18
104 18
24 138
138 137
146 137
24 57
57 56
76 130
130 38
132 38
76 75
152 75
152 294
295 294
295 41
41 50
50 280
