3
22
68 88
24 88
24 99
24 221
68 69
139 69
24 74
178 74
11 69
11 123
125 11
305 178
305 269
75 74
272 75
152 69
152 294
295 294
295 41
41 50
50 280
281 280
23
68 57
24 57
57 139
57 127
127 123
125 127
14 57
14 178
24 99
14 223
269 223
24 221
296 223
296 294
14 152
152 75
272 75
14 13
15 13
15 63
65 63
266 65
281 266
27
68 88
27 88
99 27
24 27
124 27
124 123
124 125
124 128
178 128
203 27
139 203
25 88
25 221
152 128
296 152
296 269
152 294
108 25
108 75
272 75
16 152
16 40
41 40
41 267
267 65
266 65
281 266
