3
32
72 183
72 71
72 11
172 11
109 11
109 79
218 79
25 11
25 221
25 99
198 25
25 36
24 109
24 145
24 74
157 109
157 181
54 74
54 289
145 137
147 137
147 228
147 4
4 86
152 4
152 294
14 152
14 268
4 13
15 13
267 15
267 307
37
183 60
60 127
172 127
57 127
145 57
128 127
109 128
24 57
198 24
24 99
24 221
24 36
178 128
178 74
108 109
218 108
108 79
178 278
278 147
155 128
155 181
147 228
152 128
152 294
57 4
4 86
14 127
14 268
72 60
72 71
172 126
84 126
84 289
295 294
295 41
41 267
267 307
40
72 183
72 128
172 128
23 128
23 99
198 23
23 79
23 36
23 78
218 78
109 78
130 79
130 74
23 69
32 69
32 147
32 228
153 69
145 153
177 74
296 177
296 294
296 269
269 268
126 128
85 126
85 289
25 128
25 221
72 3
157 3
157 181
72 71
32 4
4 86
14 177
14 13
15 13
293 15
307 293
