3
31
217 78
78 27
204 27
206 27
27 110
124 27
124 126
23 78
23 273
27 18
102 18
23 69
149 69
69 137
23 1
1 12
197 27
197 230
53 1
53 196
196 309
54 53
54 83
76 197
76 238
32 69
116 32
116 31
126 38
133 38
133 154
32
217 79
23 79
23 204
206 23
23 110
23 25
25 126
25 273
5 23
5 12
102 5
2 25
2 196
196 309
196 75
238 75
85 126
85 82
83 82
25 60
60 3
154 3
24 23
24 57
57 137
149 57
57 4
120 4
31 120
130 79
197 130
197 230
30
217 108
108 25
25 204
206 25
25 110
25 126
25 1
102 1
25 273
1 12
24 25
24 145
145 137
149 137
24 74
238 74
54 74
54 196
54 83
196 249
62 249
309 62
62 3
154 3
1 0
4 0
4 118
31 118
197 74
197 230
