3
20
208 23
5 23
23 110
23 69
142 69
152 69
296 152
5 51
54 51
54 302
54 242
208 25
108 25
291 108
25 60
60 58
16 152
16 40
43 40
41 40
23
24 208
24 110
24 57
57 142
24 25
5 25
24 74
177 74
296 177
24 19
19 8
8 58
84 8
302 84
84 242
296 294
295 294
295 41
24 109
108 109
291 108
41 40
43 40
25
208 27
27 110
27 18
5 18
5 0
3 0
3 58
11 0
223 11
296 223
8 0
85 8
302 85
85 242
11 69
142 69
296 46
46 45
42 45
41 42
42 40
43 40
78 27
108 78
291 108
