3
27
161 127
124 127
14 127
124 27
200 27
207 27
27 192
214 27
57 127
143 57
68 57
72 127
72 71
57 4
4 70
14 13
15 13
267 15
15 63
64 63
267 65
266 65
266 49
49 48
161 11
39 11
133 39
36
161 11
25 11
207 25
25 27
25 192
214 25
11 69
68 69
143 69
174 11
174 124
32 69
32 70
223 11
14 223
26 25
200 26
72 11
72 71
11 126
126 38
133 38
152 69
152 294
295 294
295 41
41 267
41 50
50 48
50 280
281 280
281 266
41 42
193 42
241 193
241 64
31
161 127
124 127
14 127
124 26
207 26
26 192
214 26
200 26
26 88
68 88
27 88
14 57
143 57
14 177
177 34
34 70
128 127
128 38
133 38
16 34
16 40
41 40
41 267
41 50
50 48
267 65
266 65
65 63
64 63
72 128
72 71
