3
28
152 44
152 69
69 67
23 69
23 239
213 23
23 78
78 77
32 69
32 308
152 128
72 128
185 72
128 38
132 38
155 128
155 181
152 75
196 75
298 196
196 283
196 243
196 299
44 40
41 40
41 50
50 48
49 48
35
44 45
16 45
16 34
270 34
308 270
177 34
177 74
54 74
54 283
54 299
54 243
54 298
24 74
213 24
24 25
25 239
25 60
185 60
24 57
68 57
68 67
24 109
157 109
157 181
109 79
79 77
130 74
130 38
132 38
42 45
41 42
41 267
267 65
266 65
266 49
33
152 44
152 4
32 4
32 308
32 197
26 197
213 26
76 197
76 84
84 283
299 84
84 243
298 84
26 78
78 77
26 25
25 239
152 69
69 67
25 60
185 60
60 3
157 3
157 181
84 126
126 38
132 38
4 13
15 13
15 63
65 63
266 65
266 49
