3
44
217 108
108 245
108 25
212 25
108 75
238 75
236 75
25 127
168 127
152 75
296 152
25 128
155 128
57 127
151 57
150 57
128 38
131 38
155 3
154 3
152 294
295 294
152 4
119 4
32 4
295 41
41 42
3 0
9 0
196 75
196 243
5 25
103 5
54 196
54 248
4 13
15 13
293 15
41 50
50 280
281 280
25 60
189 60
262 189
46
217 109
245 109
157 109
157 155
24 109
24 212
24 19
103 19
24 74
238 74
236 74
19 8
8 9
76 74
76 168
177 74
296 177
197 74
32 197
32 119
32 69
151 69
150 69
54 74
54 243
54 248
296 294
295 294
109 11
39 11
39 131
133 39
133 154
296 46
46 45
42 45
72 11
72 189
262 189
295 41
41 267
267 307
307 293
267 65
266 65
281 266
53
217 78
78 27
212 27
27 18
103 18
6 18
6 32
32 119
130 78
76 130
236 76
76 238
223 76
296 223
76 168
85 76
85 243
130 38
131 38
32 147
147 137
151 137
150 137
133 38
133 154
108 78
108 245
6 0
9 0
109 78
109 128
155 128
119 34
16 34
16 40
42 40
103 300
196 300
196 249
249 247
248 247
16 13
15 13
293 15
41 40
295 41
15 63
65 63
266 65
281 266
72 128
72 189
262 189
