3
23
112 18
27 18
199 27
124 27
209 27
23 27
124 128
152 128
152 278
152 259
152 44
296 152
278 147
279 147
152 4
116 4
4 0
9 0
3 0
154 3
18 21
21 51
52 51
26
26 18
26 199
124 26
209 26
26 23
112 18
23 69
152 69
32 69
116 32
152 278
152 259
152 44
296 152
6 18
6 8
8 9
32 147
279 147
18 1
53 1
52 53
124 126
126 38
133 38
133 154
28
5 18
5 23
23 199
209 23
5 0
9 0
5 25
170 25
124 170
23 128
178 128
178 278
178 259
152 128
305 178
305 296
16 152
16 40
44 40
16 34
116 34
5 51
52 51
112 18
3 0
154 3
147 34
279 147
