3
22
149 69
153 69
200 153
149 57
24 57
24 219
32 69
116 32
116 29
11 69
72 11
185 72
39 11
39 37
72 3
59 3
11 126
84 126
84 82
157 3
157 181
229 181
23
149 137
145 137
200 145
24 145
24 219
24 25
25 60
185 60
60 58
59 58
25 126
126 38
38 37
85 126
85 82
147 137
32 147
122 32
122 29
25 128
155 128
155 181
229 181
25
149 137
138 137
200 138
24 138
24 109
219 109
57 137
57 4
117 4
117 29
109 128
128 38
38 37
72 128
185 72
4 0
3 0
59 3
24 74
54 74
54 83
83 82
157 109
157 181
229 181
