3
33
161 11
11 163
223 11
11 194
11 128
155 128
223 76
76 197
11 69
140 69
153 69
287 153
23 128
23 97
23 22
23 203
5 23
5 51
5 17
155 3
154 3
32 197
32 255
23 78
78 77
116 32
116 33
125 11
125 240
296 223
296 294
295 294
295 41
40
161 127
163 127
25 127
25 22
25 203
25 1
1 17
5 25
5 97
57 127
57 140
26 25
26 197
145 57
145 153
287 145
57 4
255 4
159 127
194 159
120 4
120 33
25 21
21 51
14 127
14 223
125 127
125 240
23 25
23 79
79 77
128 127
155 128
128 38
133 38
133 154
152 4
152 44
44 40
41 40
37
161 11
11 163
89 11
89 203
223 11
203 27
197 27
27 22
27 18
18 17
200 27
200 287
200 153
18 21
97 21
11 194
21 51
139 203
139 137
140 137
109 11
157 109
157 155
78 27
78 77
157 3
154 3
269 223
269 34
255 34
34 28
33 28
16 34
16 40
41 40
125 11
125 240
