3
25
196 289
196 75
234 75
75 74
24 74
152 75
14 152
24 23
23 273
152 4
119 4
250 4
147 4
14 127
159 127
72 127
186 72
23 1
96 1
90 1
18 1
111 18
225 75
225 39
134 39
28
196 289
2 196
2 25
24 25
25 273
25 60
72 60
186 60
24 57
14 57
2 21
96 21
90 21
57 137
147 137
250 147
57 139
139 159
32 147
32 119
54 196
54 74
234 74
18 21
111 18
25 126
126 38
134 38
29
298 196
298 84
84 289
76 84
234 76
223 76
14 223
223 11
72 11
14 278
278 147
109 11
24 109
11 194
194 159
147 34
119 34
250 34
186 72
24 19
90 19
5 19
5 96
25 11
25 273
39 11
134 39
90 18
111 18
