3
19
124 166
124 27
23 27
23 79
218 79
219 79
24 27
24 19
24 74
234 74
54 74
54 243
24 57
57 4
4 182
147 4
166 127
168 127
306 168
23
166 128
109 128
109 79
219 109
25 128
25 27
109 78
218 78
5 25
5 19
152 128
152 75
234 75
152 278
278 147
196 75
196 243
147 34
34 182
166 126
222 126
303 222
303 306
24
166 11
109 11
109 79
108 109
218 108
108 219
108 78
78 27
25 11
25 21
19 21
223 11
223 76
234 76
85 76
85 243
76 168
306 168
11 69
69 137
147 137
11 0
4 0
4 182
