3
33
57 56
68 57
14 57
57 142
14 277
57 127
89 127
89 203
24 57
24 210
24 284
72 127
72 3
156 3
155 3
155 181
203 27
197 27
62 3
310 62
14 223
223 276
78 27
218 78
309 62
196 309
108 78
291 108
14 152
152 294
57 137
147 137
279 147
35
57 56
68 57
14 57
68 88
89 88
14 277
14 178
178 276
27 88
210 27
25 88
284 25
25 203
25 60
60 3
108 25
218 108
2 25
2 196
157 3
157 181
157 155
156 3
26 88
26 197
57 142
291 108
14 177
296 177
296 294
196 309
310 309
57 4
147 4
279 147
35
57 56
57 69
68 69
142 69
23 69
210 23
23 203
152 69
152 277
23 79
218 79
14 152
23 128
155 128
89 128
155 3
155 181
152 75
196 75
152 294
32 69
32 197
178 277
178 276
261 196
261 260
156 260
24 23
24 284
62 3
310 62
32 147
279 147
108 79
291 108
