3
79
72 71
72 189
72 11
223 11
171 11
109 11
223 76
215 109
217 109
76 197
76 257
234 76
26 197
34 257
232 76
26 36
26 88
34 47
117 34
254 34
76 75
117 29
26 99
26 22
255 34
25 11
11 123
25 273
25 1
124 171
103 1
26 191
245 109
101 25
11 126
172 11
11 69
144 69
11 0
8 0
53 1
52 53
54 53
261 54
16 34
16 45
42 45
193 42
2 25
2 313
72 60
184 60
72 127
159 127
16 13
15 13
126 38
132 38
125 11
125 240
19 1
274 19
85 76
85 82
257 4
115 4
14 223
14 259
200 26
286 200
147 34
279 147
200 138
138 175
41 42
41 50
50 280
50 48
49 48
84
72 71
72 128
124 128
171 128
109 128
124 26
25 128
128 123
25 36
25 88
25 99
25 22
126 128
25 191
172 128
72 189
23 128
23 273
23 1
101 1
84 126
76 84
54 84
84 8
84 82
234 76
234 75
232 75
76 257
54 51
52 51
26 113
115 113
32 257
254 32
32 197
32 117
32 255
116 32
116 29
116 34
217 109
34 47
261 54
215 109
26 18
103 18
152 128
152 259
245 109
178 128
223 178
152 46
46 45
42 45
193 42
101 19
274 19
2 8
2 313
128 127
159 127
57 127
144 57
145 57
145 175
286 145
25 60
184 60
125 128
125 240
128 38
132 38
32 147
279 147
32 4
4 13
15 13
267 15
267 65
266 65
266 49
281 266
281 280
88
72 71
72 127
124 127
171 127
25 127
127 123
26 25
172 127
124 126
89 127
89 88
60 127
189 60
24 25
24 109
24 36
24 99
24 22
24 191
168 127
76 168
24 74
232 74
54 74
197 74
234 74
75 74
223 76
177 74
177 34
177 259
54 83
83 82
254 34
120 34
120 29
250 34
115 250
54 196
261 196
34 257
117 34
85 126
85 8
25 1
108 25
217 108
108 245
215 108
5 25
103 5
101 5
25 273
255 34
24 138
286 138
138 175
138 137
144 137
139 137
139 159
53 196
52 53
152 75
152 44
44 45
44 40
42 40
34 47
184 60
41 40
41 267
267 15
193 42
41 50
50 280
50 48
49 48
2 196
2 313
24 19
274 19
250 147
279 147
125 127
125 240
126 38
132 38
