3
21
308 270
32 308
122 32
6 32
6 21
104 21
102 21
6 0
9 0
3 0
155 3
62 3
62 249
32 257
76 257
232 76
32 4
4 13
15 13
293 15
15 63
24
270 34
34 28
30 28
122 30
177 34
177 74
232 74
178 177
178 128
155 128
24 74
24 19
102 19
104 19
19 8
8 9
75 74
196 75
196 249
16 34
16 13
15 13
293 15
15 63
26
270 34
116 34
116 33
122 33
116 4
4 0
1 0
104 1
102 1
9 0
152 4
152 75
232 75
152 128
155 128
2 0
2 196
196 249
152 294
295 294
295 41
41 267
267 307
307 293
267 65
65 63
