3
49
177 277
177 179
296 177
296 269
177 74
130 74
237 74
74 73
54 74
54 248
54 292
54 283
261 54
24 74
198 24
24 191
24 209
24 88
24 208
68 88
24 138
138 137
146 137
140 137
141 137
130 38
131 38
24 113
115 113
24 19
90 19
128 38
169 128
174 128
172 128
177 34
121 34
10 54
10 0
253 34
282 253
24 25
25 60
184 60
296 46
46 45
42 45
193 42
241 193
53
177 277
14 277
14 179
152 277
296 152
14 223
269 223
14 57
141 57
57 137
68 57
146 57
57 140
223 76
76 130
76 237
76 73
152 4
121 4
4 0
115 4
85 76
85 283
85 292
68 88
1 0
90 1
14 127
169 127
174 127
172 127
26 88
198 26
26 191
209 26
208 26
196 283
261 196
54 85
54 248
60 127
184 60
223 11
39 11
39 131
253 4
282 253
14 13
15 13
15 63
64 63
241 64
241 193
58
178 277
178 177
178 179
305 178
305 269
305 296
178 128
23 128
209 23
23 191
23 88
198 23
208 23
23 69
68 69
69 137
146 69
140 69
141 69
32 69
32 121
169 128
23 78
130 78
174 128
172 128
11 128
11 0
178 74
74 73
237 74
25 128
25 21
90 21
126 128
84 126
84 292
84 283
126 38
131 38
54 84
261 54
178 4
115 4
3 0
62 3
62 247
248 247
32 253
282 253
60 3
184 60
152 177
16 152
16 40
42 40
193 42
241 193
