3
22
220 128
152 128
152 179
152 259
109 128
219 109
152 4
4 118
250 4
155 128
155 181
152 69
144 69
155 3
156 3
32 4
32 197
126 128
222 126
303 222
85 126
302 85
25
220 128
178 128
178 179
178 259
178 74
197 74
24 74
24 219
54 74
54 302
24 57
144 57
261 54
261 260
156 260
178 4
250 4
4 118
24 109
157 109
157 181
128 127
168 127
306 168
303 306
28
220 128
25 128
108 25
108 219
26 25
26 197
25 127
14 127
14 179
14 259
25 113
115 113
115 250
250 34
34 118
25 126
84 126
302 84
57 127
144 57
197 225
222 225
303 222
155 128
155 181
72 128
72 3
156 3
