3
27
241 193
193 42
42 45
44 45
152 44
312 152
152 75
75 73
152 4
4 182
152 128
128 38
108 75
215 108
128 127
160 127
23 128
23 97
23 1
93 1
155 128
155 181
181 180
41 42
41 50
50 280
281 280
30
241 64
64 63
65 63
266 65
281 266
267 65
41 267
41 40
44 40
16 40
16 34
34 182
16 152
312 152
152 75
75 73
152 69
11 69
11 160
109 11
215 109
39 11
39 38
23 69
23 97
5 23
93 5
157 109
157 181
181 180
33
241 193
193 42
42 40
44 40
152 44
296 152
312 296
152 177
177 74
74 73
75 74
130 74
130 38
130 79
215 79
177 34
34 182
24 74
24 19
93 19
5 19
5 97
14 152
14 127
160 127
41 42
41 50
50 280
281 280
109 79
157 109
157 181
181 180
