3
34
143 57
57 56
14 57
14 13
24 57
24 209
24 26
24 221
26 18
24 25
101 18
95 18
25 128
14 223
223 275
57 4
250 4
119 4
117 4
24 109
157 109
253 4
282 253
24 74
232 74
74 87
75 74
250 34
34 47
54 74
54 302
54 51
143 69
69 67
39
143 137
147 137
250 147
32 147
32 119
32 117
32 197
26 197
209 26
26 25
101 25
25 221
76 197
232 76
76 87
76 75
85 76
302 85
5 25
5 95
5 18
5 51
124 26
124 128
147 4
4 13
178 128
178 275
14 178
155 128
157 155
69 137
69 67
57 137
57 56
147 34
34 47
32 253
282 253
39
143 69
23 69
209 23
26 23
23 128
23 25
23 27
27 18
152 69
152 75
14 152
232 75
75 87
23 1
95 1
101 1
16 152
16 13
25 21
21 51
16 34
117 34
119 34
250 34
25 221
196 75
302 196
68 69
68 67
109 128
157 109
11 69
223 11
223 275
34 47
253 34
282 253
57 69
57 56
