3
25
102 21
94 21
25 21
25 191
25 60
188 60
25 203
139 203
139 69
139 137
148 137
32 69
32 28
32 253
282 253
108 25
108 75
75 73
152 69
152 294
295 294
295 41
41 50
50 48
49 48
28
102 20
94 20
102 1
23 1
23 191
23 69
139 69
69 137
148 137
1 0
4 0
4 28
23 128
72 128
72 188
253 4
282 253
24 23
24 74
74 73
152 4
152 44
44 40
41 40
41 267
267 65
266 65
266 49
27
102 19
94 19
24 19
24 191
24 57
57 139
57 69
57 4
4 28
257 4
76 257
76 73
57 127
60 127
188 60
4 13
15 13
267 15
41 267
57 137
148 137
15 63
65 63
266 65
266 49
253 4
282 253
