3
172
178 275
276 275
305 178
178 128
14 178
305 152
72 128
128 123
170 128
152 294
72 190
171 128
312 152
72 3
72 183
165 128
62 3
152 69
59 3
62 249
11 128
69 67
196 249
11 194
141 69
196 300
196 301
196 285
194 159
103 300
140 69
146 69
103 18
103 19
196 231
6 18
18 17
90 18
100 18
274 19
196 289
26 18
149 69
300 84
32 69
92 18
26 199
26 204
214 26
198 26
26 113
32 117
254 32
209 26
26 203
31 117
252 32
196 243
19 8
26 191
84 242
26 192
32 147
32 227
32 119
279 147
72 189
157 3
213 26
261 196
111 18
150 69
288 157
261 260
117 29
117 33
109 128
310 62
295 294
246 109
109 107
245 109
217 109
108 109
219 109
81 109
291 108
81 80
178 176
178 259
155 128
212 26
32 255
109 79
172 128
79 77
117 34
146 287
178 179
151 69
34 182
3 0
258 32
186 72
152 75
208 26
207 26
103 5
26 210
32 70
26 201
7 0
75 87
5 12
225 75
5 97
238 75
234 75
233 75
232 75
287 145
8 9
286 145
105 18
106 18
178 297
152 44
3 58
44 40
61 3
43 40
178 177
125 128
305 269
263 125
125 240
263 168
295 41
41 50
41 267
314 41
267 307
267 65
267 15
307 293
266 65
65 63
266 49
66 63
50 280
50 48
14 57
57 56
128 38
135 38
136 38
38 37
132 38
32 228
271 228
305 222
303 222
64 63
241 64
241 193
157 181
229 181
181 180
32 253
282 253
62 247
248 247
188
178 275
178 276
223 275
305 223
223 11
14 223
72 11
11 123
170 11
171 11
109 11
11 69
14 152
157 109
152 128
269 223
172 11
14 176
14 259
157 155
269 34
288 155
255 34
254 34
14 179
155 3
147 34
252 34
34 70
165 11
11 0
125 11
6 0
14 297
9 0
8 0
14 177
5 0
258 34
5 18
5 17
5 19
92 5
90 19
19 100
8 58
106 5
62 58
105 5
59 58
6 32
61 58
84 8
119 34
301 84
84 285
31 119
119 29
84 243
119 33
84 289
16 152
16 40
1 0
1 12
103 1
54 6
54 248
54 242
54 300
54 196
54 231
261 54
196 75
108 75
217 108
108 219
108 245
108 107
108 79
81 108
25 11
25 191
25 192
25 199
214 25
25 204
25 113
26 25
25 203
198 25
212 25
25 201
208 25
213 25
210 25
207 25
209 25
11 127
159 127
168 127
246 109
125 240
291 108
69 67
250 34
271 250
310 62
23 69
23 97
39 11
135 39
136 39
39 37
225 39
153 69
287 153
145 153
286 153
7 0
14 13
15 13
293 15
15 63
43 40
267 15
307 293
178 4
4 182
117 4
141 69
111 18
178 74
233 74
234 74
232 74
74 87
238 74
42 40
193 42
149 69
66 63
279 147
241 193
72 190
156 3
156 260
72 183
152 44
296 223
312 296
296 294
263 125
11 194
186 72
146 69
295 294
72 189
140 69
65 63
150 69
266 65
81 80
281 266
281 280
151 69
62 249
274 19
109 78
78 77
50 280
306 168
303 306
50 48
49 48
228 34
228 227
41 40
314 41
155 181
229 181
181 180
39 38
132 38
57 69
57 56
253 34
282 253
194
276 275
178 276
178 277
152 277
14 277
177 277
152 176
152 259
152 179
177 34
152 297
178 128
152 294
14 127
127 123
165 127
72 127
170 127
171 127
125 127
172 127
34 182
60 127
190 60
183 60
189 60
60 3
60 58
186 60
159 127
23 128
23 204
23 192
23 199
214 23
23 113
23 203
23 191
213 23
198 23
212 23
23 79
208 23
217 79
219 79
210 23
81 79
79 107
5 23
207 23
26 23
209 23
23 1
1 17
106 1
18 1
92 1
90 1
105 1
19 1
100 1
5 21
6 21
97 21
103 21
6 8
53 1
53 196
57 127
141 57
146 57
145 57
57 140
149 57
150 57
151 57
152 4
254 4
255 4
119 4
4 0
252 4
4 70
32 4
147 4
258 4
109 128
68 57
68 67
68 69
312 152
245 109
103 300
116 34
116 31
116 33
116 29
194 159
85 8
85 301
85 242
85 243
85 285
85 289
85 76
234 76
76 75
76 168
76 87
76 84
233 76
76 238
76 225
232 76
200 26
286 200
200 287
305 178
32 227
62 3
196 231
11 128
117 34
23 27
201 27
5 12
25 128
108 25
196 309
310 309
59 3
61 59
263 168
8 9
10 6
10 7
261 196
196 249
261 260
79 77
296 152
296 269
155 128
157 3
288 155
54 53
54 248
16 34
16 40
16 45
44 45
4 13
15 13
293 15
15 63
42 45
193 42
250 4
271 250
41 42
295 41
41 267
41 50
267 307
267 65
168 222
303 222
246 109
279 147
274 19
128 38
136 38
135 38
38 37
81 80
50 280
125 240
66 63
132 38
291 108
266 65
266 49
49 48
43 40
314 41
64 63
241 64
57 56
111 18
253 4
282 253
155 181
229 181
181 180
