3
30
41 40
44 40
152 44
152 259
152 176
152 69
69 67
140 69
23 69
23 192
198 23
23 1
1 17
101 1
23 78
215 78
178 259
178 276
53 1
54 53
54 264
152 278
278 147
279 147
32 69
32 197
197 230
1 0
3 0
156 3
34
295 41
295 294
152 294
152 259
152 176
152 128
25 128
25 192
101 25
198 25
109 128
215 109
5 25
5 17
25 88
68 88
68 67
68 57
57 140
126 128
85 126
85 264
296 294
296 223
223 276
155 128
155 3
156 3
152 4
147 4
279 147
26 25
26 197
197 230
33
41 267
267 15
15 13
14 13
14 259
14 176
14 57
24 57
24 192
198 24
24 219
215 219
24 19
19 17
101 19
57 140
57 69
69 67
19 8
84 8
84 264
14 223
223 276
54 84
261 54
261 260
156 260
24 27
197 27
197 230
57 137
147 137
279 147
