3
180
163 127
172 127
14 127
165 127
25 127
125 127
172 126
168 127
14 178
25 27
101 25
14 268
214 25
25 99
25 203
200 27
127 129
27 18
14 176
200 145
286 200
100 18
25 21
6 18
95 18
145 137
18 17
6 0
151 137
143 137
9 0
14 278
108 25
304 168
102 18
217 108
7 0
3 0
103 18
142 137
154 3
10 6
178 4
156 3
149 137
291 108
59 3
133 154
121 4
4 86
257 4
251 4
4 70
31 121
121 30
228 257
269 268
108 107
228 227
61 3
54 6
296 269
120 4
116 4
54 243
147 137
54 265
54 302
215 108
54 285
261 54
156 260
54 299
54 195
254 4
54 292
271 228
54 242
311 296
126 38
222 126
250 4
130 38
134 38
222 225
136 38
222 224
119 4
178 74
115 4
104 18
233 74
236 74
74 87
238 74
171 127
60 127
14 277
187 60
190 60
25 1
150 137
78 27
25 239
25 88
25 22
25 113
211 25
140 137
144 137
3 58
18 91
98 21
188 60
68 88
306 168
68 67
178 276
26 25
117 4
14 259
101 20
53 21
159 127
52 53
194 159
162 127
23 25
2 25
57 127
25 191
57 56
25 273
2 313
62 3
310 62
309 62
62 249
62 247
133 39
226 39
85 126
85 82
128 127
220 128
6 8
244 8
101 19
274 19
6 32
32 308
108 75
272 75
121 34
34 47
72 127
72 71
81 108
81 80
16 34
16 40
41 40
42 40
43 40
314 41
41 267
267 15
15 63
189 60
262 189
253 4
282 253
41 50
50 280
281 280
50 48
49 48
157 3
157 181
229 181
187
11 163
11 194
172 11
11 126
11 0
165 11
25 11
125 11
11 127
11 129
171 11
25 60
162 11
60 3
2 0
60 58
2 21
61 58
103 21
99 21
101 21
21 17
6 21
99 27
18 21
100 21
214 27
203 27
104 21
102 21
4 0
91 21
26 99
20 21
200 26
147 4
95 21
147 228
278 147
250 147
178 278
271 250
115 250
178 176
10 0
178 259
178 277
10 54
59 58
54 74
211 27
54 53
27 113
10 7
23 99
27 22
23 273
27 88
1 0
26 78
23 239
215 78
217 78
108 78
78 107
98 1
27 191
130 74
57 4
225 130
145 57
57 137
151 57
143 57
286 145
57 142
150 57
14 57
149 57
57 140
144 57
68 57
2 196
196 249
196 243
196 265
196 195
196 309
196 299
196 285
249 247
310 309
196 292
302 196
261 196
261 260
72 11
72 187
72 190
72 188
39 11
224 39
39 38
134 39
136 39
133 38
4 13
15 13
226 39
72 71
263 125
263 168
263 222
304 222
117 4
31 117
116 31
31 119
116 30
31 120
154 3
306 168
84 126
84 82
84 242
223 11
296 223
223 276
269 223
21 51
52 51
194 159
238 74
152 4
311 152
257 4
254 4
152 44
44 40
233 74
74 87
41 40
41 42
2 313
57 56
14 268
4 70
251 4
32 4
32 227
32 121
15 63
314 41
9 0
11 69
69 67
4 86
267 15
32 308
236 74
43 40
291 108
156 3
11 128
220 128
65 63
266 65
266 49
281 266
281 280
147 34
34 47
72 189
262 189
81 78
81 80
32 253
282 253
8 0
244 8
19 21
274 19
75 74
272 75
155 3
155 181
229 181
195
163 127
172 127
172 125
125 126
125 129
165 126
25 126
171 126
162 126
89 127
89 203
89 88
23 203
26 203
23 27
214 23
26 18
23 191
101 18
23 78
20 18
130 78
103 20
20 17
100 20
95 20
104 20
102 20
211 23
23 113
23 22
115 113
23 1
53 1
1 21
76 130
76 257
233 76
236 76
76 225
76 168
76 74
76 224
168 222
76 87
76 238
32 257
116 32
251 32
32 228
254 32
32 119
250 228
119 30
32 117
32 147
120 32
32 70
53 85
85 195
85 243
85 299
85 285
85 265
85 242
54 85
85 292
302 85
85 8
8 58
2 8
8 9
10 2
23 69
151 69
149 69
142 69
150 69
69 137
143 69
144 69
68 69
140 69
57 69
25 273
153 69
286 153
145 153
200 153
61 58
61 59
177 74
177 176
178 177
177 278
296 177
14 177
177 259
177 277
23 79
217 79
215 79
108 79
79 107
34 257
269 34
271 228
54 248
248 247
269 268
69 67
60 127
172 128
128 38
25 239
115 4
52 53
304 168
187 60
190 60
18 91
303 222
303 306
188 60
134 38
136 38
6 18
5 25
5 0
5 98
85 82
25 99
32 227
270 34
308 270
133 38
311 296
133 154
3 58
261 54
10 7
261 260
249 247
156 260
178 276
32 118
31 118
159 127
32 121
14 13
15 13
62 58
310 62
309 62
16 13
16 40
16 45
42 45
41 42
41 267
89 11
11 194
267 65
65 63
2 313
291 108
220 128
41 50
50 280
57 56
266 65
281 266
266 49
244 8
34 47
43 40
314 41
4 86
225 39
226 39
76 75
272 75
81 79
81 80
72 60
72 71
19 20
274 19
253 34
282 253
189 60
262 189
155 128
155 181
229 181
