3
161
76 168
304 168
76 197
76 225
76 84
223 76
225 39
84 292
301 84
135 39
39 131
39 37
26 197
84 82
84 285
26 36
26 110
198 26
26 201
124 26
84 283
84 126
124 89
174 124
223 276
213 26
26 22
124 129
26 18
223 178
104 18
6 18
20 18
100 18
103 18
178 278
178 177
93 18
178 277
178 4
152 278
178 179
6 0
117 4
121 4
311 152
258 4
120 4
7 0
117 33
4 13
4 70
117 29
16 152
152 69
152 46
10 6
150 69
149 69
146 69
143 69
115 4
4 182
139 69
254 4
177 34
4 118
153 69
34 47
312 152
145 153
270 34
145 175
306 168
85 76
303 306
76 237
84 8
253 4
76 130
124 164
200 26
244 8
26 205
26 113
76 74
84 264
124 166
124 125
8 58
57 4
114 113
125 240
57 56
59 58
269 223
4 86
105 18
296 223
104 19
208 26
232 76
236 76
234 76
54 84
76 224
26 191
76 257
261 54
261 260
62 58
310 62
62 249
62 247
26 25
25 273
25 221
284 25
18 1
96 1
98 1
76 75
272 75
168 127
160 127
161 127
163 127
15 13
293 15
307 293
15 63
66 63
39 38
132 38
108 25
108 245
108 107
215 108
197 27
202 27
53 85
52 53
53 55
60 58
189 60
187 60
26 23
23 97
278 147
279 147
2 0
2 313
124 128
155 128
155 181
181 180
16 40
41 40
314 41
41 50
50 280
167
168 222
303 222
304 222
222 225
222 126
197 225
89 126
174 126
124 126
222 224
85 126
224 39
85 292
85 301
85 82
85 285
85 283
166 126
125 126
85 8
225 130
8 0
197 74
4 0
10 0
177 74
19 8
177 277
234 74
177 179
19 20
93 19
103 19
104 20
237 74
10 7
105 19
257 4
177 278
296 177
19 100
312 296
34 257
311 296
34 118
117 34
121 34
258 34
34 70
118 33
121 29
34 182
296 269
296 46
253 34
120 34
16 34
85 264
16 13
54 85
6 8
178 74
236 74
232 74
126 129
178 276
164 126
254 34
152 4
270 34
25 126
25 201
25 110
25 22
198 25
25 36
25 113
213 25
114 25
115 113
25 191
208 25
25 205
126 38
131 38
135 38
38 37
54 51
52 51
55 51
24 74
24 221
24 145
24 26
200 145
24 57
24 284
149 57
146 57
143 57
57 69
57 139
200 153
150 57
5 0
5 97
5 96
5 98
5 18
24 109
245 109
109 107
215 109
196 292
261 196
196 249
249 247
196 309
310 309
261 260
84 126
11 126
161 11
11 160
223 11
11 163
57 56
3 0
59 3
3 58
155 3
25 273
72 11
72 189
72 187
244 8
34 47
125 240
306 168
132 38
24 138
138 175
76 168
4 86
225 75
272 75
2 8
2 313
147 4
279 147
124 27
202 27
157 109
157 181
181 180
15 13
293 15
267 15
267 307
41 267
314 41
267 65
266 65
281 266
281 280
65 63
66 63
176
304 168
263 168
263 125
125 129
174 125
125 127
89 127
166 127
124 127
57 127
164 127
145 57
14 127
14 13
14 278
14 223
14 277
14 177
14 179
14 178
14 152
296 152
146 57
138 57
138 153
200 138
57 4
159 127
139 159
200 27
205 27
27 110
27 191
198 27
27 36
201 27
27 22
213 27
27 18
27 113
208 27
116 4
116 33
116 29
121 33
116 34
120 33
269 34
78 27
215 78
78 107
26 78
130 78
197 130
130 74
54 74
54 292
54 285
54 6
54 301
10 54
54 283
54 264
125 11
11 69
39 11
11 0
258 4
18 21
97 21
100 21
20 21
93 21
103 21
104 21
105 21
19 21
96 21
98 21
39 37
135 39
39 131
225 130
254 4
54 83
83 82
115 4
261 54
145 175
4 182
149 57
223 276
163 127
224 39
312 152
152 75
232 75
75 237
236 75
234 75
16 13
24 27
114 24
257 4
150 57
24 221
24 284
4 118
117 4
125 126
143 57
223 76
6 8
10 7
8 58
152 46
59 58
54 84
253 4
311 152
23 27
23 273
54 85
54 248
248 247
160 127
249 247
4 70
161 127
72 127
72 187
72 189
54 53
52 53
53 55
72 3
156 3
156 260
155 3
108 78
108 245
263 222
303 222
303 306
62 3
310 62
32 4
32 308
308 270
57 56
4 86
272 75
125 240
34 47
202 27
244 8
130 38
132 38
10 2
2 313
147 34
279 147
155 181
181 180
152 294
295 294
295 41
41 267
267 307
307 293
41 50
50 280
314 41
267 65
65 63
66 63
