3
46
148 137
147 137
143 137
142 137
145 137
147 4
115 4
4 118
118 33
31 118
24 145
24 211
24 192
152 4
152 44
312 152
152 128
125 128
166 128
125 240
126 128
32 147
32 227
24 74
232 74
85 126
85 285
85 283
72 128
72 183
54 74
54 51
250 147
271 250
152 75
272 75
128 38
38 37
4 0
9 0
44 40
41 40
314 41
42 40
193 42
241 193
51
148 137
147 137
143 137
142 137
145 137
147 34
34 118
147 228
271 228
228 227
250 34
115 250
116 34
116 31
116 33
16 34
16 45
44 45
69 137
23 69
211 23
23 192
11 69
11 126
166 11
125 11
84 126
84 285
84 283
125 240
84 8
8 9
39 11
39 37
5 23
5 51
76 84
232 76
23 25
25 60
183 60
177 34
296 177
312 296
76 75
272 75
42 45
41 42
314 41
193 42
241 193
52
148 137
57 137
143 57
57 142
145 57
57 127
166 127
125 127
166 126
25 127
211 25
25 192
25 113
115 113
25 21
21 51
2 25
2 196
196 283
196 285
196 75
232 75
57 4
120 4
120 33
31 120
147 4
4 118
32 4
32 227
2 0
9 0
126 38
38 37
250 4
271 250
72 127
72 183
272 75
125 240
57 69
152 69
312 152
152 44
4 13
15 13
15 63
64 63
241 64
267 15
41 267
314 41
