3
52
24 206
24 211
206 25
101 25
24 19
19 95
24 138
287 138
25 11
158 11
11 123
11 163
174 11
169 11
25 127
159 127
223 11
223 275
24 74
236 74
101 18
111 18
39 11
134 39
39 37
197 74
197 230
54 74
54 231
54 289
32 197
32 308
32 28
32 117
125 11
263 125
14 127
14 278
108 25
218 108
296 223
296 46
46 45
42 45
193 42
41 42
314 41
41 267
41 50
50 280
50 48
49 48
57
206 27
211 27
124 27
124 123
124 158
174 124
124 169
124 127
163 127
27 18
95 18
200 27
200 287
159 127
111 18
78 27
218 78
101 18
168 127
263 168
76 168
236 76
85 76
85 289
196 289
196 231
124 128
128 38
38 37
134 38
152 128
152 278
178 128
178 275
16 152
16 45
152 4
4 28
117 4
197 27
197 230
16 34
270 34
308 270
16 13
15 13
267 15
267 65
266 65
266 49
281 266
281 280
16 40
41 40
314 41
42 40
193 42
59
206 26
211 26
206 23
23 128
128 123
158 128
174 128
169 128
23 1
95 1
101 1
23 79
218 79
26 203
139 203
139 159
126 128
84 126
84 289
222 126
263 222
200 26
200 287
126 38
38 37
134 38
108 79
108 75
236 75
54 84
54 231
128 127
163 127
178 128
178 278
178 275
152 75
152 44
44 45
178 4
4 28
117 4
32 4
32 308
152 294
295 294
295 41
41 267
41 50
50 280
314 41
50 48
49 48
26 18
111 18
26 197
197 230
42 45
193 42
