3
21
171 127
160 127
25 127
25 21
2 25
2 8
168 127
306 168
168 222
222 225
57 127
145 57
145 175
57 137
147 137
72 127
72 3
154 3
57 4
120 4
120 30
22
171 11
11 160
11 0
2 0
8 0
2 21
39 11
225 39
4 0
147 4
133 39
133 154
116 4
116 30
171 126
222 126
303 222
303 306
11 69
57 69
138 57
138 175
25
171 128
25 128
25 21
2 25
19 21
19 8
152 128
152 75
225 75
152 278
278 147
152 4
119 4
119 30
128 127
160 127
128 38
133 38
133 154
76 75
76 168
306 168
24 25
24 138
138 175
