3
30
27 113
99 27
197 27
32 197
78 27
217 78
76 197
85 76
76 84
85 292
76 238
124 27
124 166
124 127
163 127
54 85
54 248
248 247
197 225
225 39
39 131
32 4
4 13
15 13
15 63
64 63
241 64
267 15
41 267
41 50
28
24 113
24 99
24 109
217 109
24 74
238 74
109 11
11 163
166 11
11 126
85 126
84 126
84 292
126 38
131 38
11 69
32 69
196 292
196 249
249 247
152 69
152 46
46 45
42 45
193 42
241 193
41 42
41 50
32
26 113
26 99
23 113
23 79
217 79
23 128
166 128
108 79
108 75
238 75
128 38
131 38
128 127
163 127
196 75
196 292
298 196
298 84
298 85
196 309
309 62
62 247
26 197
32 197
152 128
16 152
16 40
41 40
41 50
42 40
193 42
241 193
