3
20
152 46
152 4
121 4
152 75
232 75
152 128
109 128
170 128
128 127
163 127
57 4
145 57
146 57
57 137
148 137
155 128
288 155
4 0
1 0
102 1
23
296 46
296 177
177 74
232 74
178 177
178 4
177 34
121 34
24 74
24 109
24 145
24 25
170 25
157 109
288 157
109 11
11 163
287 145
146 287
24 19
102 19
145 137
148 137
21
152 46
152 4
152 69
146 69
121 4
11 69
170 11
153 69
145 153
11 163
109 11
257 4
76 257
232 76
23 69
5 23
102 5
157 109
288 157
69 137
148 137
