3
22
216 78
26 78
26 99
26 197
26 205
209 26
26 18
18 91
95 18
32 197
120 32
120 33
26 88
68 88
24 26
114 24
26 25
25 60
183 60
120 34
16 34
16 45
24
216 203
203 27
99 27
197 27
205 27
209 27
99 21
95 21
91 21
25 203
114 25
23 203
23 69
68 69
25 11
72 11
72 183
32 69
116 32
116 33
120 32
152 69
152 46
46 45
26
216 79
23 79
23 99
209 23
23 205
23 1
95 1
130 79
197 130
23 113
114 113
23 88
68 88
1 21
91 21
1 0
4 0
120 4
119 4
119 33
152 4
152 44
44 45
23 128
72 128
72 183
