3
29
181 180
157 181
157 109
217 109
24 109
24 192
24 25
109 11
172 11
165 11
24 27
27 18
24 19
274 19
25 60
190 60
109 128
152 128
152 277
152 259
152 46
46 45
152 4
4 86
116 4
116 31
25 1
53 1
52 53
28
181 180
155 181
155 128
25 128
172 128
25 192
165 128
108 25
217 108
178 128
178 259
178 277
72 128
72 190
26 25
26 18
5 25
5 51
52 51
178 4
120 4
31 120
4 86
5 19
274 19
4 13
16 13
16 45
32
181 180
155 181
155 128
23 128
23 192
23 25
172 128
23 78
217 78
165 128
23 1
18 1
128 127
14 127
14 277
14 259
72 127
72 190
14 152
152 44
44 45
23 69
32 69
32 118
31 118
25 21
21 51
52 51
32 4
4 86
19 1
274 19
