3
24
81 80
81 108
108 75
234 75
75 237
108 25
25 110
210 25
25 192
208 25
152 75
311 152
152 4
251 4
196 75
196 309
310 309
75 74
197 74
197 230
152 294
295 294
295 41
314 41
28
81 80
81 78
78 27
27 110
210 27
27 192
208 27
197 27
32 197
251 32
76 197
234 76
76 237
76 75
197 230
223 76
296 223
311 296
81 109
157 109
157 3
62 3
310 62
251 34
16 34
16 40
41 40
314 41
28
81 80
81 79
23 79
23 110
210 23
23 192
208 23
108 79
108 75
234 75
75 237
23 69
32 69
251 32
152 69
311 152
23 25
25 60
60 58
62 58
310 62
130 79
197 130
197 230
152 44
44 40
41 40
314 41
