3
41
124 89
124 158
124 26
213 26
124 128
152 128
26 78
215 78
78 107
152 69
149 69
24 26
24 138
286 138
14 152
14 13
26 18
92 18
26 113
115 113
115 250
24 19
274 19
15 13
293 15
124 125
125 240
69 137
148 137
152 75
196 75
261 196
196 195
302 196
124 126
222 126
303 222
152 46
46 45
42 45
193 42
40
124 27
213 27
124 89
124 158
200 27
200 138
286 200
138 137
149 137
147 137
250 147
148 137
147 4
115 4
152 4
4 13
27 18
92 18
78 27
215 78
78 107
92 19
274 19
6 18
54 6
261 54
54 195
54 302
124 125
125 240
15 13
293 15
124 127
168 127
306 168
303 306
15 63
64 63
241 64
241 193
44
124 170
170 25
213 25
25 89
170 127
158 127
108 25
215 108
108 107
5 25
92 5
57 127
138 57
149 57
145 57
286 145
57 4
250 4
152 4
115 4
4 13
170 126
85 126
85 195
302 85
54 85
261 54
305 152
305 222
303 222
125 127
125 240
16 152
16 40
42 40
193 42
41 40
41 267
267 307
307 293
5 19
274 19
57 137
148 137
