3
29
5 96
5 12
5 51
96 1
90 1
20 1
5 0
4 0
96 21
99 21
11 0
174 11
158 11
174 124
57 4
57 140
152 4
152 294
116 4
116 34
152 75
236 75
196 75
196 309
295 294
295 41
41 50
50 280
281 280
32
5 96
5 23
23 99
5 51
23 27
124 27
124 158
23 128
174 128
23 69
140 69
178 128
178 4
5 12
178 177
177 34
104 5
104 20
90 20
296 177
296 294
178 74
236 74
54 51
54 196
196 309
4 13
15 13
267 15
267 65
266 65
281 266
35
96 1
1 12
5 1
1 21
21 51
90 21
20 21
25 1
25 99
25 126
174 126
158 126
124 126
85 126
85 76
236 76
76 257
34 257
257 4
147 34
147 137
140 137
25 128
152 128
152 294
1 0
3 0
62 3
309 62
16 34
16 40
41 40
41 50
50 280
281 280
