3
25
76 224
76 225
222 224
305 222
76 257
34 257
252 34
119 34
76 75
196 75
253 34
282 253
53 196
53 1
92 1
53 21
97 21
25 1
284 25
257 4
4 13
15 13
16 34
16 45
42 45
24
224 39
225 39
39 11
223 11
305 223
269 223
269 34
252 34
119 34
25 11
284 25
2 25
2 196
5 25
92 5
5 97
14 223
14 13
15 13
16 13
16 40
42 40
253 34
282 253
27
222 224
222 225
305 222
197 225
32 197
252 32
32 119
116 32
116 34
197 74
24 74
24 284
54 74
54 196
24 19
92 19
24 23
23 97
305 296
296 46
46 45
42 45
41 42
41 267
267 15
32 253
282 253
