3
41
228 227
250 228
228 34
254 34
147 228
278 147
152 278
312 152
250 4
4 0
2 0
1 0
92 1
20 1
19 1
2 25
25 204
2 196
196 265
108 25
217 108
108 107
108 109
246 109
108 79
79 77
25 60
185 60
54 196
54 83
147 137
146 137
146 287
25 127
168 127
306 168
16 34
16 40
41 40
41 50
50 280
41
32 227
254 32
32 147
250 147
147 34
278 147
6 32
10 6
10 2
6 18
92 18
20 18
92 19
54 6
54 265
27 18
204 27
54 83
78 27
78 107
217 78
78 77
200 27
200 287
177 34
296 177
312 296
109 78
246 109
109 11
72 11
185 72
305 296
305 222
303 222
303 306
296 294
295 294
295 41
41 50
50 280
42
228 227
250 228
250 34
254 34
177 34
177 278
177 74
24 74
24 204
24 19
19 20
92 20
19 8
2 8
24 109
217 109
109 107
84 8
84 265
24 138
287 138
84 82
83 82
109 79
79 77
152 177
312 152
76 74
76 168
306 168
246 109
8 58
60 58
185 60
254 4
4 13
15 13
267 15
267 65
266 65
281 266
281 280
