3
42
26 78
215 78
208 26
130 78
109 78
26 192
26 197
32 197
122 32
32 70
32 308
308 270
108 78
291 108
109 11
72 11
223 11
158 11
109 128
220 128
26 18
95 18
100 18
32 69
144 69
76 130
85 76
69 137
148 137
72 3
61 3
26 25
2 25
2 313
32 4
4 13
15 13
267 15
267 65
15 63
64 63
241 64
46
26 78
78 27
208 27
27 192
215 78
215 109
130 78
124 26
124 158
124 126
85 126
124 128
72 128
178 128
223 178
220 128
178 4
4 70
57 4
144 57
34 70
270 34
32 4
308 270
122 32
23 78
5 23
5 95
23 1
100 1
57 137
148 137
215 108
291 108
85 8
8 58
61 58
2 8
2 313
14 178
14 13
15 13
15 63
65 63
64 63
241 64
52
219 78
215 219
219 109
24 219
24 208
24 26
24 192
24 19
19 100
19 95
219 79
130 79
24 25
25 60
72 60
25 126
158 126
85 126
24 57
144 57
14 57
14 223
60 3
61 3
19 8
6 8
6 32
32 70
32 308
116 32
116 33
122 33
116 34
270 34
144 137
148 137
25 128
220 128
16 34
16 45
42 45
193 42
241 193
41 42
41 267
267 65
267 15
108 219
291 108
19 21
2 21
2 313
