3
22
54 300
54 265
103 300
103 18
27 18
198 27
124 27
124 166
54 6
6 32
32 117
32 147
279 147
32 69
143 69
32 4
4 13
15 13
15 63
65 63
266 65
266 49
22
85 300
85 265
85 126
166 126
25 126
198 25
26 25
26 18
166 127
57 127
143 57
57 4
117 4
147 4
279 147
152 4
152 294
295 294
295 41
41 50
50 48
49 48
25
196 300
196 265
53 196
53 1
18 1
23 1
198 23
23 128
166 128
23 69
143 69
1 0
4 0
117 4
69 137
147 137
279 147
152 128
16 152
16 40
41 40
41 267
267 65
266 65
266 49
