3
23
124 173
124 123
173 127
161 127
57 127
57 56
24 57
24 19
57 4
4 86
24 74
237 74
152 4
152 294
173 11
39 11
135 39
295 294
295 41
41 50
50 280
41 42
193 42
26
173 128
128 123
128 38
135 38
11 128
161 11
152 128
152 75
75 237
152 294
25 128
25 21
19 21
11 69
57 69
57 56
178 128
178 4
4 86
16 152
16 40
42 40
193 42
41 40
41 50
50 280
31
173 126
126 123
25 126
25 1
19 1
85 126
85 76
76 237
126 38
135 38
11 126
161 11
223 76
296 223
296 294
1 0
4 0
4 86
14 223
14 57
57 56
4 13
15 13
15 63
64 63
241 64
241 193
65 63
266 65
281 266
281 280
