3
24
178 4
223 178
178 179
269 223
178 74
178 128
128 123
54 74
54 265
109 128
246 109
57 4
151 57
115 4
115 113
4 13
15 13
293 15
16 13
16 45
4 0
1 0
93 1
95 1
27
152 4
152 179
305 152
305 269
305 223
152 46
46 45
223 11
11 123
152 75
75 74
152 69
151 69
196 75
196 265
25 11
25 113
5 25
5 95
93 5
109 11
246 109
42 45
41 42
41 267
267 307
307 293
27
116 4
116 34
269 34
177 34
177 179
177 74
269 223
24 74
24 113
24 19
19 95
93 19
76 74
76 84
84 265
84 126
126 123
16 34
16 45
147 4
147 137
151 137
24 109
246 109
4 13
15 13
293 15
