3
19
14 268
14 127
124 127
159 127
11 127
39 11
124 126
84 126
84 242
54 84
54 51
269 268
269 34
228 34
271 228
16 34
16 40
41 40
41 50
21
14 268
14 152
152 128
124 128
128 38
39 38
126 128
85 126
85 242
53 85
53 51
14 57
57 139
139 159
152 4
250 4
271 250
152 294
295 294
295 41
41 50
23
269 268
269 223
223 11
39 11
174 11
174 124
11 194
194 159
25 11
25 21
21 51
53 21
54 53
54 242
269 34
250 34
271 250
296 269
296 46
46 45
42 45
41 42
41 50
