3
64
61 3
157 3
72 3
72 128
72 71
162 128
128 123
173 128
165 128
25 128
284 25
25 273
114 25
25 99
25 192
128 38
131 38
39 38
5 25
93 5
102 5
5 98
5 18
94 5
100 18
62 3
62 249
62 247
126 128
84 126
84 8
84 289
76 84
233 76
76 257
76 238
32 257
254 32
251 32
257 4
4 182
32 69
141 69
153 69
223 76
269 223
269 268
138 153
138 175
72 11
11 163
60 3
184 60
152 128
152 297
16 152
16 40
42 40
41 40
314 41
295 41
157 109
81 109
81 80
69
61 58
8 58
60 58
72 60
19 8
93 19
102 19
94 19
19 100
93 18
60 127
127 123
128 127
162 127
163 127
173 127
165 127
57 127
141 57
14 127
14 268
14 297
85 8
85 289
11 127
39 11
39 131
57 4
251 4
254 4
32 4
184 60
257 4
72 71
155 128
157 155
24 19
24 99
24 192
114 24
24 284
24 74
233 74
238 74
19 1
98 1
145 57
145 153
145 175
196 289
196 249
249 247
84 8
23 128
23 273
4 182
269 268
14 152
152 44
44 40
152 294
295 294
44 45
42 45
41 42
314 41
23 78
81 78
81 80
73
61 3
157 3
3 0
8 0
72 3
11 0
162 11
11 128
11 123
173 11
165 11
39 11
1 0
93 1
102 1
18 1
94 1
100 1
11 163
1 21
99 21
98 21
178 128
178 297
39 131
305 178
305 269
23 1
23 192
269 34
254 34
34 257
251 34
34 182
23 113
114 113
6 0
6 32
23 273
54 6
54 289
54 84
54 248
248 247
249 247
16 34
16 40
42 40
11 69
153 69
141 69
225 39
225 75
238 75
233 75
25 11
284 25
14 178
14 268
24 23
24 138
138 175
72 71
305 296
296 294
295 294
25 60
184 60
23 79
81 79
81 80
41 40
314 41
