3
38
84 243
84 126
174 126
166 126
25 126
210 25
84 8
19 8
105 19
104 19
25 60
189 60
174 127
159 127
6 8
6 32
32 308
32 197
197 230
32 147
279 147
32 228
271 228
32 69
153 69
152 69
152 46
11 126
39 11
226 39
14 127
14 13
15 13
15 63
66 63
65 63
266 65
281 266
45
85 243
85 126
174 126
166 126
53 85
53 1
105 1
19 1
104 1
23 1
210 23
126 128
72 128
72 189
174 11
11 194
194 159
152 128
152 46
152 4
32 4
250 4
271 250
32 308
24 19
24 145
145 153
147 4
279 147
85 76
76 197
197 230
126 38
39 38
226 39
152 294
295 294
295 41
41 50
50 280
281 280
41 267
267 65
65 63
66 63
47
54 243
54 51
21 51
105 21
19 21
104 21
25 21
25 128
174 128
166 128
210 25
25 127
159 127
24 25
24 138
138 153
72 127
72 189
54 6
6 32
54 74
177 74
296 177
296 46
177 34
270 34
308 270
250 34
271 250
197 74
197 230
147 34
279 147
197 225
225 39
226 39
46 45
42 45
41 42
41 50
50 280
281 280
193 42
241 193
241 64
64 63
66 63
