3
71
105 1
106 1
104 1
23 1
213 23
206 23
207 23
24 23
23 22
23 113
23 128
164 128
128 129
124 128
89 128
23 203
139 203
139 159
152 128
152 259
152 75
152 179
16 152
152 277
16 40
232 75
43 40
75 87
23 69
146 69
150 69
196 75
302 196
196 249
302 85
128 127
163 127
152 4
256 4
117 4
4 70
117 33
196 309
310 309
168 127
304 168
62 249
62 58
59 58
23 78
78 77
139 137
148 137
128 38
38 37
39 38
14 152
14 268
24 109
246 109
72 128
72 187
185 72
41 40
314 41
16 13
15 13
15 63
66 63
64 63
241 64
73
25 1
213 25
206 25
207 25
24 25
25 22
25 113
25 89
124 89
124 164
124 129
24 57
146 57
150 57
57 139
25 11
39 11
11 163
39 37
108 25
108 75
14 57
14 277
14 179
14 259
105 1
25 60
185 60
60 58
187 60
104 1
60 3
59 3
24 74
74 87
232 74
62 3
310 62
108 79
79 77
62 249
54 74
54 302
54 85
25 127
159 127
14 268
106 1
109 11
246 109
25 126
222 126
304 222
57 4
256 4
117 4
116 4
116 33
4 70
256 34
16 34
16 40
43 40
42 40
193 42
241 193
241 64
64 63
66 63
41 42
314 41
57 137
148 137
80
20 1
105 20
106 20
104 20
19 1
24 19
213 24
24 206
24 207
24 22
24 113
53 1
53 85
24 27
124 27
85 126
164 126
126 129
89 126
302 85
85 76
76 75
232 76
76 87
76 224
224 39
19 8
8 58
39 37
59 58
197 27
32 197
32 256
32 117
32 70
32 69
139 69
120 32
120 33
146 69
150 69
139 159
126 128
178 128
178 179
178 259
178 277
152 69
152 44
44 40
16 152
223 76
269 223
269 268
76 168
304 168
53 196
196 249
124 127
163 127
78 27
78 77
72 127
72 187
185 72
43 40
62 58
310 62
41 40
41 267
267 65
65 63
314 41
66 63
64 63
241 64
109 128
246 109
69 137
148 137
