3
21
50 48
41 50
41 40
16 40
16 34
34 70
250 34
115 250
34 257
76 257
85 76
85 243
85 300
103 300
76 75
108 75
291 108
108 25
198 25
25 11
11 160
24
49 48
266 49
266 65
65 63
15 63
15 13
4 13
115 4
4 70
14 13
14 223
223 76
14 127
160 127
76 84
84 243
57 4
24 57
198 24
24 19
103 19
24 109
108 109
291 108
22
50 48
41 50
295 41
295 294
152 294
152 4
115 4
4 70
4 0
1 0
103 1
23 1
198 23
152 75
76 75
196 75
196 243
11 0
11 160
23 78
108 78
291 108
