3
21
251 34
177 34
177 74
237 74
152 177
152 44
54 74
54 83
152 128
162 128
54 51
5 51
52 51
155 128
155 3
128 38
39 38
44 45
42 45
54 85
85 8
22
251 4
4 0
8 0
5 0
3 0
11 0
39 11
162 11
178 4
178 177
84 8
84 82
83 82
76 84
76 237
1 0
53 1
52 53
152 4
152 44
44 40
42 40
27
251 32
6 32
6 8
6 18
5 18
8 58
3 58
32 147
278 147
177 278
54 6
54 83
32 197
197 225
225 39
225 75
75 237
54 53
52 53
27 18
124 27
124 162
147 34
16 34
16 45
44 45
42 45
