3
20
14 259
14 57
24 57
24 110
57 4
116 4
24 109
217 109
157 109
288 157
24 74
54 74
261 54
14 127
72 127
72 71
14 13
15 13
15 63
66 63
23
177 259
177 34
116 34
152 259
152 69
57 69
23 69
23 110
23 78
217 78
152 128
155 128
288 155
152 75
196 75
261 196
72 128
72 71
16 34
16 13
15 13
15 63
66 63
25
178 259
178 128
25 128
25 110
128 127
57 127
108 25
217 108
178 4
116 4
155 128
288 155
2 25
2 196
261 196
72 128
72 71
152 4
152 294
295 294
295 41
41 267
267 65
65 63
66 63
