3
45
154 3
60 3
185 60
133 154
133 39
39 11
60 127
168 127
14 127
306 168
156 3
156 260
25 60
25 273
25 204
5 25
25 201
198 25
102 5
5 51
52 51
133 38
132 38
108 25
290 108
108 75
62 3
309 62
3 0
6 0
223 11
269 223
6 32
32 227
116 32
116 33
11 69
146 69
146 287
14 152
152 44
44 40
41 40
41 50
50 48
50
154 3
60 3
72 3
72 11
185 72
11 0
5 0
39 11
5 23
23 204
198 23
23 273
23 27
201 27
1 0
102 1
200 27
200 287
53 1
52 53
6 0
53 196
196 309
196 75
261 196
261 260
76 75
76 168
223 76
14 223
306 168
269 223
39 38
132 38
76 257
228 257
228 227
4 0
4 118
118 33
109 11
108 109
290 108
14 13
15 13
267 15
267 65
266 65
266 49
49 48
53
133 154
133 39
225 39
225 75
222 225
168 222
305 222
305 269
303 222
303 306
305 178
14 178
222 126
11 126
197 225
26 197
26 201
26 204
198 26
26 18
102 18
6 18
5 18
25 126
25 273
25 60
185 60
269 34
34 28
33 28
32 197
32 227
14 57
145 57
287 145
196 75
196 309
85 126
53 85
52 53
54 6
261 54
261 260
126 38
132 38
108 75
290 108
152 75
152 294
295 294
295 41
41 50
50 48
