3
21
54 6
54 285
6 32
32 28
261 54
261 260
32 69
152 69
34 28
269 34
11 69
72 11
72 190
185 72
72 3
62 3
39 11
134 39
157 3
157 181
181 180
23
6 8
8 58
62 58
84 8
84 285
60 58
190 60
185 60
6 0
4 0
152 4
4 28
305 152
305 269
84 126
126 38
134 38
3 58
156 3
156 260
155 3
155 181
181 180
23
6 21
25 21
25 128
152 128
296 152
296 269
25 60
190 60
185 60
2 21
2 196
196 285
196 309
309 62
261 196
261 260
128 38
134 38
6 32
32 28
155 128
155 181
181 180
