3
35
54 53
54 299
54 265
54 6
6 32
32 227
32 257
53 1
103 1
32 69
69 67
54 74
235 74
152 69
152 277
11 69
165 11
169 11
161 11
32 4
4 86
57 69
57 56
130 74
130 38
132 38
53 196
196 249
62 249
152 294
295 294
295 41
41 50
50 48
50 280
40
53 85
85 299
85 265
85 126
169 126
165 126
169 127
161 127
85 76
76 257
53 21
103 21
76 197
32 197
228 257
228 227
76 75
235 75
14 127
14 277
257 4
4 86
85 8
8 58
62 58
57 127
57 56
68 57
68 67
126 38
132 38
14 13
15 13
15 63
65 63
266 65
266 49
49 48
281 266
281 280
33
53 196
196 299
196 265
196 309
309 62
196 300
103 300
196 75
235 75
152 75
152 277
152 128
165 128
169 128
152 4
32 4
257 4
32 227
128 127
161 127
4 86
152 69
69 67
128 38
132 38
57 4
57 56
16 152
16 40
41 40
41 50
50 280
50 48
