3
62
32 256
32 197
32 117
258 32
256 34
16 34
197 27
203 27
27 22
205 27
210 27
216 203
216 108
177 34
177 179
23 27
23 239
23 128
162 128
72 128
72 189
186 72
72 60
184 60
24 27
24 145
24 221
145 175
145 137
148 137
150 137
25 27
2 25
23 1
1 12
102 1
92 1
76 197
76 73
76 224
108 75
272 75
125 128
263 125
128 38
134 38
131 38
85 76
85 264
76 168
306 168
32 147
279 147
128 127
160 127
16 13
15 13
10 2
10 7
15 63
64 63
241 64
62
256 4
117 4
258 4
57 4
145 57
150 57
178 4
178 179
178 128
57 127
162 127
57 139
139 203
178 74
74 73
197 74
60 127
189 60
186 60
54 74
54 264
25 128
25 221
25 239
108 25
25 22
25 205
210 25
11 128
11 160
5 25
5 12
102 5
92 5
39 11
224 39
39 131
134 39
4 0
7 0
2 0
138 57
138 175
152 4
16 152
184 60
109 128
216 109
168 127
263 168
306 168
75 74
272 75
57 137
148 137
4 13
15 13
147 4
279 147
15 63
64 63
241 64
66
256 34
117 34
258 34
16 34
16 152
152 128
152 179
152 75
75 73
162 128
89 128
89 203
108 75
196 75
2 196
24 203
24 205
24 22
24 210
24 221
2 21
92 21
102 21
152 69
150 69
216 203
225 75
197 225
24 145
222 225
222 224
263 222
145 175
303 222
303 306
25 89
25 239
162 11
11 160
126 128
84 126
84 264
25 60
189 60
186 60
225 39
39 131
134 39
1 21
1 12
11 0
7 0
16 40
41 40
41 267
267 15
42 40
193 42
241 193
272 75
241 64
184 60
69 137
148 137
147 34
279 147
