3
58
72 183
72 3
72 128
62 3
125 128
62 247
62 249
186 72
124 128
196 249
196 301
261 196
196 299
301 84
84 264
23 128
210 23
23 204
23 205
124 26
26 18
106 18
95 18
23 69
69 67
57 69
152 128
152 46
2 196
2 313
32 69
32 121
252 32
145 57
145 175
32 147
279 147
121 34
34 47
25 128
25 221
196 75
238 75
108 25
290 108
23 1
1 12
14 57
14 13
15 13
46 45
42 45
193 42
267 15
267 65
266 65
281 266
281 280
61
183 60
60 3
186 60
60 127
125 127
124 127
128 127
57 127
60 58
62 58
124 27
27 18
210 27
204 27
205 27
62 247
249 247
24 57
24 221
106 18
24 74
238 74
5 18
5 12
5 95
54 74
54 299
261 54
54 301
54 264
54 84
68 57
68 67
138 57
138 175
57 4
252 4
121 4
177 74
296 177
296 46
252 34
34 47
147 4
279 147
4 13
15 13
25 60
2 25
2 313
15 63
65 63
266 65
64 63
241 64
241 193
109 128
108 109
290 108
281 266
281 280
65
72 183
72 11
125 11
11 128
124 125
186 72
25 11
210 25
25 204
25 205
25 221
5 25
106 5
101 25
101 18
5 12
25 1
95 1
72 3
11 126
84 126
299 84
85 126
85 264
85 301
62 3
76 84
76 238
62 249
249 247
156 3
156 260
261 260
11 69
69 67
57 69
152 69
152 46
152 4
121 4
252 4
24 25
24 138
138 175
16 152
16 40
42 40
193 42
41 40
41 50
50 280
41 267
267 15
50 48
49 48
266 49
16 34
34 47
147 34
279 147
11 0
2 0
2 313
108 25
290 108
