3
19
306 168
76 168
76 74
235 74
24 74
24 206
24 209
24 109
24 19
274 19
24 57
57 69
24 113
115 113
57 137
148 137
76 75
196 75
196 309
23
306 168
76 168
168 127
25 127
206 25
209 25
11 127
109 11
11 69
76 257
257 4
115 4
69 137
148 137
76 75
235 75
60 127
60 58
62 58
309 62
5 25
5 19
274 19
23
303 306
303 222
222 224
76 224
305 222
305 152
152 69
152 128
109 128
23 69
206 23
209 23
152 75
235 75
152 4
115 4
196 75
196 309
69 137
148 137
23 1
19 1
274 19
