3
37
32 147
32 255
32 197
197 130
130 78
78 107
197 27
199 27
76 197
76 237
85 76
23 78
23 97
27 18
111 18
130 38
131 38
38 37
116 32
116 33
147 4
152 4
152 294
295 294
4 0
3 0
156 3
295 41
41 42
193 42
41 50
50 48
49 48
4 13
15 13
15 63
66 63
41
147 34
255 34
34 28
33 28
177 34
177 74
237 74
130 74
24 74
24 199
130 79
79 107
54 74
54 85
130 78
225 130
225 39
39 37
39 131
24 23
23 97
261 54
261 260
156 260
24 26
26 18
111 18
296 177
296 294
295 294
16 34
16 45
42 45
193 42
241 193
241 64
64 63
66 63
65 63
266 65
266 49
39
147 4
255 4
120 4
120 33
257 4
76 257
76 130
76 237
85 76
76 75
108 75
108 107
108 78
108 25
25 199
5 25
5 97
76 224
224 39
39 37
39 131
25 60
60 3
156 3
5 18
111 18
152 75
16 152
16 40
41 40
295 41
42 40
193 42
41 267
267 65
266 65
266 49
65 63
66 63
