3
40
172 11
39 11
166 11
25 11
25 99
210 25
25 203
198 25
5 25
94 5
5 96
5 18
112 18
111 18
39 38
132 38
11 0
9 0
4 0
117 4
250 4
271 250
250 228
5 51
54 51
54 83
54 248
54 196
196 249
225 39
197 225
197 230
4 13
15 13
15 63
66 63
65 63
266 65
281 266
281 280
46
124 172
124 166
124 26
26 210
26 99
198 26
26 203
26 18
94 18
99 21
96 21
112 18
111 18
26 197
32 197
32 117
32 228
271 228
197 230
76 197
76 224
224 39
6 18
6 8
8 9
85 76
85 82
83 82
54 6
54 248
248 247
249 247
172 128
128 38
132 38
117 34
16 34
16 40
41 40
41 267
267 65
41 50
50 280
281 280
65 63
66 63
48
172 127
166 127
89 127
89 203
24 203
24 210
24 99
198 24
24 19
94 19
19 1
96 1
11 127
39 11
19 8
8 9
8 58
62 58
62 249
62 247
248 247
24 74
54 74
54 83
76 74
76 257
228 257
271 228
257 4
117 4
18 1
111 18
112 18
197 74
197 230
172 126
126 38
132 38
14 127
14 13
15 13
267 15
267 65
266 65
281 266
281 280
15 63
66 63
