3
36
16 40
16 34
250 34
34 70
16 152
152 277
152 294
312 152
152 128
158 128
128 129
166 128
172 128
128 38
38 37
134 38
25 128
25 21
25 36
19 21
94 21
152 75
75 87
21 51
52 51
41 40
41 267
267 65
266 65
281 266
155 128
155 3
3 35
32 70
32 197
197 230
40
44 40
152 44
152 4
250 4
4 70
152 277
152 294
312 152
14 152
14 127
158 127
127 129
166 127
172 127
152 177
177 74
74 87
24 74
24 36
24 19
94 19
24 99
99 21
53 21
52 53
197 74
197 230
11 127
39 11
39 37
134 39
4 0
3 0
3 35
4 13
15 13
15 63
65 63
266 65
281 266
39
41 40
295 41
295 294
296 294
312 296
296 177
177 277
296 223
223 11
158 11
11 129
166 11
172 11
223 76
76 87
177 34
250 34
34 70
25 11
25 36
5 25
5 19
94 5
5 21
41 50
50 280
281 280
5 51
52 51
41 267
267 65
39 11
134 39
39 37
76 197
197 230
72 11
72 3
3 35
