3
19
149 69
23 69
23 79
23 78
32 69
32 308
152 69
152 177
116 32
116 33
6 32
54 6
54 231
54 285
152 46
46 45
42 45
193 42
241 193
23
149 57
14 57
14 177
24 57
24 219
219 79
219 78
177 34
270 34
308 270
34 28
33 28
14 223
223 76
85 76
85 285
196 285
196 231
14 13
15 13
15 63
64 63
241 64
21
149 137
147 137
278 147
177 278
32 147
32 308
120 32
120 33
177 74
130 74
130 79
130 78
54 74
54 285
54 231
147 34
16 34
16 40
42 40
193 42
241 193
