3
39
32 308
32 197
252 32
32 253
282 253
32 69
150 69
32 4
178 4
250 4
178 259
197 27
202 27
23 69
23 273
11 69
170 11
27 18
111 18
18 91
103 18
4 13
15 13
252 34
269 34
6 32
54 6
54 302
54 51
52 51
197 130
130 38
132 38
267 15
267 65
266 65
78 27
81 78
81 80
41
308 270
270 34
250 34
177 34
177 259
178 177
269 34
178 128
170 128
252 34
25 128
25 273
177 74
197 74
25 21
91 21
103 21
53 21
52 53
53 85
302 85
25 27
202 27
18 21
111 18
253 34
282 253
147 34
147 137
150 137
128 38
132 38
109 128
81 109
81 80
16 34
16 13
15 13
15 63
65 63
266 65
46
32 308
32 228
250 228
32 197
252 32
32 147
278 147
178 278
14 278
14 259
305 178
305 269
14 127
170 127
14 57
150 57
25 127
25 273
5 25
103 5
76 197
76 84
302 84
5 18
18 91
5 51
52 51
111 18
14 13
15 13
170 126
126 38
132 38
197 27
202 27
32 253
282 253
108 25
81 108
81 80
267 15
41 267
41 50
50 48
49 48
266 49
