3
21
61 58
60 58
184 60
25 60
25 204
25 27
208 25
25 11
39 11
24 25
24 219
197 27
32 197
120 32
32 4
4 13
15 13
15 63
65 63
266 65
281 266
23
61 3
60 3
184 60
157 3
157 109
219 109
24 109
24 204
24 27
24 208
3 0
4 0
120 4
154 3
133 154
133 39
152 4
152 294
295 294
295 41
41 50
50 280
281 280
23
61 3
155 3
155 128
23 128
23 204
23 27
208 23
23 78
219 78
128 38
39 38
178 128
178 4
120 4
60 3
184 60
152 128
16 152
16 40
41 40
41 50
50 280
281 280
