3
35
269 268
269 34
256 34
120 34
116 34
269 223
223 76
76 237
85 76
85 243
85 8
244 8
2 8
54 85
54 248
2 25
23 25
25 239
25 191
212 25
5 25
105 5
5 98
23 69
146 69
143 69
25 27
202 27
223 11
109 11
246 109
72 11
72 71
39 11
226 39
37
14 268
14 57
143 57
146 57
57 4
256 4
120 4
116 4
4 0
2 0
5 0
5 23
23 239
23 191
212 23
2 196
196 243
1 0
105 1
98 1
196 75
75 237
23 27
202 27
8 0
244 8
54 196
54 248
24 57
24 109
246 109
14 127
72 127
72 71
225 75
225 39
226 39
37
14 268
14 152
152 128
23 128
23 239
212 23
23 191
5 23
105 5
5 21
2 21
98 21
14 177
177 74
237 74
54 74
54 243
152 69
146 69
32 69
32 256
120 32
116 32
143 69
54 248
109 128
246 109
72 128
72 71
212 27
202 27
5 19
19 8
244 8
128 38
39 38
226 39
