3
25
181 180
157 181
157 109
109 107
24 109
24 36
24 19
90 19
24 57
150 57
24 74
74 73
19 21
91 21
6 21
54 74
54 298
57 4
255 4
4 13
15 13
267 15
41 267
41 50
50 48
29
181 180
155 181
155 3
3 0
6 0
1 0
90 1
6 18
18 91
6 32
32 255
23 1
23 36
32 69
150 69
23 78
78 107
32 257
76 257
76 73
85 76
298 85
255 34
16 34
16 40
41 40
41 267
41 50
50 48
28
181 180
155 181
155 128
25 128
25 36
25 21
90 21
108 25
108 107
91 21
108 75
75 73
6 21
196 75
298 196
152 128
152 4
255 4
152 69
150 69
14 152
14 13
15 13
267 15
267 65
266 65
266 49
49 48
