3
38
310 309
196 309
196 289
196 75
236 75
235 75
2 196
2 8
152 75
296 152
261 196
261 260
2 25
25 273
25 99
25 110
152 128
124 128
158 128
72 128
152 69
143 69
152 4
115 4
152 46
46 45
108 75
216 108
14 152
14 268
4 13
15 13
250 4
271 250
26 25
200 26
26 18
112 18
44
310 62
62 3
72 3
62 58
8 58
156 3
156 260
72 11
158 11
124 158
223 11
296 223
124 26
26 99
26 110
269 223
269 268
124 27
200 27
26 23
23 273
26 113
115 113
223 76
236 76
84 8
84 289
76 74
235 74
109 11
216 109
27 18
112 18
72 127
57 127
143 57
296 46
46 45
269 34
228 34
271 228
14 223
14 13
15 13
45
310 309
196 309
196 289
85 289
85 8
85 126
158 126
124 126
53 196
53 21
99 21
24 99
24 110
24 138
200 138
24 74
236 74
138 137
143 137
235 74
24 203
216 203
177 74
296 177
24 113
115 113
25 126
25 273
25 60
72 60
152 177
152 44
44 45
115 250
271 250
14 177
14 268
261 196
261 260
44 40
41 40
41 267
267 15
18 21
112 18
