3
26
181 180
155 181
155 128
124 128
89 128
89 203
25 128
25 221
101 25
5 25
5 96
178 128
178 275
72 128
186 72
178 4
255 4
125 128
263 125
250 4
271 250
32 4
122 32
122 29
57 4
57 56
31
181 180
157 181
157 109
216 109
216 203
24 109
24 221
203 27
124 27
24 19
101 19
19 1
96 1
109 11
223 11
223 275
197 27
32 197
32 255
116 32
116 29
122 32
32 228
271 228
124 125
263 125
157 3
60 3
186 60
24 57
57 56
31
181 180
155 181
155 128
124 128
23 128
23 203
23 1
101 1
96 1
24 23
24 221
126 128
222 126
263 222
178 128
178 275
178 177
177 34
255 34
34 28
29 28
31 28
31 122
250 34
271 250
155 3
72 3
186 72
128 127
57 127
57 56
