3
203
97 21
5 97
104 21
103 21
5 0
96 21
103 300
3 0
90 21
54 300
60 3
157 3
3 35
54 289
189 60
54 242
261 54
183 60
262 189
60 127
186 60
261 260
170 127
169 127
165 127
160 127
170 126
161 127
57 127
162 127
89 127
149 57
57 137
68 57
138 57
145 57
68 67
21 17
54 292
288 157
171 127
222 126
168 127
200 138
222 225
263 222
306 168
197 225
225 39
24 57
91 21
53 21
24 36
24 208
24 210
52 53
24 214
24 205
53 55
85 300
24 199
24 284
85 82
126 38
24 211
54 74
157 181
32 197
147 137
236 74
141 57
57 139
198 24
57 142
238 74
32 253
39 37
32 70
279 147
32 121
32 28
237 74
181 180
120 32
24 191
132 38
138 153
164 127
225 75
32 118
32 308
116 32
308 270
272 75
254 32
108 75
57 140
128 127
121 33
32 255
72 3
108 79
220 128
218 108
217 108
108 245
252 32
250 147
291 108
121 30
79 77
108 78
10 0
300 84
216 108
89 88
101 21
155 3
24 110
95 21
98 21
4 0
148 137
4 13
4 86
16 13
185 60
54 195
9 0
54 248
173 127
127 123
24 201
286 138
74 73
146 57
16 45
138 175
54 285
248 247
46 45
42 45
296 46
41 42
193 42
296 294
41 267
296 223
296 269
311 296
223 276
269 268
32 256
177 74
54 264
177 277
177 179
15 13
105 21
6 21
106 21
166 127
54 302
76 168
21 51
54 283
20 21
19 21
99 21
274 19
18 21
111 18
112 18
62 3
310 62
267 65
266 65
147 34
34 47
200 27
202 27
15 63
66 63
11 0
11 194
23 97
23 239
23 273
16 40
43 40
41 50
50 280
50 48
8 0
244 8
2 21
2 313
125 127
125 240
81 108
81 80
157 109
246 109
211
97 21
5 21
5 95
104 5
103 5
5 96
5 17
101 5
5 19
5 98
24 19
90 19
24 74
24 138
24 88
197 74
138 137
24 145
68 88
149 137
140 137
200 145
5 51
76 74
55 51
52 51
54 51
223 76
76 225
76 238
53 51
10 54
269 223
236 76
85 76
76 84
85 289
85 242
85 292
85 126
75 74
171 126
169 126
162 126
89 126
126 128
165 126
72 128
170 128
155 128
72 60
72 189
72 183
288 155
157 155
186 72
72 127
145 153
85 264
84 82
85 285
164 126
146 137
145 175
185 72
85 283
76 237
76 73
302 85
106 5
173 126
139 137
95 20
286 145
166 126
24 99
142 137
141 137
105 5
54 6
155 181
6 0
6 32
85 195
128 38
32 4
39 38
253 4
4 70
4 28
252 4
116 4
57 4
120 4
254 4
126 123
256 4
4 118
30 28
250 4
121 4
255 4
32 147
38 37
33 28
25 21
25 199
25 273
25 36
208 25
211 25
108 25
210 25
214 25
25 205
284 25
25 191
25 239
25 110
198 25
25 201
223 11
161 11
11 160
261 54
262 189
32 308
279 147
4 86
218 108
218 79
218 78
216 79
217 79
78 77
103 300
19 8
8 9
91 21
152 75
152 294
152 46
152 277
311 152
296 152
16 152
152 177
152 179
272 75
152 44
44 45
69 137
69 67
295 294
295 41
44 40
42 40
291 108
41 267
267 15
43 40
193 42
72 3
274 19
159 127
194 159
3 35
24 109
245 109
132 38
54 248
76 168
168 222
263 168
220 128
246 109
244 8
306 168
248 247
181 180
14 223
14 268
14 13
261 260
178 74
178 276
148 137
269 34
270 34
34 47
5 18
112 18
111 18
24 27
202 27
54 196
196 309
310 309
81 79
81 80
125 126
125 240
10 2
2 313
41 50
50 48
50 280
49 48
266 49
15 63
66 63
215
5 97
5 21
5 25
25 126
25 99
25 60
170 25
25 89
24 25
25 88
25 127
84 126
25 128
101 25
84 289
84 242
169 128
54 84
162 128
84 292
171 128
165 128
54 53
54 85
84 264
84 285
164 128
84 283
302 84
84 195
128 123
166 128
173 128
101 19
101 20
103 19
19 17
90 20
19 95
104 19
106 19
105 19
300 84
189 60
125 128
263 125
155 128
52 53
160 127
25 239
108 25
25 203
216 203
139 203
216 78
217 78
5 23
211 23
23 79
23 199
23 36
208 23
214 23
210 23
23 205
23 110
23 191
198 23
14 127
14 277
14 177
14 57
296 177
14 179
14 13
177 34
253 34
256 34
255 34
34 70
34 28
252 34
16 34
116 34
120 34
254 34
116 33
34 118
121 34
250 34
116 30
78 77
139 69
153 69
149 69
68 69
140 69
200 153
32 69
141 69
146 69
142 69
286 153
161 127
69 67
53 55
24 74
222 126
26 25
26 197
26 201
76 197
76 75
75 237
75 73
238 75
236 75
5 0
183 60
196 289
261 196
186 60
9 0
130 78
225 130
130 38
108 245
14 268
303 222
303 306
178 128
223 178
178 4
147 4
25 273
16 45
10 54
10 6
288 155
157 155
311 296
155 181
185 60
24 138
42 45
38 37
139 137
145 137
5 51
138 175
296 269
41 42
178 276
218 78
296 46
196 249
249 247
270 34
5 98
308 270
168 127
25 11
39 11
72 11
11 194
296 294
101 18
18 91
15 13
60 3
284 25
156 3
156 260
5 96
84 82
267 15
62 249
310 62
3 35
262 189
148 137
274 19
54 248
111 18
272 75
132 38
193 42
4 86
291 108
220 128
125 240
34 47
112 18
181 180
267 65
266 65
281 266
281 280
279 147
266 49
49 48
84 8
244 8
109 128
246 109
2 25
2 313
25 27
202 27
41 40
43 40
81 78
81 80
65 63
66 63
