3
22
27 191
27 18
18 91
124 27
124 158
18 1
96 1
124 128
155 128
27 113
115 113
178 128
178 275
24 191
24 57
143 57
57 137
115 4
4 13
15 13
15 63
65 63
21
25 191
25 21
91 21
96 21
25 11
158 11
11 69
143 69
69 137
223 11
223 275
25 113
115 113
25 128
155 128
152 69
152 294
295 294
295 41
41 267
267 65
23
23 191
23 128
158 128
5 23
5 96
23 69
143 69
143 137
5 18
18 91
147 137
250 147
115 250
72 128
72 3
155 3
178 128
178 275
14 178
14 13
15 13
267 15
267 65
