3
105
16 13
4 13
57 4
4 86
253 4
116 4
149 57
117 4
143 57
57 140
146 57
256 4
257 4
116 31
116 30
147 4
57 56
228 257
76 257
228 227
233 76
85 76
76 130
76 225
85 126
225 39
222 225
169 126
39 131
263 222
172 126
303 222
167 126
165 126
125 126
232 76
85 283
130 38
158 126
134 39
25 126
25 239
25 1
208 25
284 25
25 192
25 60
106 1
25 205
25 36
187 60
114 25
188 60
1 17
108 25
2 25
212 25
108 219
108 245
81 108
25 22
108 109
25 199
94 1
23 25
246 109
23 97
157 109
213 25
101 25
104 1
95 1
16 152
296 152
152 294
15 13
15 63
293 15
64 63
54 85
261 54
54 248
54 6
76 75
272 75
76 197
197 230
4 0
7 0
178 4
178 275
60 3
62 3
154 3
16 40
43 40
57 139
139 159
16 34
270 34
41 40
41 50
50 280
50 48
49 48
115
16 13
4 13
14 13
14 57
4 86
253 4
256 4
24 57
24 22
24 219
24 208
24 284
24 205
24 36
24 109
24 192
114 24
81 109
24 212
213 24
245 109
24 199
24 23
23 1
23 239
101 1
24 19
19 17
94 19
19 95
104 19
106 19
109 11
11 126
169 11
39 11
222 126
172 11
167 11
125 11
165 11
263 125
158 11
126 38
134 38
131 38
24 74
232 74
130 74
76 74
233 74
225 130
108 219
149 57
14 223
223 275
296 223
296 294
14 127
60 127
159 127
146 57
53 1
53 85
143 57
117 4
31 117
157 109
1 0
2 0
6 0
84 126
84 283
116 4
246 109
23 97
133 39
133 154
7 0
147 4
147 228
60 58
62 58
257 4
303 222
62 247
248 247
120 4
120 30
72 11
72 188
72 187
32 4
32 227
57 140
32 308
308 270
57 56
53 196
261 196
75 74
272 75
197 74
197 230
16 40
43 40
15 13
293 15
15 63
64 63
65 63
266 65
266 49
281 266
281 280
127
16 13
16 34
147 34
253 34
256 34
116 34
117 34
34 257
228 34
34 28
4 28
31 28
30 28
228 227
147 137
140 137
143 137
149 137
146 137
57 137
32 147
6 32
57 127
169 127
158 127
172 127
165 127
125 127
167 127
6 18
101 18
94 18
18 1
95 18
18 17
104 18
106 18
27 18
27 192
208 27
205 27
27 36
212 27
213 27
27 22
199 27
23 27
78 27
81 78
130 78
219 78
108 78
109 78
27 113
114 113
108 75
233 75
225 75
232 75
196 75
196 283
2 196
174 127
174 126
196 309
309 62
225 39
39 38
159 127
39 131
60 127
168 127
263 168
76 168
168 222
108 245
261 196
306 168
303 306
10 6
10 7
270 34
177 34
296 177
134 39
296 294
187 60
6 21
97 21
188 60
6 8
85 8
23 239
54 196
54 248
223 76
223 275
25 127
284 25
128 127
155 128
157 155
133 38
133 154
246 109
57 56
272 75
4 86
32 197
197 230
16 45
42 45
193 42
241 193
241 64
41 42
41 267
267 307
307 293
267 65
65 63
41 50
50 280
266 65
266 49
42 40
43 40
