3
20
237 74
24 74
24 19
24 208
19 1
1 12
53 1
53 55
1 0
7 0
4 0
4 182
121 4
11 0
72 11
72 71
72 189
178 74
14 178
14 268
25
76 237
223 76
269 223
269 268
269 34
34 182
121 34
76 197
197 27
208 27
85 76
85 8
19 8
5 19
5 12
5 51
55 51
54 85
10 54
10 7
25 27
25 60
189 60
72 60
72 71
26
75 237
108 75
108 25
208 25
101 25
101 19
5 25
5 12
5 0
7 0
6 0
6 32
32 121
32 4
4 182
25 60
189 60
152 75
14 152
14 268
196 75
53 196
53 55
25 128
72 128
72 71
