3
49
85 76
85 195
85 8
85 243
8 9
302 85
8 0
3 0
10 0
60 3
25 60
25 22
25 21
284 25
97 21
25 128
158 128
166 128
109 128
246 109
215 109
216 109
81 109
81 80
128 38
134 38
152 128
312 152
311 152
152 44
152 69
144 69
4 0
256 4
115 4
108 25
290 108
250 4
271 250
4 13
15 13
32 69
32 227
15 63
66 63
44 40
41 40
41 50
50 280
60
76 84
84 195
84 8
84 243
302 84
84 126
166 126
158 126
25 126
126 128
8 58
60 58
3 58
11 126
11 69
11 0
9 0
25 22
25 203
216 203
144 69
284 25
216 79
215 79
25 113
115 113
2 8
2 21
10 2
39 11
134 39
5 25
5 97
223 76
296 223
312 296
311 296
76 257
32 257
32 256
228 257
228 227
271 228
216 108
290 108
81 79
81 80
109 11
246 109
296 152
152 44
14 223
14 13
15 13
15 63
66 63
65 63
266 65
281 266
281 280
63
76 75
108 75
215 108
196 75
196 195
196 243
302 196
53 196
53 21
54 196
10 54
19 21
19 8
97 21
24 19
24 22
24 25
24 284
8 9
23 97
23 69
23 128
24 57
144 57
25 60
25 11
166 11
158 11
155 128
155 3
216 108
2 196
2 0
152 75
312 152
311 152
57 4
256 4
115 4
32 4
32 227
152 46
46 45
44 45
115 250
271 250
290 108
42 45
41 42
41 267
267 15
76 224
224 39
134 39
41 50
50 280
81 108
81 80
108 109
246 109
267 65
65 63
66 63
