3
25
254 4
57 4
146 57
141 57
57 127
171 127
24 57
24 192
24 203
24 19
93 19
147 4
279 147
19 1
98 1
11 127
39 11
39 37
4 0
3 0
3 35
254 34
16 34
16 45
42 45
27
254 4
254 32
32 69
141 69
146 69
139 69
139 203
23 69
23 192
11 69
171 11
23 1
93 1
5 23
5 98
32 147
279 147
23 128
128 38
38 37
152 4
152 44
44 40
42 40
72 11
72 3
3 35
25
254 32
32 4
6 32
6 21
98 21
93 21
25 21
25 203
25 192
25 126
171 126
126 38
38 37
32 69
141 69
146 69
4 13
16 13
16 40
42 40
32 147
279 147
25 60
60 3
3 35
