3
30
32 70
32 197
197 27
124 27
213 27
124 171
76 197
76 75
236 76
223 76
196 75
27 18
106 18
124 127
159 127
72 127
72 71
72 3
61 3
197 225
222 225
303 222
34 70
16 34
16 40
16 45
41 40
41 50
50 280
281 280
37
32 70
32 197
26 197
124 26
213 26
197 74
75 74
236 74
54 74
54 196
124 171
178 74
223 178
152 75
152 44
44 40
44 45
41 40
32 69
139 69
139 159
6 32
6 21
106 21
6 8
8 58
61 58
124 126
222 126
303 222
41 267
267 65
266 65
281 266
124 128
72 128
72 71
35
4 70
32 4
57 4
24 57
213 24
57 127
171 127
14 57
14 223
124 127
24 19
106 19
159 127
152 4
152 75
236 75
196 75
152 46
46 45
42 45
41 42
42 40
24 27
197 27
168 127
306 168
303 306
4 0
3 0
61 3
72 127
72 71
41 50
50 280
281 280
