3
46
171 127
163 127
168 127
167 127
127 129
158 127
173 127
14 127
14 268
14 176
76 168
76 75
76 225
76 197
76 84
236 76
25 127
198 25
206 25
25 113
25 221
115 113
101 25
101 20
92 20
57 127
149 57
144 57
115 4
4 182
34 182
228 34
108 75
216 108
108 245
72 127
72 71
72 188
60 127
60 58
32 197
32 308
14 152
152 294
225 39
133 39
49
171 11
11 163
167 11
11 129
158 11
173 11
109 11
216 109
245 109
24 109
24 206
24 113
24 221
198 24
24 74
75 74
197 74
225 75
236 74
178 74
178 176
177 74
177 34
222 225
168 222
24 19
92 19
19 20
269 34
269 268
19 8
8 58
84 8
228 34
270 34
308 270
34 182
115 113
11 69
149 69
144 69
296 177
296 294
171 126
126 38
133 38
72 11
72 188
72 71
54
124 171
124 167
124 158
124 173
124 129
124 26
206 26
26 113
26 197
198 26
197 225
26 203
216 203
225 75
236 75
124 126
84 126
152 75
152 176
26 18
20 18
92 18
152 294
16 152
16 34
250 34
250 228
115 250
139 203
139 137
149 137
144 137
124 127
168 127
163 127
24 26
24 221
26 25
25 60
188 60
60 58
32 228
32 308
60 3
154 3
133 154
108 25
108 245
152 4
4 182
14 152
14 268
72 60
72 71
