3
24
101 21
106 21
101 25
25 221
2 21
2 196
196 231
196 195
196 299
196 75
75 73
76 75
152 75
152 44
44 40
41 40
25 60
189 60
262 189
42 40
193 42
241 193
241 64
64 63
27
101 20
106 20
101 19
24 19
24 221
24 74
74 73
76 74
54 74
54 195
54 231
54 299
177 74
152 177
152 44
152 294
295 294
295 41
41 267
267 15
15 63
64 63
241 64
152 128
72 128
72 189
262 189
29
101 18
106 18
27 18
197 27
76 197
76 73
85 76
85 299
85 195
54 85
54 231
24 27
24 221
223 76
296 223
296 46
46 45
44 45
42 45
41 42
193 42
241 193
41 267
267 65
65 63
223 11
72 11
72 189
262 189
