3
64
39 11
161 11
171 11
11 69
141 69
69 67
143 69
142 69
72 11
72 71
11 127
168 127
109 11
108 109
216 109
217 109
152 69
152 176
152 4
4 70
255 4
157 109
288 157
223 11
223 275
72 3
59 3
3 35
157 181
181 180
229 181
81 109
81 80
156 3
156 260
25 11
25 273
207 25
25 201
25 27
202 27
27 18
20 18
103 18
111 18
90 18
92 18
106 18
72 189
262 189
5 25
5 98
39 38
132 38
108 75
196 75
196 231
196 195
196 299
54 196
54 83
16 152
16 40
43 40
71
225 39
222 225
168 222
222 126
171 126
85 126
85 195
85 299
85 82
83 82
85 300
103 300
103 20
90 20
106 20
92 20
103 21
98 21
18 21
54 85
54 231
111 18
261 54
261 260
25 126
108 25
216 108
217 108
26 18
207 26
26 201
23 25
23 69
23 273
141 69
142 69
32 69
32 4
32 70
32 255
178 4
178 176
178 275
143 69
171 127
161 127
69 67
81 108
81 80
126 128
155 128
288 155
126 38
132 38
155 181
181 180
229 181
72 127
72 71
207 27
202 27
155 3
3 35
59 3
25 60
189 60
262 189
152 128
152 44
44 40
43 40
76
224 39
76 224
76 168
76 84
84 195
299 84
76 257
257 4
34 257
34 70
255 34
57 4
57 69
141 57
143 57
57 142
68 57
68 67
24 57
24 207
24 201
24 19
19 20
103 19
90 19
92 19
106 19
104 19
104 18
24 219
108 219
19 1
98 1
24 203
216 203
219 78
217 78
177 34
177 176
54 84
54 231
54 83
24 23
23 273
23 128
171 128
223 76
223 275
84 8
8 58
59 58
57 127
161 127
261 54
261 260
155 128
288 155
111 18
3 58
3 35
72 128
72 71
81 78
81 80
24 27
202 27
128 38
132 38
155 181
229 181
181 180
72 189
262 189
16 34
16 40
43 40
