3
23
24 284
24 138
200 138
284 25
108 25
291 108
25 60
189 60
60 3
156 3
72 60
72 71
62 3
309 62
3 0
7 0
196 309
196 195
4 0
250 4
4 86
252 4
271 250
28
24 284
24 27
200 27
24 74
54 74
54 195
10 54
10 7
197 27
32 197
252 32
32 228
271 228
250 228
54 196
196 309
32 4
4 86
261 54
261 260
156 260
24 109
109 11
72 11
72 189
72 71
108 109
291 108
28
284 25
26 25
200 26
25 126
85 126
85 195
25 113
115 113
115 250
271 250
250 34
252 34
25 60
189 60
25 11
11 0
7 0
60 58
62 58
309 62
3 58
156 3
115 4
4 86
72 3
72 71
108 25
291 108
