3
23
308 270
270 34
250 34
177 34
178 177
16 34
16 45
250 4
4 0
7 0
10 0
3 0
156 3
1 0
106 1
62 3
62 249
23 1
23 79
23 203
23 204
81 79
81 80
27
32 308
32 228
250 228
32 4
178 4
6 32
10 6
10 7
6 18
106 18
27 18
203 27
204 27
216 203
216 79
152 4
152 46
46 45
54 6
54 196
196 249
261 54
261 260
156 260
78 27
81 78
81 80
29
32 308
32 147
250 147
278 147
178 278
32 197
26 197
26 204
26 203
197 130
130 79
26 18
106 18
152 278
152 44
44 45
178 74
54 74
10 54
10 7
54 248
248 247
249 247
178 128
72 128
72 3
156 3
81 79
81 80
