3
21
214 23
23 113
23 239
23 69
143 69
23 1
94 1
5 23
5 51
32 69
6 32
122 32
54 51
261 54
24 214
24 109
32 4
4 13
15 13
15 63
65 63
26
214 27
27 113
23 27
214 25
25 239
27 18
94 18
6 18
25 21
21 51
78 27
109 78
24 27
24 57
143 57
2 25
2 196
261 196
197 27
32 197
122 32
14 57
14 13
15 13
267 15
267 65
28
214 26
26 113
26 23
23 128
109 128
23 239
26 18
94 18
6 18
18 21
21 51
54 6
261 54
24 26
24 145
145 137
143 137
115 113
115 4
117 4
117 29
122 29
152 128
16 152
16 40
41 40
41 267
267 65
