3
95
254 34
270 34
34 47
34 70
34 182
120 34
269 34
251 34
305 269
269 268
269 223
223 275
177 34
177 259
177 277
177 179
177 74
177 176
54 74
24 74
238 74
54 299
24 36
24 192
54 51
54 265
24 23
5 51
24 27
23 97
5 96
102 5
5 12
106 5
124 27
102 20
54 85
24 145
85 8
145 153
287 145
8 58
286 145
62 58
92 5
310 62
24 203
124 172
124 171
5 95
54 84
124 127
213 24
159 127
23 128
155 128
220 128
288 155
155 181
21 51
91 21
24 109
109 107
108 109
291 108
128 38
133 38
24 57
151 57
254 4
4 13
305 222
263 222
222 224
72 127
72 71
72 187
16 34
16 45
72 189
262 189
5 18
112 18
250 34
271 250
23 78
78 77
16 40
41 40
24 19
274 19
41 50
50 48
49 48
266 49
108
254 32
120 32
32 70
251 32
254 34
6 32
54 6
6 8
84 8
299 84
84 265
85 299
6 21
97 21
96 21
20 21
5 21
106 21
5 23
95 21
23 192
92 21
102 21
23 203
23 27
23 36
213 23
200 27
200 145
200 153
200 287
286 200
139 203
139 159
99 21
24 99
76 84
76 224
76 74
76 238
223 76
305 223
1 21
1 12
32 4
4 182
224 39
133 39
178 74
178 259
178 277
178 179
178 275
178 176
76 168
263 168
168 127
171 127
172 127
54 51
32 69
151 69
23 79
79 107
79 77
108 79
34 47
60 127
187 60
60 58
291 108
60 3
62 3
155 3
157 3
288 157
157 181
310 62
84 126
124 126
14 223
14 13
14 268
32 308
308 270
6 18
18 91
32 228
271 228
112 18
269 34
19 8
274 19
15 13
267 15
41 267
267 65
266 65
41 42
42 45
72 60
72 71
189 60
262 189
178 128
220 128
41 50
50 48
111
254 4
120 4
4 70
251 4
152 4
152 259
152 277
305 152
152 179
152 176
57 4
57 127
145 57
152 75
108 75
75 74
238 75
108 107
159 127
196 75
54 196
196 299
196 265
85 265
25 127
25 36
25 203
25 27
24 25
5 25
23 25
25 192
5 97
213 25
151 57
25 1
102 1
96 1
20 1
106 1
95 1
92 1
4 0
8 0
5 12
4 182
3 0
3 58
146 57
146 287
287 153
286 153
154 3
133 154
53 196
53 51
116 4
116 34
152 128
124 128
171 128
172 128
296 152
296 269
296 223
4 13
270 34
223 275
125 127
263 125
196 309
309 62
310 309
269 268
155 3
298 196
298 84
288 155
155 181
152 46
46 45
76 75
76 224
108 78
78 77
250 4
271 250
25 21
91 21
25 60
187 60
152 294
295 294
295 41
291 108
34 47
220 128
72 3
72 71
27 18
112 18
5 19
274 19
15 13
15 63
65 63
266 65
266 49
49 48
189 60
262 189
