3
71
282 253
32 253
32 256
253 4
152 4
152 297
312 152
152 75
152 259
272 75
75 74
196 75
75 87
196 243
196 283
54 74
54 248
32 69
142 69
69 67
149 69
178 4
178 275
24 74
198 24
24 211
24 113
24 219
139 69
139 159
24 25
101 25
25 21
25 273
96 21
98 21
93 21
196 309
309 62
62 58
25 60
185 60
184 60
152 128
166 128
124 128
162 128
172 128
69 137
148 137
253 34
270 34
62 3
154 3
2 196
2 313
108 75
81 108
81 80
225 75
225 39
226 39
4 13
15 13
293 15
267 15
41 267
41 50
50 48
50 280
281 280
77
282 253
32 253
32 308
308 270
6 32
6 21
101 21
6 8
8 58
54 6
54 243
54 196
54 283
54 248
196 75
96 21
62 58
152 75
272 75
312 152
152 259
32 197
197 74
74 87
197 27
211 27
124 27
27 113
198 27
124 162
124 172
124 166
78 27
219 78
124 127
159 127
23 27
23 273
72 127
185 72
57 127
149 57
57 142
68 57
68 67
152 297
32 256
6 18
93 18
98 21
3 58
154 3
2 21
2 313
57 137
148 137
76 75
223 76
223 275
152 294
295 294
295 41
60 58
184 60
81 78
81 80
41 50
50 48
49 48
266 49
281 266
41 267
267 307
307 293
162 11
39 11
226 39
83
282 253
253 4
32 4
256 4
152 4
115 4
115 113
296 152
312 296
152 177
177 74
177 297
177 259
75 74
26 113
124 26
211 26
198 26
26 99
99 21
124 162
1 21
96 1
93 1
98 1
101 1
53 21
53 196
124 172
53 85
85 243
85 283
196 249
62 249
74 87
124 166
249 247
248 247
162 127
159 127
296 223
223 275
23 113
23 79
219 79
23 273
85 8
8 58
57 4
57 142
149 57
16 152
16 40
41 40
256 34
270 34
60 127
185 60
152 69
69 67
272 75
130 74
130 38
133 38
133 154
184 60
16 13
15 13
293 15
81 79
81 80
15 63
65 63
266 65
281 266
266 49
49 48
39 38
226 39
2 8
2 313
142 137
148 137
