3
30
14 278
152 278
14 176
14 127
162 127
152 4
256 4
25 127
213 25
214 25
114 25
11 127
11 194
108 25
290 108
108 245
14 13
15 13
109 11
157 109
108 79
130 79
178 278
178 275
14 57
145 57
145 175
152 46
46 45
42 45
33
14 278
14 152
152 176
152 128
162 128
14 223
223 275
23 128
214 23
213 23
155 128
157 155
23 113
114 113
109 128
245 109
128 38
130 38
24 23
24 138
138 175
108 109
290 108
177 278
177 34
256 34
11 128
11 194
16 152
16 40
42 40
16 13
15 13
36
152 278
14 152
152 176
152 69
11 69
162 11
32 69
32 256
32 197
197 130
197 27
214 27
213 27
24 27
114 24
139 69
139 159
194 159
11 0
3 0
157 3
24 145
145 175
24 109
245 109
14 178
178 275
152 44
44 40
42 40
41 40
41 267
267 15
152 75
108 75
290 108
