3
26
8 9
85 8
85 76
19 8
106 19
102 19
24 19
24 284
54 85
54 231
54 248
8 58
60 58
189 60
183 60
76 75
272 75
9 0
4 0
120 4
152 75
152 46
46 45
42 45
41 42
314 41
27
8 9
84 8
76 84
2 8
2 25
284 25
25 60
2 196
196 231
2 21
106 21
102 21
183 60
189 60
196 75
272 75
6 8
6 32
120 32
54 84
54 248
120 34
16 34
16 45
16 40
41 40
314 41
33
9 0
1 0
106 1
102 1
3 0
60 3
72 3
72 189
72 183
25 1
284 25
11 0
223 11
223 76
62 3
62 247
248 247
10 0
10 54
54 231
72 128
152 128
152 44
44 45
152 4
120 4
108 25
108 75
272 75
152 294
295 294
295 41
314 41
