3
22
155 181
155 3
59 3
155 128
11 128
89 128
89 88
23 128
213 23
126 128
85 126
85 299
85 243
152 128
152 294
295 294
152 4
4 118
4 13
15 13
15 63
66 63
24
157 181
157 109
109 11
24 109
24 88
213 24
157 3
59 3
11 126
84 126
299 84
84 243
11 69
32 69
32 118
223 11
296 223
296 294
295 294
295 41
41 267
267 65
65 63
66 63
25
155 181
155 3
61 3
61 59
72 3
72 11
25 11
25 88
213 25
2 25
2 196
196 299
196 243
3 0
4 0
4 118
34 118
16 34
16 40
41 40
295 41
16 13
15 13
15 63
66 63
