3
78
234 76
223 76
76 84
76 168
84 126
84 242
84 82
306 168
126 123
76 197
302 84
26 197
126 128
26 88
26 210
26 191
24 26
24 57
57 69
57 56
32 197
32 308
32 28
32 70
32 253
34 28
32 121
26 78
78 107
218 78
32 228
271 228
72 128
72 188
186 72
72 189
72 3
72 71
3 0
156 3
2 0
72 190
302 196
196 309
261 196
25 126
25 239
26 18
102 18
105 18
126 38
136 38
131 38
134 38
296 223
312 296
14 223
14 176
14 277
72 60
184 60
32 147
279 147
16 34
16 45
1 0
96 1
155 128
288 155
155 181
181 180
42 45
193 42
241 193
41 42
41 50
50 48
49 48
88
234 74
197 74
24 74
24 88
24 210
24 191
24 109
109 107
109 128
128 123
26 197
109 79
218 79
157 109
157 3
288 157
54 74
54 242
261 54
54 84
54 302
60 3
186 60
189 60
190 60
188 60
54 83
83 82
184 60
24 23
23 69
23 239
24 19
105 19
102 19
178 74
178 176
223 178
178 277
177 74
177 34
34 70
121 34
253 34
250 34
271 250
24 57
24 25
2 25
178 4
4 28
4 0
89 88
89 126
57 56
156 3
270 34
308 270
128 127
168 127
152 128
312 152
306 168
152 46
46 45
5 23
5 96
62 3
309 62
197 225
225 39
39 131
136 39
134 39
157 181
181 180
72 127
72 71
147 34
279 147
4 13
15 13
15 63
64 63
241 64
65 63
266 65
266 49
88
234 75
152 75
152 69
152 277
152 176
152 44
44 45
152 4
253 4
4 70
57 4
121 4
4 28
305 152
305 223
11 69
11 0
11 126
11 123
11 128
25 11
26 25
25 88
210 25
25 191
85 126
85 242
302 85
85 82
25 21
96 21
102 21
2 21
105 21
25 27
197 27
24 27
8 0
84 8
3 0
116 4
116 34
25 239
108 75
108 107
218 108
312 152
305 222
168 222
303 222
303 306
72 11
72 188
186 72
72 189
72 190
32 69
32 308
39 11
136 39
39 131
134 39
155 3
288 155
196 75
261 196
196 309
261 260
156 260
250 4
271 250
57 56
72 71
25 60
184 60
147 4
279 147
44 40
42 40
193 42
241 193
155 181
181 180
41 40
41 267
267 65
266 65
266 49
