3
24
223 11
161 11
14 223
14 176
25 11
212 25
72 11
185 72
2 25
2 196
298 196
196 75
235 75
269 223
269 34
270 34
308 270
24 25
24 19
274 19
14 13
15 13
293 15
307 293
24
223 178
178 176
178 74
235 74
24 74
24 212
54 74
54 196
54 298
14 178
14 127
161 127
60 127
185 60
178 4
32 4
32 308
308 270
24 19
274 19
4 13
15 13
267 15
267 307
31
223 76
85 76
298 85
85 195
196 195
305 223
305 152
152 176
76 74
235 74
76 197
197 27
212 27
32 197
32 308
223 11
161 11
76 257
34 257
270 34
152 128
72 128
185 72
152 294
295 294
295 41
41 267
267 307
85 8
19 8
274 19
