3
26
170 127
57 127
163 127
72 127
72 188
170 128
128 38
178 128
135 38
170 25
101 25
25 27
207 25
170 126
84 126
300 84
170 11
11 0
72 3
62 3
62 247
14 127
14 13
15 13
15 63
64 63
29
124 170
124 27
207 27
24 27
24 57
27 18
101 18
124 126
126 38
24 74
178 74
11 126
11 163
135 38
57 4
4 0
84 126
103 18
103 300
124 127
60 127
188 60
54 74
54 248
248 247
4 13
15 13
15 63
64 63
31
170 127
57 127
163 127
14 57
14 178
25 127
101 25
5 25
5 0
25 27
207 25
8 0
84 8
85 8
85 300
25 60
188 60
196 300
196 249
249 247
11 127
39 11
135 39
39 38
14 152
152 44
44 45
42 45
193 42
241 193
241 64
