3
56
62 249
196 249
196 75
75 74
75 237
177 74
130 74
177 278
177 34
130 78
120 34
34 28
78 27
78 107
209 27
27 18
27 192
27 22
18 17
90 18
18 21
92 18
97 21
228 34
124 27
94 18
124 167
124 126
124 169
215 78
204 27
197 74
197 230
152 75
152 44
24 74
24 221
14 177
14 268
222 126
303 222
222 224
152 69
142 69
140 69
85 126
85 82
278 147
279 147
130 38
134 38
44 40
41 40
41 50
50 280
281 280
70
62 249
196 249
196 75
54 196
54 74
237 74
76 75
76 130
76 224
54 6
6 18
6 21
94 21
21 17
90 21
92 21
76 197
197 27
5 18
5 97
26 18
26 204
209 26
26 192
26 22
26 78
124 26
6 32
120 32
32 228
32 28
25 21
25 221
25 126
167 126
169 126
224 39
134 39
178 74
178 278
178 177
108 75
108 107
215 108
76 257
34 257
54 83
83 82
269 34
269 268
197 230
24 27
24 57
57 142
57 140
32 147
279 147
76 168
306 168
303 306
152 278
152 44
152 294
295 294
295 41
41 50
41 267
267 65
266 65
281 266
67
249 247
62 247
248 247
54 248
54 74
54 51
21 51
177 74
130 74
5 51
94 5
92 5
5 17
97 21
177 34
99 21
99 27
130 79
79 107
215 79
177 278
5 23
23 204
209 23
23 192
23 22
23 78
237 74
124 27
90 21
34 28
23 128
167 128
169 128
126 128
54 84
84 82
228 34
120 34
18 21
75 74
5 25
25 221
147 34
147 137
140 137
142 137
16 34
16 45
44 45
76 74
76 224
128 38
134 38
14 278
14 268
279 147
225 130
222 225
303 222
197 130
197 230
42 45
41 42
41 50
50 280
281 280
