3
47
18 17
5 17
111 18
103 18
5 25
114 25
25 239
209 25
108 25
25 22
207 25
25 88
25 127
217 108
25 11
5 0
7 0
4 0
68 88
68 67
108 75
75 237
235 75
196 75
196 301
298 196
196 283
2 25
2 313
54 196
54 83
116 4
116 30
122 30
25 60
184 60
57 127
150 57
145 57
145 175
25 128
155 128
155 181
4 13
15 13
15 63
66 63
52
18 17
5 18
103 5
27 18
209 27
27 88
27 22
207 27
25 27
89 88
89 11
89 127
11 69
150 69
69 67
78 27
108 78
217 78
5 23
23 239
24 27
114 24
111 18
24 74
237 74
235 74
54 74
54 283
54 298
54 301
54 83
10 54
10 7
32 69
122 32
32 4
120 32
120 30
24 138
138 175
60 127
184 60
109 11
157 109
157 181
10 2
2 313
14 127
14 13
15 13
15 63
66 63
57
21 17
18 21
103 21
5 21
25 21
26 18
26 88
209 26
26 22
207 26
25 239
108 25
114 25
25 127
11 127
217 108
53 21
53 85
85 283
298 85
85 301
85 76
76 237
85 82
83 82
76 257
257 4
119 4
119 30
31 119
31 122
57 4
150 57
11 0
7 0
138 57
138 175
76 74
235 74
57 69
69 67
111 18
3 0
155 3
155 181
2 21
2 313
60 3
184 60
34 257
16 34
16 40
41 40
41 267
267 65
65 63
66 63
