3
23
170 126
84 126
126 123
84 8
244 8
8 58
61 58
62 58
3 58
154 3
157 3
157 181
76 84
76 257
228 257
257 4
4 182
4 13
15 13
15 63
66 63
267 15
267 307
28
124 170
124 123
170 128
155 128
155 181
155 3
61 3
62 3
154 3
124 126
84 126
170 11
11 69
32 69
32 228
228 34
34 182
3 0
8 0
244 8
16 34
16 40
41 40
41 267
267 307
267 65
65 63
66 63
30
170 127
127 123
60 127
60 58
61 58
62 58
11 127
39 11
133 39
133 154
57 127
57 4
4 182
250 4
250 228
109 11
157 109
157 181
168 127
76 168
76 84
14 127
14 13
15 13
293 15
307 293
8 58
244 8
15 63
66 63
