3
226
100 21
100 20
2 21
102 21
91 21
25 21
53 21
104 21
25 204
207 25
25 239
211 25
25 203
170 25
25 60
209 25
25 126
60 3
184 60
72 60
157 3
164 126
165 126
158 126
157 109
222 126
154 3
125 126
245 109
222 225
303 222
246 109
304 222
305 222
303 306
173 126
217 109
109 79
225 130
109 78
125 240
5 21
126 38
2 196
25 113
81 109
131 38
134 38
38 37
298 196
196 231
196 299
135 38
206 25
76 225
79 77
84 126
76 73
232 76
76 257
84 242
236 76
233 76
76 87
76 238
234 76
84 82
196 285
62 3
83 82
90 21
310 62
106 21
2 313
187 60
6 21
25 22
25 127
96 21
98 21
57 127
159 127
25 192
145 57
57 142
57 69
57 137
145 153
150 57
155 3
138 57
14 127
57 56
194 159
76 237
57 140
32 257
14 13
69 67
14 177
14 268
32 253
32 118
32 117
116 32
148 137
122 32
196 195
14 179
59 3
174 126
32 256
305 152
257 4
212 25
282 253
196 309
52 53
198 25
254 32
196 300
160 127
286 145
61 3
171 126
118 33
32 255
117 29
120 32
152 294
32 227
250 4
312 152
14 176
295 294
14 278
252 32
271 250
116 30
295 41
4 86
251 32
258 32
41 50
41 40
41 267
32 308
50 48
43 40
267 307
32 121
50 280
307 293
126 123
196 249
197 225
157 181
228 257
215 109
132 38
196 289
188 60
305 223
190 60
166 126
24 25
225 75
25 199
25 201
130 74
25 273
161 127
200 145
223 275
143 57
281 280
229 181
272 75
235 75
281 266
32 28
16 13
152 44
25 221
172 126
213 25
3 35
156 3
167 126
284 25
25 205
97 21
105 21
16 45
2 8
103 21
244 8
101 21
95 21
92 21
94 21
60 58
21 51
41 42
193 42
241 193
189 60
262 189
147 137
279 147
108 25
290 108
225 39
226 39
100 18
111 18
25 128
220 128
19 100
274 19
34 257
34 47
54 53
54 248
25 27
202 27
240
100 1
103 1
1 21
53 1
102 1
25 1
104 1
90 1
5 1
106 1
53 196
96 1
98 1
2 25
20 1
101 1
95 1
105 1
103 300
5 97
300 84
196 75
298 84
299 84
75 73
236 75
233 75
238 75
76 84
84 285
152 75
232 75
76 130
16 152
84 8
130 79
152 177
152 278
217 79
16 40
130 38
6 8
44 40
81 79
75 87
152 176
44 45
234 75
75 74
92 1
235 74
84 195
152 4
152 69
251 4
258 4
120 4
256 4
252 4
57 4
121 4
142 69
255 4
120 33
143 69
4 118
140 69
122 33
120 30
150 69
117 4
4 28
130 78
24 74
78 77
24 138
24 145
24 204
24 207
24 109
200 138
24 211
24 203
24 209
24 113
24 206
286 138
24 22
24 192
254 4
120 29
24 199
198 24
24 201
6 32
24 212
223 76
4 13
153 69
69 137
24 205
152 179
24 221
24 284
94 1
84 289
8 58
253 4
59 58
61 58
3 58
215 79
72 3
62 58
72 187
72 190
309 62
32 228
72 127
250 228
228 227
164 127
165 127
170 127
60 127
158 127
170 126
172 127
173 127
171 127
125 127
62 249
310 309
271 228
166 127
174 127
53 51
72 188
167 127
52 51
75 237
116 4
76 197
14 152
213 24
127 123
18 1
18 91
134 38
131 38
53 85
85 242
85 82
156 3
184 60
225 75
269 223
269 268
305 269
76 168
304 168
306 168
168 222
43 40
23 1
23 273
23 239
69 67
111 18
303 306
4 86
135 38
246 109
282 253
25 11
11 160
11 194
161 11
57 56
125 240
178 177
178 275
152 294
38 37
2 313
295 294
244 8
62 247
248 247
312 152
76 257
196 231
133 38
133 154
152 128
155 128
155 181
157 155
148 137
139 69
139 159
32 308
54 196
54 83
220 128
229 181
3 35
15 13
267 15
293 15
267 65
266 65
267 307
281 266
132 38
266 49
49 48
108 75
108 245
41 40
281 280
50 48
290 108
272 75
78 27
202 27
278 147
279 147
15 63
64 63
241 64
241 193
19 1
274 19
39 38
226 39
16 34
34 47
72 189
262 189
238
100 21
20 21
103 20
102 20
104 20
90 20
106 20
103 5
101 20
5 25
5 96
5 98
95 20
105 20
92 20
94 20
5 51
91 21
52 51
5 23
23 204
23 113
207 23
211 23
23 203
209 23
23 79
206 23
23 22
23 192
23 78
23 199
217 78
81 78
23 97
198 23
23 69
24 23
212 23
24 57
23 205
213 23
215 78
32 69
14 57
32 197
32 4
197 130
197 74
14 223
74 73
236 74
233 74
238 74
177 74
76 74
234 74
177 278
74 87
232 74
177 176
76 75
177 179
237 74
24 145
145 137
138 137
140 137
143 137
142 137
150 137
138 153
200 153
286 153
197 225
251 32
122 32
122 29
122 30
29 28
121 29
33 28
116 29
117 33
54 51
54 299
54 300
54 298
54 84
54 242
54 285
54 231
54 6
54 195
54 289
32 255
252 32
25 60
14 13
115 113
115 250
170 25
258 32
16 13
5 0
3 0
2 0
8 0
16 40
62 3
188 60
54 248
284 25
59 3
61 59
84 82
44 40
32 118
154 3
23 128
72 128
128 127
128 38
172 128
109 128
165 128
126 128
173 128
171 128
125 128
167 128
166 128
158 128
174 128
164 128
128 123
25 239
161 127
245 109
160 127
157 3
296 223
296 294
312 296
305 296
296 152
16 45
157 181
310 62
25 273
53 21
155 3
79 77
235 74
196 75
120 32
190 60
271 250
54 83
159 127
62 249
194 159
32 227
223 275
32 257
25 201
309 62
76 224
222 224
14 268
224 39
39 131
134 39
39 37
135 39
304 222
303 222
254 32
187 60
68 69
68 67
60 58
32 228
32 256
25 221
32 253
177 34
270 34
308 270
42 40
41 42
193 42
41 50
295 41
41 267
50 280
261 54
261 260
156 260
168 127
306 168
267 65
266 65
34 47
282 253
57 56
2 313
281 280
244 8
148 137
226 39
220 128
184 60
4 86
43 40
15 13
293 15
307 293
241 193
125 240
272 75
3 35
229 181
246 109
132 38
50 48
18 21
111 18
23 27
202 27
32 147
279 147
19 21
274 19
108 79
290 108
189 60
262 189
