3
98
81 80
81 78
219 78
217 78
78 27
218 78
27 22
207 27
205 27
202 27
203 27
27 88
139 203
68 88
24 219
24 138
287 138
27 18
101 18
95 18
102 18
105 18
100 18
103 18
92 18
18 21
53 21
52 53
24 74
74 87
54 53
54 264
54 84
54 231
261 54
54 243
54 242
84 126
125 126
170 126
125 127
173 126
72 127
166 126
72 71
126 38
134 38
132 38
84 8
244 8
222 126
304 222
222 224
76 74
76 257
24 19
274 19
257 4
256 4
147 4
250 4
279 147
278 147
119 4
4 182
4 118
14 127
14 268
14 176
269 268
14 179
57 139
57 140
141 57
57 56
149 57
139 159
194 159
152 4
152 44
72 3
3 35
44 40
43 40
178 74
178 276
41 40
41 267
81 108
290 108
41 50
50 48
50 280
267 65
266 65
157 3
157 181
181 180
106
81 80
81 79
219 79
217 79
218 79
23 79
23 22
23 27
207 23
23 78
23 205
23 203
23 88
23 69
141 69
140 69
139 69
68 69
149 69
200 27
200 138
200 287
23 1
53 1
95 1
102 1
100 1
101 1
105 1
103 1
92 1
1 21
53 196
196 231
261 196
196 243
84 243
84 264
84 242
69 137
147 137
250 147
76 84
76 224
76 87
147 34
34 182
269 34
34 118
256 34
119 34
34 257
224 39
134 39
269 268
223 76
223 276
11 69
11 194
125 11
11 127
72 11
170 11
11 126
166 11
173 11
202 27
72 71
152 69
152 179
152 176
152 278
152 44
279 147
52 53
76 168
304 168
57 69
57 56
108 79
290 108
19 1
274 19
39 38
132 38
19 8
244 8
1 0
3 0
3 35
16 34
16 13
15 13
267 15
16 40
43 40
15 63
65 63
266 65
281 266
281 280
266 49
49 48
155 3
155 181
181 180
111
81 80
81 109
219 109
217 109
109 78
24 109
24 22
24 27
24 207
24 205
24 203
24 88
24 25
101 25
25 21
170 25
25 127
100 21
105 21
95 21
102 21
103 21
92 21
25 126
173 127
166 127
53 21
85 126
85 242
85 264
85 243
21 51
52 51
24 145
287 145
139 203
109 128
72 128
125 128
145 137
140 137
141 137
138 137
149 137
178 128
178 278
178 176
178 179
147 137
178 276
32 147
32 256
32 119
32 118
32 257
24 57
68 57
305 178
305 269
108 109
218 108
250 147
108 75
75 87
103 300
300 84
178 4
4 182
128 38
134 38
54 85
261 54
54 231
168 127
304 168
14 178
14 268
85 76
76 224
109 11
11 194
57 56
202 27
72 71
152 128
152 46
46 45
44 45
290 108
279 147
42 45
41 42
41 267
132 38
41 50
50 48
50 280
49 48
266 49
85 8
244 8
101 19
274 19
42 40
43 40
25 60
60 3
3 35
157 109
157 181
181 180
