3
21
269 223
223 11
25 11
212 25
25 191
5 25
104 5
102 5
11 0
6 0
54 6
261 54
54 195
223 76
76 168
306 168
296 269
296 294
295 294
295 41
41 50
23
269 223
305 269
305 222
303 222
303 306
222 126
85 126
85 195
85 8
6 8
196 195
261 196
19 8
104 19
102 19
24 19
24 191
24 212
269 34
16 34
16 40
41 40
41 50
23
305 269
305 223
305 152
152 69
23 69
212 23
23 191
23 1
104 1
102 1
32 69
6 32
223 76
76 84
84 195
54 84
261 54
76 168
306 168
152 44
44 40
41 40
41 50
