3
58
84 242
298 84
84 243
84 283
84 82
76 84
232 76
76 225
76 168
225 39
39 11
89 11
109 11
11 0
108 109
81 109
109 78
291 108
290 108
78 27
204 27
27 22
206 27
24 109
24 138
114 24
24 284
298 196
196 249
53 196
53 51
1 0
90 1
95 1
72 11
186 72
4 0
116 4
258 4
11 69
68 69
140 69
150 69
143 69
133 39
133 154
11 128
155 128
220 128
76 75
272 75
32 4
32 227
4 13
15 13
293 15
267 15
267 65
65
54 242
54 53
54 298
54 243
54 283
54 51
54 84
53 21
95 21
90 21
10 54
10 0
25 21
284 25
108 25
25 204
25 27
108 78
81 108
25 11
114 25
206 25
25 89
25 22
25 128
109 128
291 108
200 27
200 138
39 11
108 75
225 75
232 75
220 128
138 137
140 137
143 137
150 137
272 75
25 60
186 60
290 108
85 242
85 76
85 82
3 0
154 3
155 3
62 3
62 249
25 127
168 127
25 88
68 88
54 6
6 32
116 32
258 32
32 227
14 127
14 13
15 13
15 63
65 63
293 15
73
84 242
298 84
84 126
11 126
89 126
84 283
84 8
8 0
222 126
222 225
168 222
19 8
19 95
90 19
225 130
130 78
76 130
81 78
124 126
124 27
24 19
24 204
24 206
24 22
130 79
108 79
109 79
298 85
53 85
85 243
157 109
157 155
24 284
24 57
150 57
138 57
68 57
57 140
143 57
27 113
114 113
5 0
5 51
84 82
130 74
232 74
126 38
39 38
76 257
34 257
116 34
258 34
228 257
228 227
157 3
154 3
196 283
196 249
60 3
186 60
291 108
290 108
126 128
220 128
75 74
272 75
16 34
16 40
41 40
41 267
267 307
307 293
267 65
