3
27
54 248
54 51
54 299
54 74
76 74
76 224
54 85
85 126
158 126
89 126
125 126
125 240
85 8
8 58
59 58
24 74
24 138
286 138
177 74
296 177
296 294
295 294
295 41
41 50
50 280
50 48
49 48
28
54 248
54 51
54 299
21 51
25 21
25 89
25 11
158 11
39 11
224 39
125 11
125 240
25 60
60 3
59 3
24 25
24 145
286 145
25 127
14 127
14 13
15 13
267 15
267 65
266 65
266 49
281 266
281 280
30
54 248
54 53
53 51
54 196
196 299
54 84
84 126
158 126
89 126
222 126
222 224
124 126
124 26
200 26
286 200
248 247
62 247
62 3
59 3
124 125
125 240
196 75
152 75
16 152
16 40
41 40
41 50
50 280
50 48
49 48
