3
23
244 8
84 8
300 84
196 300
53 196
52 53
8 58
60 58
60 127
11 127
109 11
57 127
57 140
14 127
14 297
57 4
258 4
116 4
116 29
14 13
15 13
15 63
65 63
25
244 8
85 8
85 300
2 8
2 196
2 25
25 127
24 25
24 109
6 8
6 32
258 32
32 69
140 69
120 32
120 29
152 69
152 297
53 85
52 53
152 294
295 294
295 41
41 267
267 65
24
244 8
19 8
103 19
103 300
196 300
24 19
24 109
109 128
128 127
178 128
178 297
5 19
5 51
52 51
178 4
258 4
119 4
119 29
24 57
57 140
4 13
15 13
267 15
267 65
