3
36
222 224
304 222
222 126
170 126
126 38
132 38
89 126
89 203
25 126
25 191
214 25
203 27
200 27
202 27
108 25
217 108
5 25
104 5
85 126
85 195
54 85
54 83
25 60
60 3
3 35
305 222
305 152
152 44
152 4
252 4
44 40
41 40
41 50
50 280
50 48
49 48
40
224 39
39 11
170 11
25 11
25 203
109 11
217 109
26 25
200 26
214 26
26 191
25 1
104 1
39 38
132 38
25 27
202 27
76 224
76 168
304 168
76 84
84 195
84 82
83 82
11 69
32 69
252 32
152 69
152 44
11 0
3 0
3 35
152 294
295 294
295 41
41 50
50 280
281 280
281 266
266 49
43
222 224
304 222
168 222
168 127
170 127
25 127
214 25
25 203
25 21
104 21
25 191
23 25
23 78
217 78
57 127
145 57
200 145
2 25
2 196
196 195
57 4
252 4
54 196
54 83
4 13
16 13
16 45
44 45
214 27
202 27
15 13
15 63
65 63
266 65
266 49
281 266
281 280
72 127
72 3
3 35
128 127
128 38
132 38
