3
36
184 60
25 60
198 25
25 203
60 3
155 3
154 3
26 25
200 26
5 25
106 5
25 11
223 11
172 11
11 194
25 126
84 126
299 84
26 197
32 197
122 32
32 253
282 253
32 147
279 147
253 34
16 34
32 4
4 86
16 40
42 40
193 42
16 13
15 13
15 63
66 63
40
184 60
60 127
172 127
14 127
14 223
128 127
155 128
14 152
16 152
23 128
198 23
23 203
23 27
200 27
23 1
106 1
159 127
194 159
152 4
4 86
172 126
85 126
85 299
116 4
116 29
122 29
253 4
282 253
147 4
279 147
128 38
133 38
133 154
16 45
42 45
193 42
241 193
241 64
64 63
66 63
43
184 60
72 60
72 128
172 128
178 128
223 178
155 128
89 128
89 203
24 203
198 24
24 138
200 138
24 19
106 19
178 74
54 74
54 299
72 3
154 3
152 128
16 152
72 11
11 194
178 4
120 4
31 120
31 122
4 86
178 278
278 147
279 147
253 4
282 253
152 46
46 45
42 45
193 42
41 42
41 267
267 65
65 63
66 63
