3
34
148 137
150 137
69 137
68 69
23 69
210 23
23 79
23 239
152 69
152 176
152 179
11 69
72 11
164 11
11 0
9 0
125 11
125 240
72 3
156 3
23 128
220 128
32 69
251 32
128 38
132 38
178 176
178 275
23 1
19 1
274 19
10 0
10 54
54 83
36
148 137
57 137
68 57
150 57
57 127
164 127
72 127
57 4
251 4
14 57
14 176
14 179
14 223
223 275
24 57
24 210
25 127
25 239
24 109
109 79
4 0
9 0
125 127
125 240
24 19
274 19
3 0
156 3
128 127
220 128
164 126
84 126
84 82
83 82
126 38
132 38
36
148 137
150 137
147 137
147 34
251 34
177 34
177 179
177 176
178 177
178 275
178 128
164 128
72 128
25 128
210 25
108 25
108 79
25 239
25 88
68 88
2 25
2 8
8 9
220 128
177 74
54 74
54 83
261 54
261 260
156 260
125 128
125 240
19 8
274 19
128 38
132 38
