3
76
105 21
105 20
92 21
99 21
94 21
25 21
104 21
25 201
25 11
25 126
171 11
96 21
208 25
206 25
72 11
99 27
25 127
114 25
24 99
24 219
24 145
145 175
11 69
143 69
140 69
141 69
85 126
85 301
85 265
196 301
85 292
196 309
85 242
309 62
310 309
32 69
120 32
32 121
32 4
120 29
120 33
32 117
178 4
116 32
178 277
178 259
152 69
311 152
152 294
295 294
105 18
111 18
24 74
238 74
108 25
218 108
81 108
291 108
25 60
184 60
197 27
197 230
197 225
16 152
16 40
223 11
269 223
72 3
154 3
295 41
41 267
267 65
266 65
281 266
65 63
66 63
82
105 21
20 21
92 20
94 20
104 20
105 5
5 25
5 96
25 99
25 27
201 27
208 27
206 27
5 0
11 0
4 0
11 127
121 4
116 4
171 127
121 29
121 33
117 4
120 4
11 126
72 127
152 4
152 277
152 259
78 27
219 78
81 78
218 78
152 294
114 25
152 44
44 40
84 126
84 242
84 265
84 292
301 84
196 265
311 152
39 11
225 39
25 128
178 128
295 294
196 309
133 39
133 154
57 4
57 140
145 57
143 57
141 57
138 57
138 175
152 75
238 75
121 34
269 34
310 309
310 62
108 78
291 108
18 21
111 18
60 127
184 60
41 40
41 50
50 280
281 280
281 266
266 65
26 25
26 197
197 230
65 63
66 63
85
105 19
19 21
92 19
94 19
104 19
19 20
24 19
24 201
24 27
24 25
24 208
24 206
114 24
24 145
24 219
124 27
124 126
124 127
124 171
124 128
72 128
11 128
14 127
14 277
14 178
14 259
14 268
269 268
2 21
2 196
196 292
296 269
296 294
311 296
196 301
196 265
145 175
222 126
222 225
196 249
62 249
76 225
76 238
54 196
54 242
309 62
145 137
143 137
140 137
141 137
310 62
219 79
218 79
81 79
99 21
14 13
4 13
105 1
96 1
116 4
116 29
116 33
117 29
120 4
121 4
16 13
16 40
62 3
154 3
295 294
15 13
267 15
267 65
266 65
281 266
15 63
66 63
72 60
184 60
92 18
111 18
76 197
197 230
108 219
291 108
