3
23
24 204
25 204
25 273
24 74
238 74
2 25
2 313
24 109
81 109
24 57
57 4
251 4
258 4
253 4
255 4
4 13
15 13
293 15
267 15
41 267
41 50
267 65
266 65
28
23 204
23 273
24 23
23 78
81 78
23 69
32 69
258 32
251 32
32 253
32 255
130 78
76 130
76 238
23 25
2 25
2 313
152 69
152 294
295 294
295 41
41 50
50 280
281 280
281 266
41 267
267 307
307 293
26
24 204
24 25
25 273
108 25
81 108
108 75
238 75
152 75
152 4
258 4
251 4
253 4
255 4
25 21
2 21
2 313
14 152
14 13
15 13
293 15
15 63
65 63
266 65
266 49
49 48
50 48
