3
29
263 125
125 128
23 128
23 97
109 128
219 109
23 1
20 1
1 17
155 128
155 181
23 69
32 69
116 32
146 69
146 287
155 3
156 3
156 260
263 168
76 168
232 76
76 74
235 74
152 128
16 152
16 40
41 40
42 40
29
263 125
125 11
109 11
157 109
157 181
219 109
25 11
25 21
20 21
97 21
21 17
6 21
6 32
116 32
108 109
108 75
232 75
235 75
54 6
261 54
261 260
11 69
153 69
287 153
152 75
152 294
295 294
295 41
41 42
31
125 126
222 126
263 222
25 126
5 25
5 97
5 17
20 17
24 25
24 219
24 74
232 74
24 138
287 138
197 74
32 197
235 74
32 4
116 4
152 4
152 44
44 45
42 45
41 42
126 128
155 128
155 181
2 25
2 196
261 196
261 260
