3
25
261 54
54 51
5 51
5 12
5 23
198 23
209 23
24 23
24 145
286 145
23 78
217 78
23 128
155 128
288 155
72 128
72 190
128 38
39 38
226 39
152 128
16 152
16 40
41 40
41 50
28
261 196
53 196
53 51
53 1
1 12
25 1
198 25
209 25
108 25
217 108
25 60
190 60
24 25
24 138
286 138
24 145
108 109
157 109
288 157
25 11
39 11
226 39
196 75
152 75
152 294
295 294
295 41
41 50
28
261 54
54 51
54 74
24 74
198 24
24 209
24 57
145 57
24 109
217 109
286 145
5 51
5 12
157 109
288 157
57 127
60 127
190 60
76 74
76 224
224 39
226 39
14 57
14 13
15 13
267 15
41 267
41 50
