3
130
24 99
99 21
24 199
114 24
24 201
102 21
24 88
21 17
104 21
24 211
100 21
103 21
24 109
24 22
109 78
109 128
215 109
220 128
164 128
174 128
152 128
24 210
312 152
24 36
101 21
198 24
24 57
24 207
57 139
141 57
57 140
98 21
20 21
91 21
96 21
18 21
81 109
218 78
81 80
171 128
78 77
57 137
128 123
148 137
152 4
116 4
258 4
117 4
256 4
4 28
254 4
116 33
116 29
253 4
252 4
282 253
2 21
10 2
2 196
10 7
196 289
261 196
85 289
84 289
85 264
85 76
232 76
76 237
236 76
76 224
76 197
197 230
16 152
16 40
16 45
43 40
42 40
193 42
224 39
226 39
72 128
186 72
72 71
72 189
72 183
72 60
60 58
184 60
157 109
288 157
157 181
229 181
24 138
138 153
68 88
68 67
178 128
178 276
116 34
270 34
269 34
25 99
25 239
25 273
32 4
32 227
2 8
244 8
8 9
109 11
11 194
24 74
235 74
125 128
263 125
147 137
279 147
99 27
202 27
41 40
41 50
50 48
152 75
272 75
49 48
266 49
266 65
65 63
15 63
293 15
139
24 99
23 99
23 273
23 22
23 199
23 78
23 88
23 128
211 23
215 78
23 239
210 23
23 36
198 23
207 23
81 78
24 19
102 19
19 17
104 19
103 19
19 100
101 19
19 21
19 20
102 18
18 91
24 203
139 203
139 137
141 137
140 137
6 21
10 6
148 137
114 24
164 128
6 32
116 32
258 32
32 28
252 32
32 256
33 28
29 28
32 197
254 32
32 117
32 253
32 227
23 79
79 77
109 79
218 79
23 1
98 1
96 1
197 74
236 74
232 74
237 74
76 74
76 84
84 264
24 57
54 6
54 289
54 196
261 54
54 85
24 25
25 60
25 201
186 60
183 60
189 60
19 8
8 58
139 159
194 159
23 69
152 69
153 69
69 67
197 230
152 44
44 40
44 45
42 45
43 40
76 224
6 0
7 0
9 0
235 74
193 42
282 253
171 128
223 76
269 223
223 276
81 80
220 128
76 168
263 168
155 128
155 181
288 155
229 181
312 152
244 8
128 123
32 308
308 270
184 60
174 128
41 42
41 50
50 48
241 193
241 64
64 63
24 27
202 27
41 267
267 307
307 293
50 280
281 280
281 266
75 74
272 75
32 147
279 147
72 128
72 71
128 38
39 38
226 39
140
26 99
24 26
26 18
26 199
26 201
26 78
26 88
18 17
104 18
211 26
100 18
103 18
26 22
26 197
26 210
26 36
101 18
198 26
207 26
20 18
102 20
124 26
124 164
124 171
174 124
124 128
124 123
26 25
114 25
25 21
130 78
76 130
25 273
25 239
232 76
76 237
103 300
85 300
300 84
196 300
124 127
60 127
57 127
85 289
183 60
141 57
236 76
54 300
54 264
10 54
57 139
261 196
81 78
78 77
218 78
57 140
60 58
24 109
189 60
18 91
5 18
5 96
5 98
186 60
24 219
215 219
76 75
235 75
10 7
152 128
24 145
145 137
145 153
152 46
46 45
296 152
312 296
296 269
42 45
42 40
76 257
34 257
253 34
258 34
34 28
254 34
252 34
256 34
117 34
117 33
117 29
116 34
228 257
228 227
270 34
197 225
222 225
263 222
222 224
57 69
69 67
85 8
8 9
296 223
223 276
164 11
11 194
193 42
43 40
184 60
148 137
220 128
155 128
155 181
288 155
244 8
81 80
229 181
197 230
272 75
282 253
14 127
14 13
15 13
15 63
293 15
267 15
267 65
266 65
266 49
49 48
50 48
225 39
226 39
72 127
72 71
27 18
202 27
147 34
279 147
