3
299
184 60
60 127
187 60
185 60
60 58
169 127
158 127
174 127
173 127
161 127
163 127
89 127
61 58
127 123
162 127
8 58
189 60
172 127
128 127
57 127
262 189
85 8
220 128
178 128
138 57
149 57
57 4
143 57
85 283
178 275
138 153
85 301
223 178
121 4
286 138
138 175
57 69
117 4
121 29
85 242
178 278
69 67
109 128
57 140
85 292
4 28
178 177
31 121
81 109
246 109
85 264
178 297
219 109
109 79
150 57
144 57
216 109
85 265
157 109
218 79
257 4
119 4
157 181
121 30
54 85
178 259
196 283
181 180
10 54
288 157
196 309
196 249
54 248
261 54
310 309
54 51
186 60
85 289
164 127
52 51
298 85
305 178
269 223
261 260
79 77
228 257
156 260
249 247
4 86
271 228
116 4
305 222
178 176
250 4
304 222
303 222
120 4
222 225
222 224
10 7
228 227
57 142
215 109
8 0
122 29
263 222
197 225
1 0
258 4
26 197
94 1
105 1
217 109
104 1
90 1
95 1
101 1
296 223
81 80
147 4
296 294
1 17
18 1
208 26
206 26
198 26
279 147
312 296
295 294
207 26
111 18
109 78
98 1
26 204
295 41
209 26
112 18
26 99
26 210
41 42
41 50
41 267
26 110
50 280
20 1
193 42
42 45
267 15
281 280
241 193
100 1
15 63
106 1
211 26
41 40
66 63
44 45
281 266
26 113
241 64
43 40
266 49
26 22
267 65
114 113
314 41
102 1
93 1
26 205
267 307
26 201
296 46
26 192
57 56
251 4
178 277
212 26
57 137
4 182
121 33
196 75
145 57
68 57
16 45
85 76
26 191
121 34
253 4
287 138
124 127
85 243
115 4
109 107
229 181
57 139
252 4
178 276
197 27
141 57
269 268
54 231
152 128
6 8
4 70
26 199
54 83
89 203
213 26
225 39
169 126
23 128
254 4
55 51
96 1
21 51
197 230
245 109
26 36
214 26
39 37
238 75
148 137
134 39
23 239
75 237
233 75
75 73
39 131
234 75
23 97
135 39
270 34
75 87
282 253
133 39
226 39
308 270
2 8
85 285
24 57
178 179
244 8
85 300
4 13
178 74
159 127
256 4
146 57
302 85
84 8
108 109
8 9
255 4
165 127
19 8
166 127
53 85
85 195
85 82
92 1
18 91
235 75
23 273
272 75
34 47
24 221
2 313
291 108
274 19
168 127
14 127
62 58
85 299
171 127
167 127
89 88
59 58
188 60
160 127
128 38
103 1
236 75
24 284
136 39
132 38
11 127
170 127
72 60
125 127
60 3
1 12
125 240
3 35
183 60
190 60
303 306
72 71
25 60
133 154
303
184 60
60 127
25 127
72 127
213 25
25 201
25 1
198 25
101 25
25 89
25 204
25 99
210 25
25 192
26 25
25 128
185 72
25 113
72 189
169 128
158 128
174 128
173 128
128 123
162 128
171 128
172 128
284 25
214 25
207 25
26 78
164 128
25 21
81 78
219 78
218 78
100 21
95 21
81 79
106 21
25 273
78 77
96 21
21 17
25 126
206 25
53 1
85 126
165 128
52 53
53 51
54 53
53 196
126 38
54 298
54 301
54 242
54 264
134 38
136 38
54 292
54 265
222 126
54 285
54 195
101 18
23 25
131 38
53 55
98 21
23 69
166 128
25 239
150 69
69 137
143 69
149 69
54 289
140 69
144 69
153 69
186 72
68 69
103 21
287 153
286 153
68 67
138 137
145 137
54 302
39 38
145 175
147 137
141 69
72 3
147 34
224 39
157 3
61 3
3 58
269 34
142 69
76 224
156 3
34 182
278 147
34 70
255 34
120 34
76 237
234 76
105 21
76 225
223 76
120 33
14 278
253 34
223 276
122 33
14 277
14 297
14 268
256 34
177 34
14 57
14 178
34 257
119 34
76 73
76 197
178 4
120 30
14 259
14 176
147 228
31 120
250 147
252 34
116 34
223 275
258 34
305 269
76 75
62 3
117 34
120 29
62 247
310 62
309 62
62 249
236 76
233 76
19 1
154 3
254 34
271 250
76 238
34 28
296 269
25 203
14 13
72 188
217 78
15 13
94 21
114 25
25 36
25 199
125 128
215 78
263 125
54 283
97 21
6 21
251 34
102 21
93 21
216 78
14 179
248 247
135 38
261 196
104 21
16 34
54 300
72 183
76 87
54 299
54 74
78 107
54 243
10 6
115 113
16 40
139 69
92 21
38 37
208 25
84 126
133 38
235 74
44 40
139 159
84 82
42 40
83 82
3 0
152 69
9 0
7 0
152 294
152 46
312 152
46 45
25 88
196 231
59 3
25 27
108 25
209 25
108 245
167 128
146 69
72 187
124 89
72 190
25 22
211 25
25 191
91 21
170 25
25 110
90 21
101 20
25 11
24 25
109 11
168 222
11 160
161 11
304 168
25 221
11 163
306 168
25 205
2 25
212 25
291 108
295 294
303 222
2 313
125 240
193 42
220 128
32 69
32 227
32 308
32 121
5 25
5 12
155 128
288 155
155 181
197 230
112 18
15 63
64 63
65 63
266 65
181 180
66 63
272 75
270 34
111 18
132 38
81 80
279 147
246 109
72 71
293 15
307 293
274 19
41 40
226 39
267 15
57 56
314 41
281 266
266 49
148 137
282 253
3 35
85 8
34 47
4 86
281 280
244 8
43 40
262 189
156 260
229 181
241 193
41 50
304
184 60
187 60
186 60
185 60
189 60
60 58
60 3
188 60
8 58
61 58
61 59
157 3
19 8
104 19
105 19
19 100
19 95
101 19
19 17
106 19
94 19
19 21
104 18
53 21
1 21
99 21
26 18
23 1
26 203
213 23
23 192
23 204
210 23
23 79
23 113
214 23
219 79
23 78
207 23
206 23
198 23
217 79
90 19
92 19
6 18
23 199
54 6
215 79
54 196
108 79
298 196
196 292
196 301
81 108
196 265
218 108
196 195
108 75
27 18
225 75
201 27
26 88
208 23
6 0
152 75
11 0
4 0
10 0
152 179
152 277
158 11
223 11
162 11
11 69
11 128
152 259
152 297
14 152
152 177
172 11
171 11
169 11
11 123
89 11
174 11
173 11
296 152
305 152
152 176
164 11
165 11
11 126
166 11
39 11
54 84
103 19
84 283
76 84
84 264
84 242
76 257
152 278
125 11
152 44
76 168
23 36
263 168
302 196
167 11
209 23
139 203
124 26
139 137
79 107
150 137
141 137
149 137
140 137
144 137
72 11
196 289
142 137
196 243
146 137
143 137
146 287
19 20
23 22
287 145
211 23
286 145
145 153
196 299
75 74
23 191
236 74
233 74
197 74
74 73
234 74
238 74
170 11
23 110
196 300
74 87
16 152
102 19
16 13
23 205
216 203
68 88
237 74
24 19
93 19
114 24
24 138
196 285
212 23
24 109
2 21
223 275
276 275
145 175
39 131
5 19
5 98
5 97
5 51
5 96
52 53
6 32
32 253
252 32
258 32
32 256
32 147
32 228
116 32
254 32
116 29
120 32
32 255
32 70
122 32
228 34
116 31
32 119
250 228
251 32
115 250
116 30
116 33
32 28
32 117
54 248
271 228
32 227
224 39
304 168
261 54
152 46
14 268
7 0
8 9
248 247
44 45
178 4
1 12
53 55
23 239
84 82
4 182
261 260
235 75
39 37
23 273
136 39
161 11
134 39
42 45
157 181
79 77
41 42
222 225
108 245
41 267
130 79
130 38
295 41
267 65
267 307
15 13
65 63
53 85
44 40
64 63
11 160
121 4
11 163
196 249
269 223
62 58
69 67
241 64
306 168
156 3
266 65
310 62
288 157
312 152
11 127
303 306
25 60
54 231
24 221
24 284
135 39
152 294
183 60
190 60
57 4
54 83
196 309
32 308
91 21
308 270
11 194
194 159
154 3
133 39
81 80
148 137
314 41
220 128
281 266
246 109
57 56
226 39
181 180
281 280
50 280
50 48
49 48
112 18
282 253
132 38
34 47
4 86
291 108
111 18
274 19
272 75
66 63
3 35
262 189
43 40
2 313
279 147
244 8
197 230
125 240
193 42
72 71
229 181
