3
23
32 147
32 227
147 4
178 4
178 275
305 178
305 222
168 222
222 224
178 74
233 74
235 74
54 74
54 298
24 74
24 22
24 214
24 138
286 138
4 13
15 13
15 63
64 63
29
147 228
228 227
147 137
145 137
286 145
228 257
76 257
233 76
76 168
76 224
85 76
298 85
223 76
223 275
76 225
222 225
76 75
235 75
69 137
23 69
23 22
214 23
147 34
16 34
16 45
42 45
193 42
241 193
241 64
27
278 147
178 278
178 275
14 278
14 127
168 127
25 127
214 25
25 22
168 222
222 224
25 126
84 126
298 84
152 278
152 75
233 75
235 75
26 25
200 26
286 200
32 147
32 227
14 13
15 13
15 63
64 63
