3
20
24 22
24 145
286 145
24 57
144 57
57 4
116 4
57 127
164 127
127 123
164 126
85 126
126 38
131 38
54 85
54 196
196 309
4 0
3 0
156 3
23
26 22
200 26
200 145
286 200
124 26
124 164
124 123
145 137
144 137
26 197
32 197
116 32
76 197
85 76
164 11
39 11
39 131
76 75
196 75
196 309
261 196
261 260
156 260
21
25 22
25 11
11 123
25 128
164 128
11 69
144 69
153 69
145 153
286 153
128 38
131 38
32 69
116 32
25 126
85 126
25 60
60 3
156 3
62 3
309 62
