3
23
24 203
24 19
198 24
24 221
19 1
1 0
4 0
252 4
11 0
11 129
178 4
178 278
11 127
168 127
53 1
53 196
196 309
4 13
15 13
15 63
64 63
241 64
241 193
24
23 203
198 23
25 203
25 221
5 23
5 0
5 19
23 128
128 129
152 128
152 278
25 127
168 127
3 0
62 3
309 62
23 69
32 69
252 32
152 46
46 45
42 45
193 42
241 193
26
203 27
198 27
124 27
124 129
25 27
2 25
2 0
101 25
101 19
25 221
124 127
14 127
14 278
2 196
196 309
14 177
177 34
252 34
197 27
76 197
76 168
16 34
16 40
42 40
193 42
241 193
