3
27
281 280
50 280
41 50
295 41
295 294
152 294
152 277
305 152
305 222
263 222
303 222
303 306
152 128
124 128
124 27
209 27
27 22
27 18
111 18
155 128
155 181
181 180
152 4
253 4
282 253
116 4
116 33
30
281 266
266 65
267 65
41 267
295 41
267 15
15 13
14 13
14 277
4 13
4 28
33 28
14 127
168 127
306 168
263 168
25 127
25 22
209 25
25 27
26 25
26 18
111 18
253 4
282 253
4 0
3 0
157 3
157 181
181 180
30
281 280
50 280
41 50
295 41
41 40
16 40
16 152
152 277
16 34
34 118
118 33
152 69
23 69
23 27
209 23
23 22
11 69
125 11
263 125
263 168
306 168
253 34
282 253
23 1
18 1
111 18
109 11
157 109
157 181
181 180
