3
64
10 0
10 54
54 289
54 248
54 195
8 0
244 8
1 0
105 1
102 1
92 1
103 1
54 74
76 74
232 74
76 168
263 168
177 74
296 177
152 177
296 269
152 44
44 40
43 40
152 69
139 69
57 69
139 159
32 69
32 227
252 32
32 28
23 1
23 199
23 36
208 23
212 23
23 78
81 78
109 78
246 109
11 0
89 11
166 11
158 11
75 74
272 75
72 11
72 71
186 72
32 253
282 253
41 40
41 267
108 78
290 108
261 54
261 260
41 50
50 280
281 280
42 40
193 42
241 193
69
10 0
5 0
105 5
102 5
92 5
103 5
5 25
212 25
25 89
208 25
25 36
25 199
25 127
159 127
166 127
158 127
168 127
57 127
57 139
4 0
252 4
152 4
4 28
296 152
76 168
232 76
24 25
24 109
81 109
16 152
16 40
85 76
85 289
85 195
43 40
246 109
252 34
269 34
25 60
186 60
228 34
228 227
152 44
125 127
263 125
4 13
15 13
267 15
72 127
72 71
267 65
266 65
281 266
15 63
64 63
241 64
108 25
290 108
85 8
244 8
152 75
272 75
253 4
282 253
3 0
156 3
156 260
54 85
54 248
73
10 7
7 0
10 6
6 18
105 18
102 18
92 18
103 18
27 18
212 27
27 36
199 27
208 27
124 27
124 166
124 89
124 158
203 27
139 203
24 27
24 57
124 128
109 128
152 128
139 159
296 152
197 27
76 197
305 152
305 269
76 84
84 195
84 289
305 222
168 222
263 222
232 76
81 109
72 128
186 72
6 32
32 227
252 32
32 28
152 46
46 45
44 45
44 40
196 195
261 196
261 260
196 249
249 247
248 247
43 40
72 71
42 45
41 42
41 267
246 109
193 42
241 193
108 109
290 108
6 8
244 8
76 75
272 75
32 253
282 253
41 50
50 280
281 280
