3
20
116 34
147 34
279 147
147 137
146 137
177 34
177 74
236 74
24 74
24 219
24 206
24 25
25 60
188 60
25 11
11 160
125 11
125 240
39 11
136 39
22
116 32
32 147
32 69
146 69
279 147
23 69
206 23
23 78
219 78
11 69
72 11
72 188
72 60
11 160
32 257
76 257
236 76
23 128
128 38
136 38
125 128
125 240
20
116 4
147 4
57 4
146 57
57 127
160 127
60 127
25 127
206 25
188 60
108 25
108 219
108 75
236 75
279 147
25 126
126 38
136 38
125 127
125 240
