3
107
72 188
72 187
185 72
72 11
11 194
170 11
169 11
167 11
172 11
109 11
166 11
246 109
109 78
89 11
11 126
130 78
222 126
11 0
222 224
8 0
7 0
19 8
24 109
274 19
103 19
24 192
24 208
24 211
24 57
198 24
24 210
146 57
68 57
143 57
68 67
10 0
24 212
10 54
24 201
54 195
54 292
54 299
225 130
168 222
24 204
306 168
92 19
24 191
144 57
72 3
62 3
3 35
154 3
310 62
59 3
61 3
39 11
226 39
136 39
4 0
115 4
32 4
147 4
258 4
32 308
178 4
4 118
178 259
31 118
308 270
178 276
178 297
178 177
2 0
2 313
76 130
76 238
236 76
233 76
76 87
152 4
312 152
1 0
1 12
103 18
111 18
18 91
16 152
16 40
16 45
261 54
261 260
41 40
41 50
314 41
4 13
15 13
50 48
49 48
50 280
281 280
25 11
25 273
157 109
157 181
229 181
181 180
122
188 60
187 60
72 60
185 60
25 60
25 192
25 89
210 25
208 25
211 25
198 25
170 25
25 126
212 25
169 126
167 126
172 126
166 126
25 201
25 204
24 25
25 191
24 19
85 126
85 195
85 292
54 85
85 299
85 8
24 74
74 87
236 74
177 74
130 74
238 74
177 297
233 74
177 259
178 74
177 34
258 34
270 34
34 118
147 34
258 32
222 126
222 225
147 137
146 137
57 137
143 137
144 137
26 25
26 78
116 34
116 31
72 128
109 128
11 128
126 38
136 38
32 69
69 67
68 69
133 38
133 154
25 273
246 109
5 25
92 5
5 12
103 5
5 0
25 21
91 21
60 58
59 58
62 58
61 58
178 276
85 76
76 224
76 168
7 0
10 7
310 62
308 270
11 194
296 177
312 296
303 222
303 306
296 46
46 45
274 19
42 45
42 40
25 113
115 113
41 42
314 41
41 50
41 267
267 15
60 3
156 3
156 260
3 35
267 65
266 65
266 49
281 266
2 25
2 313
26 18
111 18
225 39
226 39
155 128
155 181
229 181
181 180
125
72 188
72 187
72 127
168 127
89 127
57 127
170 127
167 127
172 127
11 127
166 127
169 127
89 126
14 127
14 177
14 178
14 297
14 259
84 126
84 8
84 195
84 292
54 84
299 84
146 57
300 84
103 300
143 57
109 11
168 222
14 278
278 147
32 147
32 118
222 224
258 32
185 72
103 21
92 21
19 21
109 78
91 21
120 32
31 120
78 27
27 192
210 27
208 27
204 27
198 27
211 27
212 27
201 27
24 27
27 191
23 78
23 273
32 308
223 11
223 276
306 168
109 79
130 79
250 147
115 250
2 8
10 2
159 127
194 159
10 7
89 88
68 88
11 0
68 67
144 57
76 84
76 225
236 76
233 76
76 238
76 87
8 58
59 58
61 59
62 58
309 62
310 309
224 39
136 39
14 152
312 152
152 44
44 40
44 45
103 1
1 12
120 34
270 34
3 0
154 3
14 13
15 13
196 195
261 196
261 260
226 39
3 35
2 313
274 19
246 109
18 21
111 18
15 63
65 63
266 65
281 266
266 49
281 280
50 280
41 40
314 41
157 3
157 181
181 180
229 181
