3
50
81 78
78 77
108 78
290 108
78 27
27 113
205 27
114 113
99 27
27 22
200 27
200 153
197 27
197 230
108 75
238 75
152 75
235 75
296 152
196 75
196 265
302 196
32 197
32 117
14 152
14 13
14 57
15 13
150 57
57 137
14 127
161 127
165 127
23 78
23 1
95 1
27 18
18 91
72 127
72 188
196 309
310 309
267 15
267 65
109 78
157 109
157 181
197 225
222 225
303 222
53
81 78
81 108
26 78
26 113
26 205
26 99
26 22
108 25
114 25
25 1
26 18
95 18
25 128
152 128
165 128
25 60
188 60
296 152
152 69
153 69
57 69
150 69
69 137
152 4
117 4
4 13
78 77
25 11
161 11
15 13
155 128
155 181
15 63
65 63
99 21
91 21
290 108
130 78
76 130
76 238
130 74
235 74
85 76
302 85
85 265
76 168
306 168
303 306
26 197
197 230
60 3
62 3
310 62
54
108 78
81 108
108 79
79 77
23 79
23 205
23 99
23 113
23 22
5 23
5 95
5 1
24 23
24 57
114 24
24 74
238 74
24 138
138 137
138 153
150 137
177 74
296 177
152 177
54 74
54 302
54 265
16 152
16 13
177 34
117 34
235 74
57 127
161 127
165 127
5 18
18 91
60 127
188 60
15 13
290 108
60 58
62 58
310 62
267 15
267 65
3 58
157 3
157 181
305 296
305 222
303 222
197 74
197 230
