3
27
92 21
99 21
26 99
26 78
209 26
26 191
109 78
6 21
6 32
32 121
32 118
121 34
177 34
32 147
279 147
25 21
25 60
183 60
54 6
261 54
261 260
16 34
16 40
41 40
109 11
39 11
226 39
31
92 18
26 18
18 21
24 26
24 109
24 209
24 99
24 191
24 74
177 74
27 18
78 27
24 57
57 4
4 118
121 4
109 128
72 128
72 183
147 4
279 147
72 3
156 3
156 260
128 38
39 38
226 39
296 177
296 294
295 294
295 41
30
92 21
99 21
23 99
23 78
209 23
26 23
23 191
23 79
109 79
23 69
152 69
152 177
32 69
32 118
32 121
11 69
72 11
72 183
152 44
44 40
41 40
2 21
2 196
261 196
261 260
69 137
147 137
279 147
39 11
226 39
