3
32
246 109
24 109
24 208
24 211
24 206
24 25
2 25
24 113
115 113
24 138
200 138
115 4
147 4
4 182
279 147
152 4
312 152
152 259
25 126
84 126
25 127
159 127
54 84
54 248
54 83
157 109
157 181
181 180
4 13
15 13
15 63
66 63
40
246 109
109 11
11 0
2 0
25 11
208 25
211 25
206 25
8 0
84 8
26 25
200 26
84 82
83 82
11 194
194 159
109 128
178 128
178 259
178 278
278 147
147 34
34 182
250 147
115 250
279 147
223 11
296 223
312 296
155 128
155 181
181 180
10 0
10 54
54 248
14 178
14 13
15 13
15 63
66 63
44
246 109
109 78
26 78
208 26
211 26
206 26
78 27
200 27
26 99
99 21
2 21
26 197
32 197
32 147
76 197
76 84
197 74
177 74
177 259
32 4
4 182
115 4
54 74
54 83
26 203
139 203
139 159
296 177
312 296
2 196
196 249
249 247
248 247
279 147
157 109
157 181
181 180
296 294
295 294
295 41
41 267
267 65
65 63
66 63
