3
20
78 27
205 27
206 27
27 192
27 36
27 18
112 18
109 78
246 109
23 78
23 69
142 69
152 69
152 278
109 11
39 11
226 39
152 46
46 45
42 45
22
26 78
26 205
206 26
26 192
26 36
26 18
112 18
24 26
24 57
57 142
14 57
14 278
24 109
246 109
14 152
152 44
44 40
42 40
130 78
225 130
225 39
226 39
23
23 78
23 205
206 23
23 192
23 36
23 128
178 128
178 278
278 147
147 137
142 137
109 128
246 109
152 128
16 152
16 40
42 40
23 1
18 1
112 18
128 38
39 38
226 39
