3
43
72 188
72 11
11 129
158 11
11 123
39 11
224 39
11 69
69 67
143 69
144 69
32 69
251 32
258 32
32 70
32 255
152 69
152 177
152 176
153 69
286 153
152 75
235 75
108 75
108 245
32 4
4 86
196 75
196 299
196 195
222 224
304 222
109 11
246 109
6 32
6 18
111 18
94 18
6 8
244 8
157 109
157 181
181 180
45
72 127
158 127
127 129
127 123
57 127
143 57
144 57
14 127
14 177
14 176
57 4
251 4
258 4
4 70
255 4
145 57
286 145
4 86
68 57
68 67
168 127
304 168
72 188
76 168
76 224
25 127
108 25
85 76
85 299
85 195
108 245
177 74
235 74
5 25
94 5
85 8
244 8
108 109
246 109
5 18
111 18
72 3
155 3
155 181
181 180
49
72 128
158 128
128 129
128 123
178 128
178 176
178 177
109 128
245 109
177 34
251 34
258 34
34 70
255 34
72 60
188 60
108 109
25 128
25 21
94 21
178 74
235 74
54 74
54 299
54 195
147 34
147 137
144 137
143 137
138 137
286 138
76 74
76 224
69 137
69 67
246 109
126 128
222 126
304 222
178 4
4 86
18 21
111 18
60 58
8 58
244 8
155 128
155 181
181 180
