3
34
220 128
25 128
2 25
25 60
24 25
184 60
24 57
68 57
57 137
57 4
253 4
4 13
24 74
234 74
237 74
128 127
168 127
14 57
14 268
197 74
197 230
25 1
53 1
189 60
262 189
11 128
11 194
2 196
298 196
15 13
15 63
65 63
266 65
281 266
37
72 128
72 60
220 128
72 127
57 127
184 60
14 127
14 13
168 127
159 127
194 159
76 168
76 237
234 76
14 268
68 57
85 76
53 85
298 85
109 128
24 109
85 8
2 8
57 137
72 189
262 189
76 197
197 230
32 197
32 253
15 13
267 15
267 65
41 267
41 50
50 280
281 280
45
23 128
24 23
23 88
68 88
23 69
57 69
69 137
126 128
222 126
168 222
84 126
298 84
54 84
54 53
10 54
10 2
32 69
32 253
152 128
152 75
234 75
75 237
16 152
16 13
305 222
305 269
269 268
155 128
155 3
60 3
11 69
11 194
220 128
184 60
189 60
262 189
16 40
41 40
41 267
267 65
266 65
281 266
23 27
197 27
197 230
