3
28
196 309
196 300
54 196
85 300
103 300
103 19
102 19
24 19
101 19
24 210
24 57
151 57
85 126
172 126
57 69
69 67
126 38
131 38
152 69
16 152
24 25
25 60
184 60
54 74
197 74
197 230
178 74
178 276
30
309 62
62 58
8 58
19 8
85 8
54 85
54 300
24 19
101 19
24 210
102 19
24 88
68 88
68 67
68 69
151 69
11 69
172 11
39 11
39 131
223 11
223 276
60 58
184 60
269 223
269 34
16 34
85 76
76 197
197 230
32
196 309
196 300
54 196
298 196
298 85
2 196
2 21
102 21
19 21
101 21
2 25
210 25
99 21
24 99
25 128
172 128
24 138
138 137
151 137
128 38
131 38
178 128
178 276
69 137
69 67
152 128
16 152
25 60
184 60
25 27
197 27
197 230
