3
23
236 76
232 76
76 130
223 76
236 74
177 74
54 74
54 242
54 283
223 11
170 11
24 74
24 19
24 57
24 199
141 57
57 4
11 69
153 69
72 11
72 187
185 72
72 3
28
236 75
232 75
75 74
130 74
196 75
54 196
196 283
152 75
152 177
152 4
14 152
14 57
14 223
4 0
3 0
145 57
145 153
60 3
185 60
187 60
152 69
141 69
25 60
25 199
170 25
1 0
19 1
54 242
28
236 74
232 74
130 74
54 74
177 74
54 85
85 242
85 283
85 126
170 126
85 8
19 8
170 127
57 127
178 74
223 178
178 4
8 58
3 58
138 57
138 153
141 57
197 74
197 27
199 27
72 127
185 72
72 187
