3
18
145 137
200 145
24 145
24 210
24 19
274 19
24 23
23 239
23 128
128 38
152 128
305 152
152 294
295 294
24 74
54 74
54 302
54 292
19
138 137
200 138
200 26
26 210
26 25
25 239
25 126
126 38
222 126
305 222
85 126
302 85
85 292
305 296
296 294
295 294
5 25
5 19
274 19
25
146 137
146 287
200 287
200 27
210 27
23 27
23 239
197 27
197 130
130 38
76 197
223 76
305 223
76 84
84 292
302 84
23 1
19 1
274 19
69 137
152 69
16 152
16 40
41 40
295 41
