3
22
193 42
41 42
41 50
50 48
49 48
50 280
281 280
42 45
46 45
152 46
152 277
152 69
149 69
151 69
23 69
23 199
23 110
23 1
20 1
152 278
278 147
279 147
23
241 193
241 64
64 63
65 63
266 65
266 49
281 266
15 63
15 13
14 13
14 277
14 57
149 57
151 57
24 57
24 199
24 110
24 19
19 20
19 1
4 13
147 4
279 147
24
193 42
42 40
44 40
152 44
152 277
152 128
25 128
25 199
25 110
25 1
101 25
101 20
152 4
57 4
151 57
149 57
147 4
279 147
41 40
41 267
267 65
266 65
266 49
281 266
