3
22
32 227
32 118
32 69
11 69
173 11
23 69
198 23
69 137
138 137
125 11
263 125
263 222
109 11
109 107
6 32
54 6
54 300
54 283
54 243
34 118
16 34
16 40
23
32 227
32 118
32 197
26 197
198 26
197 225
222 225
124 26
124 173
263 222
24 26
24 138
26 78
78 107
76 197
76 84
300 84
84 283
84 243
32 4
152 4
152 44
44 40
23
228 227
228 34
34 118
269 34
305 269
305 222
222 126
173 126
168 222
263 168
25 126
198 25
85 126
85 300
85 283
85 243
108 25
108 107
4 118
57 4
138 57
16 34
16 40
