3
22
173 11
39 11
11 69
146 69
25 11
25 203
223 11
269 223
2 25
2 196
196 195
223 76
233 76
84 195
84 82
76 168
304 168
53 196
53 55
11 0
4 0
4 86
23
173 127
57 127
146 57
89 127
89 203
173 126
85 126
85 195
85 82
126 38
39 38
54 85
54 196
222 126
304 222
54 51
55 51
54 74
233 74
305 222
305 269
57 4
4 86
25
124 173
124 26
26 203
200 26
200 287
146 287
26 197
197 225
225 39
225 75
233 75
196 75
196 195
152 75
296 152
296 269
54 195
54 83
83 82
222 225
304 222
54 53
53 55
152 4
4 86
