3
22
9 0
11 0
89 11
11 128
11 127
23 128
23 205
39 11
224 39
223 11
269 223
25 11
25 201
269 34
270 34
25 21
91 21
109 11
216 109
6 0
6 32
122 32
24
8 9
2 8
2 25
25 89
25 205
25 128
23 25
25 127
108 25
216 108
25 201
6 8
6 18
18 91
152 128
305 152
305 269
305 222
222 224
23 69
32 69
32 308
308 270
122 32
25
9 0
1 0
23 1
23 203
89 203
216 203
89 128
89 127
23 27
201 27
205 27
168 127
76 168
76 224
14 127
14 268
269 268
1 21
91 21
76 257
34 257
270 34
116 34
116 31
31 122
