3
57
59 3
59 58
8 58
84 8
19 8
106 19
24 19
94 19
24 284
24 205
24 57
57 139
24 23
23 273
76 84
234 76
76 257
76 87
19 1
98 1
32 257
32 308
116 32
252 32
116 31
32 147
250 147
76 168
304 168
54 84
261 54
62 3
62 249
24 74
178 74
34 257
16 34
76 197
197 230
84 126
167 126
126 123
16 40
44 40
23 78
218 78
57 4
4 86
125 126
125 240
108 78
291 108
16 152
311 152
60 3
189 60
262 189
55
59 3
3 0
8 0
4 0
178 4
116 4
257 4
147 4
250 4
252 4
152 4
152 44
4 13
16 13
11 0
167 11
11 123
152 75
75 87
234 75
5 0
5 98
106 5
94 5
196 75
261 196
196 249
108 75
218 108
109 11
24 109
147 137
139 137
25 11
284 25
25 205
25 273
4 86
291 108
311 152
84 8
120 4
31 120
305 178
305 222
304 222
32 4
32 308
125 11
125 240
32 197
197 230
72 3
72 189
262 189
66
61 59
61 3
61 58
8 58
155 3
155 128
178 128
167 128
128 123
25 128
24 25
23 128
23 205
25 21
98 21
106 21
94 21
25 273
178 278
278 147
23 79
218 79
147 34
116 34
250 34
252 34
34 28
31 28
16 34
270 34
308 270
16 45
44 45
147 228
228 257
25 203
139 203
284 25
152 128
296 152
311 296
178 74
234 74
74 87
62 58
62 249
85 8
85 195
84 195
156 3
156 260
261 260
128 127
168 127
304 168
125 128
125 240
108 25
291 108
197 74
197 230
4 28
4 86
60 58
189 60
262 189
