3
23
5 12
5 25
1 12
100 1
25 127
14 127
14 278
108 25
108 75
233 75
278 147
250 147
271 250
14 152
152 44
44 45
32 147
116 32
116 31
44 40
41 40
41 50
50 280
20
1 12
25 1
100 1
25 128
178 128
178 278
178 74
233 74
178 4
120 4
31 120
152 128
152 46
46 45
250 4
271 250
42 45
41 42
41 50
50 280
24
5 12
5 25
5 18
100 18
5 23
23 69
152 69
152 278
16 152
16 45
32 69
32 228
271 228
32 119
31 119
152 75
233 75
16 13
15 13
15 63
65 63
266 65
281 266
281 280
