3
24
103 300
300 84
84 126
301 84
302 84
125 126
174 126
25 126
25 204
84 8
244 8
8 9
76 84
236 76
25 203
139 203
25 113
115 113
57 139
144 57
115 4
255 4
152 4
152 44
25
103 18
27 18
204 27
124 27
124 126
174 124
124 125
85 126
302 85
85 301
23 27
23 69
144 69
139 69
32 69
32 255
85 8
244 8
8 9
152 69
152 44
152 75
236 75
27 113
115 113
27
103 5
5 23
23 204
5 0
9 0
23 128
174 128
126 128
125 128
4 0
115 4
255 4
5 51
54 51
54 302
54 301
54 74
236 74
57 4
144 57
57 139
152 128
152 46
46 45
44 45
8 0
244 8
