3
19
5 17
104 5
5 23
23 79
212 23
23 69
146 69
23 27
202 27
19 17
19 8
84 8
84 292
76 84
76 238
23 128
155 128
155 181
181 180
23
20 17
104 20
18 17
26 18
212 26
103 20
103 300
300 84
54 300
54 292
54 74
238 74
130 74
130 79
24 26
24 57
146 57
27 18
202 27
109 79
157 109
157 181
181 180
22
1 17
104 1
25 1
212 25
108 25
108 79
25 126
84 126
108 75
238 75
85 126
85 292
25 11
11 69
146 69
25 27
202 27
1 0
3 0
155 3
155 181
181 180
