3
21
57 139
57 4
120 4
24 57
24 99
24 201
178 4
305 178
24 109
157 109
288 157
24 19
103 19
103 300
157 3
156 3
156 260
152 4
152 294
295 294
295 41
20
139 69
32 69
120 32
23 69
23 99
152 69
305 152
23 27
201 27
6 32
54 6
54 300
261 54
261 260
23 128
155 128
288 155
16 152
16 40
41 40
23
139 203
203 27
99 27
25 203
25 201
25 126
84 126
300 84
222 126
305 222
305 269
269 34
120 34
196 300
261 196
261 260
16 34
16 45
42 45
41 42
25 128
155 128
288 155
