3
213
109 107
79 107
215 109
24 109
109 11
246 109
24 204
24 206
24 145
165 11
24 212
174 11
24 138
39 11
173 11
24 203
161 11
39 38
133 39
135 39
24 99
24 36
24 192
99 21
24 210
24 74
53 21
96 21
1 21
178 74
74 87
54 74
178 179
54 300
178 259
178 176
54 248
54 242
54 231
54 298
54 285
54 299
178 4
54 301
261 54
14 178
250 4
117 4
252 4
115 4
256 4
120 4
254 4
117 29
4 28
54 195
121 4
122 29
4 13
4 182
54 83
32 4
15 13
255 4
14 268
117 33
15 63
267 15
269 268
66 63
267 307
41 267
296 269
24 88
314 41
312 296
24 19
24 201
101 21
19 8
54 283
97 21
8 58
244 8
16 13
41 40
158 11
234 74
41 50
62 58
8 9
3 58
274 19
311 296
248 247
59 58
261 260
60 58
50 280
62 249
309 62
54 265
281 280
296 294
226 39
3 35
10 54
44 40
250 34
102 21
310 62
190 60
106 21
296 46
94 21
166 11
75 74
156 3
183 60
6 21
281 266
72 11
74 73
257 4
270 34
272 75
16 45
187 60
10 7
155 3
189 60
1 12
155 181
288 155
262 189
200 145
61 58
50 48
184 60
213 24
11 194
11 127
24 284
194 159
164 11
32 308
235 74
271 250
100 21
295 41
178 278
76 74
145 175
178 277
178 275
39 37
124 165
11 123
89 11
225 39
172 11
169 11
125 11
168 127
39 131
263 125
306 168
197 74
304 168
222 225
197 230
303 306
24 211
81 109
24 57
81 80
141 57
24 221
24 207
232 74
223 11
90 21
145 137
57 142
146 57
144 57
57 140
57 56
149 57
151 57
24 27
11 69
202 27
23 79
24 214
23 273
23 239
114 24
24 26
79 77
64 63
241 64
109 128
220 128
108 107
290 108
291 108
253 4
282 253
18 21
111 18
2 21
2 313
225
78 107
78 77
78 27
215 78
200 27
203 27
212 27
99 27
200 138
206 27
215 79
27 36
27 192
210 27
27 88
201 27
213 27
197 27
211 27
32 197
26 78
122 32
32 121
32 257
252 32
121 34
121 29
254 32
269 34
122 33
32 256
32 117
32 255
6 32
32 28
6 8
10 6
54 6
109 78
124 27
197 225
124 158
124 173
124 127
174 124
225 75
159 127
165 127
161 127
75 87
124 164
60 127
72 127
75 73
60 3
124 125
72 189
59 3
61 3
72 190
124 166
124 169
32 69
54 53
141 69
142 69
140 69
53 1
149 69
146 69
96 1
151 69
101 1
19 1
144 69
94 1
19 21
89 203
124 172
14 127
106 1
14 179
14 259
14 176
235 75
102 1
120 32
124 123
72 187
14 13
138 57
138 137
145 57
57 4
34 182
72 183
14 277
90 1
81 78
214 27
138 175
76 197
269 223
76 168
223 178
263 168
168 222
232 75
303 222
304 222
296 223
14 278
62 3
223 275
23 78
62 247
24 23
23 97
249 247
207 27
234 75
204 27
16 34
100 1
16 40
270 34
308 270
130 78
130 74
130 38
131 38
135 38
133 38
38 37
27 113
115 113
114 113
115 250
16 45
44 45
46 45
84 8
299 84
84 283
301 84
84 242
298 84
84 285
84 195
84 265
300 84
41 40
54 231
184 60
306 168
202 27
15 13
295 41
295 294
197 230
54 83
25 27
25 239
25 221
284 25
25 273
25 11
274 19
41 50
261 54
156 3
156 260
269 268
54 248
152 75
312 152
311 152
293 15
307 293
15 63
50 280
225 39
65 63
266 65
267 65
32 228
271 228
281 280
81 80
310 62
310 309
157 109
288 157
157 181
157 155
194 159
6 0
7 0
9 0
57 56
3 35
1 12
226 39
314 41
244 8
8 58
66 63
272 75
246 109
262 189
50 48
108 78
290 108
291 108
42 40
193 42
241 193
124 128
220 128
2 8
2 313
27 18
111 18
32 253
282 253
228
109 107
109 79
81 79
108 109
108 75
215 108
76 75
76 257
76 73
76 87
76 225
34 257
223 76
252 34
120 34
255 34
254 34
120 29
256 34
120 33
34 28
14 223
121 33
232 76
117 34
14 57
234 76
57 127
57 137
158 127
174 127
173 127
166 127
142 137
141 137
140 137
164 127
172 127
149 137
125 127
146 137
151 137
144 137
169 127
57 69
127 123
89 127
23 69
89 88
23 204
23 99
206 23
212 23
23 1
23 36
23 192
210 23
213 23
211 23
124 89
26 23
23 203
26 197
26 201
23 27
200 26
207 23
214 23
138 57
165 127
5 23
94 5
101 5
5 19
5 96
5 21
5 97
5 12
106 5
102 5
90 19
19 100
228 257
250 228
76 224
222 224
224 39
263 222
85 76
85 242
85 283
85 301
85 285
85 195
298 85
85 8
54 85
85 300
85 299
85 265
53 85
133 39
303 222
177 34
178 177
177 277
177 179
177 74
177 259
296 177
177 278
177 176
196 75
196 309
196 249
261 196
196 231
135 39
128 127
155 128
128 38
11 128
72 128
72 3
72 60
32 257
72 190
161 127
72 187
18 1
6 18
145 57
11 194
3 58
61 3
61 59
32 308
14 268
288 155
72 189
72 183
14 13
14 152
152 46
16 152
152 4
152 44
152 294
46 45
16 40
295 294
312 296
115 250
309 62
34 182
235 75
223 275
271 228
308 270
8 9
24 109
39 37
303 306
79 77
85 82
83 82
57 139
139 159
24 221
39 131
24 284
23 273
249 247
155 181
248 247
1 0
10 0
42 45
41 42
7 0
41 267
310 309
267 15
267 307
23 239
31 120
31 122
76 168
304 222
311 296
138 175
261 260
269 34
108 25
114 25
156 260
246 109
272 75
184 60
220 128
244 8
111 18
57 56
274 19
3 35
202 27
197 230
291 108
267 65
266 65
65 63
281 266
266 49
49 48
81 80
281 280
66 63
41 50
262 189
290 108
193 42
241 193
226 39
314 41
2 196
2 313
253 34
282 253
