3
23
68 69
140 69
152 69
152 179
178 179
32 69
32 117
152 75
235 75
32 253
282 253
196 75
196 249
11 69
125 11
263 125
23 69
5 23
5 95
14 152
14 13
15 13
267 15
24
68 57
57 140
14 57
14 179
14 178
57 4
117 4
178 74
235 74
253 4
282 253
57 127
168 127
263 168
24 57
24 19
19 95
4 0
3 0
62 3
62 249
4 13
15 13
267 15
28
68 88
27 88
27 18
95 18
23 88
23 128
178 128
178 179
125 128
263 125
178 4
117 4
147 4
147 137
140 137
24 88
24 74
235 74
54 74
54 196
196 249
152 128
16 152
16 40
41 40
41 267
253 4
282 253
