3
24
263 222
222 224
222 126
85 126
85 283
85 243
11 126
11 69
54 85
54 231
11 127
14 127
14 177
32 69
120 32
25 126
101 25
108 25
291 108
152 69
152 46
46 45
42 45
193 42
25
263 222
222 224
305 222
305 152
14 152
152 177
152 69
152 4
120 4
76 224
76 84
84 243
84 283
196 243
196 231
23 69
23 1
101 1
152 75
108 75
291 108
16 152
16 40
42 40
193 42
28
263 168
168 222
76 168
76 74
177 74
76 224
54 74
54 283
54 243
54 231
177 34
120 34
223 76
14 223
14 57
57 69
24 74
24 19
101 19
14 13
15 13
15 63
64 63
241 64
241 193
24 109
108 109
291 108
