3
48
84 82
76 84
232 76
76 237
76 168
306 168
84 8
8 58
244 8
19 8
19 17
60 58
186 60
187 60
24 19
24 212
24 57
57 56
14 57
14 259
57 4
250 4
121 4
254 4
121 30
31 121
121 29
84 126
89 126
19 1
98 1
125 126
125 240
126 38
136 38
39 38
226 39
76 75
108 75
218 108
14 152
152 44
44 40
42 40
41 40
41 267
267 65
266 65
56
84 82
54 84
54 74
232 74
237 74
178 74
178 259
14 178
178 128
89 128
14 57
72 128
186 72
72 187
23 128
212 23
57 56
23 78
218 78
23 1
1 17
72 3
3 58
5 23
5 98
128 38
136 38
125 128
125 240
54 6
6 32
254 32
32 121
116 32
116 30
116 31
116 29
32 228
250 228
136 39
226 39
6 8
244 8
305 178
305 222
303 222
303 306
152 259
16 152
16 45
42 45
41 42
41 50
50 280
281 280
281 266
52
85 82
85 195
84 195
85 76
232 76
223 76
14 223
76 237
14 127
57 127
89 127
14 259
25 127
212 25
25 21
98 21
21 17
72 127
186 72
72 187
168 127
306 168
76 257
34 257
254 34
121 34
250 34
34 28
30 28
31 28
29 28
76 130
130 79
218 79
85 8
8 58
76 224
224 39
136 39
57 56
244 8
226 39
16 34
16 40
42 40
125 127
125 240
14 13
15 13
15 63
65 63
266 65
