3
306
19 100
24 19
103 19
106 19
105 19
93 19
24 212
24 214
92 19
198 24
24 26
24 219
94 19
24 205
24 199
24 203
200 26
102 19
90 19
24 192
24 138
24 206
24 145
24 99
138 137
24 221
26 78
24 109
144 137
69 137
141 137
130 78
245 109
217 78
32 69
143 137
148 137
152 69
32 255
32 4
116 32
32 308
152 277
152 46
250 4
32 119
308 270
32 256
16 152
271 250
258 32
178 4
246 109
120 32
32 253
46 45
254 32
305 152
4 0
274 19
305 222
10 0
9 0
7 0
303 222
10 54
304 222
24 88
54 83
54 85
152 179
152 177
54 51
152 44
54 242
54 283
54 264
54 231
54 285
54 302
251 32
52 51
54 289
24 25
54 301
122 32
25 239
25 127
152 294
25 60
116 30
163 127
167 127
2 0
261 54
4 13
32 70
295 294
24 36
26 197
160 127
55 51
263 222
127 129
6 32
42 45
189 60
222 126
161 127
261 260
262 189
185 60
54 196
295 41
282 253
152 278
3 0
164 127
4 182
166 127
159 127
193 42
196 249
305 269
72 127
54 195
62 3
2 313
3 35
54 248
115 4
174 127
72 71
196 309
83 82
310 62
303 306
168 222
25 273
32 227
59 3
15 13
194 159
169 127
155 3
41 50
158 127
15 63
293 15
288 155
155 181
50 280
66 63
241 193
307 293
65 63
229 181
281 280
181 180
266 65
184 60
314 41
190 60
64 63
50 48
266 49
171 127
41 267
269 268
172 127
162 127
154 3
188 60
197 230
249 247
61 3
124 26
170 25
133 154
187 60
24 210
32 121
4 86
178 275
312 152
127 123
54 265
16 40
14 152
32 257
311 152
54 84
54 53
138 175
165 127
130 38
255 34
116 31
152 259
116 33
81 78
69 67
24 284
116 29
178 276
150 137
142 137
54 299
173 127
109 11
32 28
225 130
147 137
152 297
223 178
54 292
183 60
32 118
200 153
54 298
76 130
152 176
219 79
135 38
76 73
38 37
133 39
233 76
132 38
131 38
279 147
76 237
232 76
81 80
234 76
43 40
34 47
226 39
76 238
134 38
236 76
76 87
24 22
24 191
151 137
78 107
216 203
109 128
24 110
213 24
200 287
252 32
157 109
140 137
24 209
286 200
215 219
78 77
149 137
146 137
32 117
32 228
24 207
218 78
60 58
125 127
220 128
186 60
125 240
296 152
136 38
24 57
108 219
139 203
24 27
24 113
114 24
24 74
24 204
24 208
19 1
103 300
98 1
57 56
291 108
202 27
96 1
1 12
89 203
235 74
24 23
24 211
100 18
104 19
290 108
23 97
18 91
112 18
24 201
19 17
111 18
19 21
19 8
244 8
152 75
272 75
309
101 19
101 18
101 21
101 25
103 18
93 18
105 18
26 18
198 25
212 25
214 25
92 18
25 192
94 18
25 205
25 199
25 203
106 18
102 18
90 18
99 21
206 25
91 21
25 221
108 25
207 25
25 88
108 78
108 245
217 108
108 109
219 78
25 89
218 108
108 79
89 127
124 89
130 79
170 127
124 167
124 166
124 129
124 169
174 124
124 172
124 162
168 127
57 127
76 168
306 168
143 57
57 4
57 137
85 76
57 69
255 4
116 4
119 4
121 4
85 242
85 264
85 285
144 57
124 123
145 57
85 283
141 57
138 57
200 145
253 4
152 4
85 289
254 4
85 265
149 57
256 4
258 4
130 74
119 30
85 82
238 74
145 175
178 74
236 74
233 74
287 145
237 74
116 34
178 277
31 119
178 179
305 178
16 34
250 34
298 85
16 13
16 45
153 69
177 74
25 36
197 130
122 30
178 259
263 168
286 145
32 197
270 34
44 45
85 300
305 296
44 40
232 74
312 296
196 285
57 142
296 46
178 278
196 231
178 176
34 182
115 250
296 294
261 196
311 296
42 40
85 195
41 40
57 139
4 118
74 87
54 74
139 159
228 34
117 4
85 292
269 34
228 227
271 228
146 57
120 4
178 297
147 4
223 76
76 225
4 28
223 276
222 225
225 39
101 1
135 39
136 39
39 131
39 37
134 39
39 38
1 0
18 17
6 18
25 11
10 6
11 160
11 194
10 7
161 11
72 11
79 77
72 3
72 188
186 72
185 72
72 187
72 190
3 58
72 183
157 3
59 58
61 58
72 189
157 181
133 38
304 168
157 155
124 171
302 85
223 275
108 107
74 73
76 84
62 58
14 127
76 257
124 164
124 158
213 25
251 4
252 4
85 301
124 165
119 33
234 74
208 25
57 140
4 70
284 25
119 29
96 21
150 57
288 157
62 249
62 247
14 268
309 62
248 247
310 309
124 173
25 126
85 299
11 163
215 108
104 18
100 21
97 21
2 21
98 21
81 108
25 201
25 204
60 127
124 125
27 18
21 51
53 21
211 25
53 55
52 53
25 110
25 128
114 25
216 108
209 25
23 25
25 113
151 57
23 273
25 191
23 239
210 25
25 22
246 109
132 38
112 18
72 71
125 240
274 19
202 27
154 3
32 308
314 41
68 88
68 67
24 19
108 75
235 75
262 189
2 313
290 108
261 260
181 180
220 128
197 230
41 50
226 39
193 42
4 86
50 280
50 48
49 48
241 193
241 64
85 8
8 9
282 253
295 294
229 181
272 75
244 8
5 19
5 12
57 56
41 267
267 15
267 65
267 307
293 15
281 280
281 266
279 147
291 108
303 306
34 47
3 35
83 82
81 80
43 40
111 18
184 60
64 63
148 137
66 63
309
19 20
20 18
100 20
106 20
93 20
105 20
92 20
94 20
102 20
90 20
20 21
103 20
25 21
20 17
26 25
25 99
26 192
198 26
26 199
214 26
212 26
26 205
26 203
206 26
26 88
207 26
89 88
104 20
20 1
6 21
26 36
6 0
54 6
89 11
89 126
167 11
169 11
166 11
11 129
85 126
11 127
11 69
174 11
172 11
162 11
144 69
143 69
141 69
170 11
39 11
124 126
223 11
139 69
149 69
305 223
139 137
146 69
296 223
145 137
269 223
145 153
2 25
138 153
10 2
200 138
54 300
173 11
142 69
2 196
150 69
196 292
196 289
296 177
196 283
196 195
177 277
178 177
177 179
298 196
177 259
177 176
177 297
177 278
286 153
278 147
196 301
250 147
32 147
147 228
209 26
228 257
196 299
257 4
208 26
140 69
26 204
165 11
177 34
125 11
253 34
256 34
254 34
258 34
34 28
120 34
121 34
33 28
34 118
30 28
117 34
122 33
251 34
146 287
126 38
119 34
252 34
263 125
29 28
34 70
31 28
25 27
26 201
78 27
211 26
109 78
197 27
109 79
109 107
217 109
219 109
76 197
197 74
218 79
215 78
81 109
197 225
213 26
26 110
158 11
164 11
89 128
53 1
152 128
155 128
72 128
14 223
196 265
72 60
14 13
60 3
216 78
53 51
14 57
26 23
26 113
11 123
115 113
151 69
302 196
114 113
26 191
26 210
171 11
84 126
26 22
84 242
84 264
84 82
84 285
196 75
236 75
238 75
75 87
75 237
234 75
232 75
233 75
75 73
245 109
16 34
133 39
52 53
39 37
116 32
9 0
11 194
72 189
62 3
269 268
72 190
135 39
270 34
25 239
130 38
11 160
196 249
161 11
133 154
59 3
61 59
134 39
271 250
54 83
222 126
284 25
308 270
155 181
296 46
303 222
304 222
152 44
53 55
312 296
39 131
4 182
288 155
54 248
186 72
25 273
235 74
6 8
8 58
108 25
11 163
296 294
168 127
54 231
32 227
306 168
72 183
18 91
15 13
7 0
159 127
267 15
311 296
267 65
267 307
266 65
307 293
281 266
266 49
72 188
49 48
24 25
72 187
15 63
223 275
276 275
16 45
310 62
185 72
156 3
156 260
5 18
5 96
5 98
5 97
261 54
69 67
157 109
42 45
41 42
78 77
295 41
196 309
32 255
145 175
62 247
16 40
136 39
1 12
25 221
246 109
34 47
272 75
2 313
314 41
66 63
262 189
43 40
244 8
197 230
291 108
50 48
125 240
148 137
290 108
274 19
279 147
226 39
111 18
57 56
4 86
72 71
193 42
64 63
241 64
202 27
229 181
220 128
184 60
281 280
132 38
282 253
81 80
181 180
3 35
112 18
