3
25
103 19
19 8
24 19
24 109
108 109
157 109
288 157
109 11
125 11
157 181
181 180
72 11
72 183
8 58
62 58
310 62
6 8
6 32
32 118
116 32
116 29
32 4
4 13
15 13
293 15
26
103 21
25 21
108 25
2 21
2 8
25 126
125 126
25 128
109 128
25 60
183 60
155 128
288 155
2 0
4 0
4 118
120 4
120 29
155 181
181 180
2 196
196 309
310 309
4 13
15 13
293 15
31
103 300
300 84
84 8
196 300
196 75
108 75
108 109
84 126
125 126
76 84
76 257
34 257
34 118
34 28
29 28
157 109
288 157
196 249
62 249
310 62
126 128
72 128
72 183
157 181
181 180
16 34
16 40
41 40
41 267
267 307
307 293
