3
21
202 27
200 27
200 287
146 287
197 27
76 197
76 87
76 73
85 76
85 301
85 300
197 225
225 39
135 39
39 37
39 38
132 38
146 69
152 69
152 294
295 294
19
202 27
24 27
24 57
146 57
24 74
74 87
74 73
54 74
54 300
54 301
130 74
130 38
135 38
38 37
132 38
177 74
296 177
296 294
295 294
23
202 27
27 18
103 18
103 300
300 84
301 84
196 300
196 75
75 87
75 73
23 27
23 69
146 69
84 126
126 38
135 38
38 37
132 38
152 75
16 152
16 40
41 40
295 41
