3
30
25 191
25 127
114 25
163 127
25 60
190 60
60 3
59 3
57 127
57 4
4 182
257 4
14 127
14 177
76 257
76 225
5 25
5 98
85 76
85 265
225 39
39 37
108 25
291 108
4 13
15 13
15 63
16 13
16 40
43 40
35
25 191
24 191
114 24
25 127
24 74
177 74
72 127
72 190
72 3
178 74
178 4
177 34
34 257
34 182
130 74
225 130
59 3
130 38
38 37
25 1
98 1
25 11
11 163
54 74
54 265
108 25
291 108
152 177
152 44
44 40
43 40
41 40
41 267
267 65
65 63
39
26 191
26 25
124 26
124 127
26 197
197 225
26 113
114 113
32 197
32 4
32 257
25 21
98 21
163 127
4 182
4 0
3 0
61 3
61 59
25 126
84 126
84 265
25 128
178 128
178 177
126 38
38 37
60 127
190 60
26 78
108 78
291 108
4 13
15 13
15 63
152 4
16 152
16 40
43 40
