3
45
311 296
312 296
296 223
223 276
223 76
76 257
76 237
85 76
298 85
257 4
250 4
76 130
130 79
79 77
23 79
23 239
214 23
23 113
206 23
23 1
213 23
103 1
57 4
145 57
57 137
149 57
23 128
220 128
172 128
23 69
69 67
125 128
125 240
130 38
38 37
72 128
72 189
262 189
305 296
305 222
303 222
296 294
295 294
295 41
314 41
49
311 152
312 152
152 69
69 137
149 69
145 137
11 69
172 11
147 137
250 147
24 145
24 113
24 214
24 206
213 24
25 11
25 239
25 1
32 69
32 257
152 75
75 237
109 11
109 79
196 75
298 196
109 78
78 77
24 19
103 19
69 67
39 11
39 37
152 128
220 128
178 128
178 276
125 11
125 240
11 126
222 126
303 222
25 60
189 60
262 189
16 152
16 40
41 40
314 41
57
311 296
312 296
296 177
177 34
34 257
250 34
177 74
237 74
115 250
115 113
54 74
54 298
27 113
206 27
214 27
213 27
200 27
200 145
54 300
103 300
200 138
138 137
149 137
124 27
124 172
54 53
53 1
78 27
78 77
215 78
215 79
25 113
25 239
178 177
178 276
27 88
68 88
68 67
76 74
76 168
306 168
303 306
124 128
128 38
38 37
220 128
124 125
125 240
296 46
46 45
42 45
41 42
314 41
124 127
72 127
72 189
262 189
