3
21
54 289
54 51
21 51
25 21
198 25
212 25
26 25
124 26
25 128
152 128
152 46
200 26
200 287
152 4
254 4
128 38
38 37
152 69
144 69
4 13
15 13
26
54 289
54 53
53 21
196 289
196 75
152 75
152 46
225 75
225 39
39 37
54 74
24 74
24 212
198 24
24 27
124 27
24 138
287 138
24 57
144 57
54 6
6 32
254 32
14 152
14 13
15 13
28
85 289
54 85
85 126
124 126
53 85
53 21
126 38
38 37
25 126
212 25
198 25
24 25
24 145
287 145
145 137
144 137
126 128
152 128
296 152
296 46
147 137
147 34
254 34
152 294
295 294
295 41
41 267
267 15
