3
125
50 48
49 48
266 49
281 266
41 50
314 41
41 40
44 40
41 42
193 42
152 44
152 69
152 177
152 297
69 137
150 69
296 152
177 74
148 137
296 223
24 74
149 69
234 74
24 99
223 276
24 204
99 21
24 19
24 109
96 21
104 21
20 21
94 21
245 109
216 109
5 21
102 21
21 17
5 12
24 113
6 21
106 21
54 74
24 192
24 22
54 285
54 248
54 301
24 201
54 196
53 21
237 74
196 309
5 0
24 27
54 231
54 302
3 0
198 24
54 243
60 3
200 27
24 25
3 35
187 60
25 89
188 60
200 287
72 3
59 3
184 60
186 60
286 200
152 176
139 69
141 69
139 159
24 214
24 205
153 69
223 275
24 26
197 74
144 69
24 199
152 294
11 69
24 203
164 11
162 11
152 278
161 11
147 137
279 147
147 228
109 78
218 78
78 77
57 69
57 56
261 54
261 260
177 34
270 34
253 34
251 34
19 8
244 8
14 152
14 268
14 13
15 13
76 74
76 168
125 11
125 240
32 69
122 32
18 21
111 18
112 18
2 21
2 313
157 109
157 181
136
50 280
281 280
281 266
266 49
266 65
65 63
15 63
15 13
4 13
4 0
253 4
6 0
251 4
54 6
11 0
54 53
223 11
25 11
53 196
109 11
25 60
196 301
25 21
196 285
302 196
25 99
5 25
25 204
19 21
5 96
106 5
102 5
5 17
25 27
25 192
25 22
25 201
104 5
94 5
72 11
25 205
186 72
214 25
19 20
72 187
26 25
198 25
196 243
25 113
200 26
89 11
200 153
25 203
287 153
216 203
196 231
72 188
25 199
286 153
197 27
139 203
139 137
149 137
144 137
141 137
150 137
11 194
194 159
296 223
296 177
296 294
177 176
177 297
177 278
109 79
79 77
218 79
250 4
250 228
164 11
60 58
59 58
3 58
178 4
178 74
178 275
178 276
155 3
155 181
196 309
156 3
156 260
184 60
161 11
57 4
24 57
11 69
269 223
269 268
162 11
57 56
54 248
108 25
108 245
148 137
11 127
168 127
1 0
1 12
3 35
223 76
234 76
76 237
147 4
279 147
32 4
122 32
32 308
308 270
6 18
111 18
112 18
125 127
125 240
2 0
2 313
16 13
16 45
44 45
64 63
241 64
241 193
8 0
244 8
41 50
314 41
144
50 48
49 48
50 280
281 280
266 49
266 65
267 65
267 15
41 267
295 41
295 294
296 294
305 296
305 223
296 177
305 222
168 222
305 178
178 176
178 297
178 278
222 126
164 126
11 126
162 126
89 126
25 126
89 203
203 27
26 203
99 27
214 27
27 113
204 27
27 192
205 27
198 27
27 22
201 27
199 27
26 197
85 126
85 285
85 243
54 85
85 301
302 85
53 85
25 1
104 1
96 1
20 1
5 1
1 17
1 21
102 1
94 1
106 1
19 1
2 25
2 196
139 203
216 203
196 75
234 75
75 74
75 237
57 139
144 57
149 57
57 137
150 57
141 57
145 57
286 145
200 145
24 145
287 145
145 153
164 127
159 127
60 127
161 127
72 127
23 25
23 69
188 60
60 3
178 128
109 128
59 3
62 3
309 62
245 109
62 247
248 247
32 197
6 32
32 253
32 228
251 32
54 231
1 12
186 60
216 108
218 108
223 276
276 275
11 0
187 60
296 269
269 268
116 32
116 33
122 33
228 34
270 34
157 3
157 181
14 223
14 13
78 27
78 77
261 196
261 260
305 152
152 44
314 41
41 42
193 42
3 35
57 56
184 60
148 137
2 313
85 8
244 8
125 126
125 240
27 18
112 18
111 18
278 147
279 147
