3
41
306 168
168 127
128 127
155 128
25 127
25 273
57 127
57 142
14 127
14 278
5 25
5 95
5 97
2 25
10 2
14 223
269 223
57 69
153 69
10 54
54 242
54 243
54 289
269 34
270 34
252 34
308 270
152 128
152 294
14 13
15 13
109 128
109 78
81 109
81 80
11 127
39 11
226 39
76 168
76 197
197 230
40
303 306
303 222
305 222
305 269
305 296
296 294
305 152
152 278
152 69
142 69
152 4
252 4
32 69
32 308
4 0
10 0
308 270
3 0
155 3
23 69
23 273
23 97
23 78
1 0
95 1
153 69
32 197
197 230
81 78
81 80
4 13
15 13
222 126
85 126
85 289
85 242
85 243
222 224
224 39
226 39
45
306 168
76 168
76 130
130 78
76 84
84 242
84 243
84 289
76 257
32 257
252 32
32 308
6 32
10 6
32 147
278 147
6 18
95 18
147 137
142 137
6 21
97 21
145 137
145 153
34 257
270 34
269 34
25 21
25 273
296 269
296 294
25 128
155 128
295 294
295 41
41 267
267 15
197 130
197 230
130 79
81 79
81 80
76 225
225 39
226 39
