3
25
25 221
101 25
108 25
290 108
25 128
155 128
5 25
5 95
152 128
296 152
152 177
25 60
189 60
72 128
72 71
152 4
255 4
25 11
11 194
152 46
46 45
42 45
25 126
84 126
84 264
24
24 221
24 19
19 95
101 19
24 74
177 74
296 177
177 34
255 34
54 74
54 264
24 109
157 109
157 155
16 34
16 40
42 40
109 11
72 11
72 189
11 194
72 71
108 109
290 108
28
25 221
25 21
95 21
101 21
25 127
14 127
14 177
159 127
194 159
14 223
296 223
128 127
155 128
72 127
72 189
53 21
53 85
85 264
6 21
6 32
32 255
296 294
295 294
295 41
41 42
72 71
108 25
290 108
