3
56
148 137
138 137
147 137
279 147
24 138
24 219
24 284
24 110
24 99
24 23
99 21
23 128
23 1
220 128
167 128
213 24
102 21
72 128
185 72
72 190
24 19
19 8
8 9
155 128
288 155
84 8
84 283
84 242
84 285
32 147
32 28
251 32
24 109
245 109
76 84
76 225
76 130
250 147
271 250
76 168
304 168
306 168
24 74
235 74
147 4
4 182
128 127
161 127
4 13
15 13
15 63
66 63
65 63
266 65
281 266
281 280
64
148 137
69 137
23 69
23 99
213 23
23 110
11 69
161 11
11 128
167 11
23 78
219 78
130 78
225 130
108 78
108 245
23 1
102 1
1 21
11 0
8 0
9 0
4 0
251 4
4 28
85 8
85 242
85 283
85 285
225 75
235 75
220 128
138 137
4 182
23 25
284 25
222 225
304 222
25 60
190 60
185 60
303 222
303 306
32 69
32 228
271 228
109 11
157 109
288 157
147 228
279 147
152 69
152 294
295 294
295 41
41 50
50 280
50 48
49 48
266 49
41 267
267 65
65 63
66 63
63
148 137
57 137
138 57
57 127
167 127
161 127
128 127
25 127
213 25
25 99
25 1
25 110
25 21
2 25
2 8
109 128
219 109
2 196
196 283
196 285
8 9
54 196
54 242
245 109
284 25
5 25
102 5
5 23
128 38
130 38
39 38
225 39
72 127
72 190
185 72
196 75
235 75
57 4
251 4
4 28
251 34
34 182
250 4
271 250
168 127
304 168
306 168
155 128
288 155
220 128
147 34
279 147
16 34
16 40
41 40
41 50
50 280
281 280
281 266
16 13
15 13
15 63
66 63
