3
59
55 51
52 51
21 51
98 21
102 21
97 21
105 21
23 97
212 23
198 23
209 23
23 69
23 110
11 69
171 11
11 127
166 11
169 11
159 127
152 69
152 277
32 69
251 32
32 308
122 32
32 147
122 30
250 147
32 256
152 75
234 75
108 75
75 74
232 75
196 75
76 75
196 243
196 301
23 128
128 38
133 38
72 11
185 72
186 72
125 11
125 240
72 3
3 35
196 309
310 309
155 128
155 181
229 181
152 294
295 294
295 41
41 50
50 48
49 48
68
55 51
54 51
54 74
54 301
54 243
234 74
76 74
54 196
232 74
5 51
105 5
102 5
5 97
5 23
5 98
130 74
130 38
24 74
198 24
24 212
24 209
24 110
126 38
169 126
171 126
169 127
11 126
166 126
23 69
60 127
186 60
185 60
159 127
178 74
178 277
5 25
108 25
178 4
251 4
250 4
147 4
256 4
116 4
116 30
133 38
116 33
122 33
52 51
125 126
125 240
60 3
3 35
62 3
310 62
32 4
32 308
157 3
157 181
229 181
4 13
15 13
15 63
65 63
266 65
266 49
281 266
281 280
50 280
70
53 51
53 55
53 196
52 53
53 1
102 1
105 1
23 1
98 1
25 1
212 25
25 11
198 25
25 127
25 110
209 25
171 127
166 127
23 97
25 128
169 128
11 69
39 11
39 38
133 39
53 85
85 76
85 301
234 76
85 243
232 76
23 78
108 78
76 74
69 137
147 137
14 127
14 277
250 147
11 194
194 159
147 34
251 34
256 34
270 34
308 270
34 28
30 28
31 28
31 122
25 60
185 60
186 60
196 249
62 249
310 62
125 127
125 240
16 34
16 40
41 40
41 50
50 48
49 48
1 0
3 0
3 35
155 3
155 181
229 181
