3
37
24 192
24 22
24 203
23 192
23 97
24 74
74 87
24 19
92 19
24 109
157 109
157 3
24 138
138 153
54 74
54 265
60 3
189 60
76 74
76 224
224 39
76 257
228 257
271 228
24 57
144 57
76 168
304 168
23 128
125 128
125 240
257 4
4 13
15 13
267 15
15 63
66 63
39
26 192
26 22
26 203
26 18
92 18
200 26
200 153
18 21
97 21
153 69
144 69
32 69
32 228
11 69
39 11
271 228
11 0
3 0
72 11
72 189
224 39
157 3
222 224
304 222
2 21
2 196
196 265
196 75
75 87
125 11
125 240
152 69
152 294
295 294
295 41
41 267
267 65
65 63
66 63
40
25 192
25 22
25 203
5 25
5 97
92 5
25 60
60 3
189 60
155 3
157 155
139 203
139 137
144 137
147 137
147 228
145 137
145 153
250 147
271 250
25 126
84 126
84 265
126 38
39 38
76 84
76 87
76 224
222 126
304 222
125 126
125 240
147 34
16 34
16 40
41 40
41 267
267 65
65 63
66 63
