3
23
235 74
238 74
130 74
130 38
126 38
24 74
24 203
130 79
81 79
11 126
11 0
161 11
3 0
2 0
2 313
1 0
98 1
4 0
4 182
116 4
152 4
152 46
152 44
26
235 75
238 75
108 75
81 108
108 25
25 126
25 203
5 25
5 0
5 98
25 60
60 3
25 127
161 127
25 128
128 38
2 25
2 313
6 0
6 32
116 32
116 34
34 182
152 75
152 44
152 46
29
235 74
238 74
177 74
296 177
296 46
46 45
44 45
54 74
10 54
10 0
54 85
85 126
3 0
126 38
89 126
89 203
177 34
34 182
116 34
126 128
109 128
81 109
89 127
161 127
54 51
21 51
98 21
10 2
2 313
