3
64
116 4
178 4
117 4
251 4
120 4
252 4
57 4
57 140
146 57
24 57
144 57
57 56
24 206
178 128
128 38
170 128
158 128
39 38
226 39
24 27
27 18
202 27
111 18
72 128
186 72
72 189
72 187
185 72
72 3
156 3
59 3
61 3
62 3
310 62
24 109
109 107
155 128
155 181
229 181
78 27
218 78
116 33
122 33
62 247
248 247
57 127
161 127
4 0
7 0
253 4
282 253
24 23
23 97
305 178
305 222
303 222
116 34
16 34
16 40
41 40
41 50
50 48
49 48
266 49
68
116 32
32 117
120 32
251 32
122 32
252 32
32 69
140 69
146 69
144 69
11 69
158 11
170 11
161 11
223 11
223 178
25 11
24 25
206 25
25 60
185 60
189 60
186 60
187 60
60 58
59 58
61 58
11 126
126 38
5 25
5 97
5 18
108 25
108 107
218 108
111 18
6 32
54 6
54 248
10 6
10 7
222 126
303 222
152 69
152 44
44 40
25 27
202 27
57 69
57 56
109 11
157 109
157 181
229 181
32 253
282 253
60 3
156 3
39 11
226 39
62 58
310 62
41 40
41 267
267 65
266 65
41 50
50 48
74
116 31
31 117
31 120
31 122
117 34
251 34
252 34
177 34
178 177
177 74
24 74
130 74
130 38
24 26
26 18
206 26
124 26
124 170
124 158
130 79
79 107
218 79
18 21
97 21
147 34
147 137
140 137
146 137
144 137
124 127
161 127
54 74
54 248
72 127
185 72
72 189
72 187
186 72
168 127
306 168
303 306
261 54
261 260
156 260
54 196
196 309
310 309
10 54
10 7
16 34
16 40
72 3
61 3
61 59
157 3
157 181
111 18
229 181
206 27
202 27
57 137
57 56
253 34
282 253
225 130
225 39
226 39
16 13
15 13
15 63
65 63
266 65
266 49
49 48
