3
23
125 127
14 127
14 297
72 127
72 190
14 223
223 276
14 152
152 294
72 3
154 3
152 4
4 86
3 0
10 0
62 3
62 249
10 54
54 83
54 292
125 128
109 128
245 109
25
125 126
85 126
85 292
85 82
83 82
196 292
196 249
2 196
10 2
25 126
108 25
108 245
25 60
190 60
126 128
152 128
152 297
178 128
178 276
152 294
126 38
133 38
133 154
178 4
4 86
25
125 11
223 11
223 178
178 297
223 276
296 223
296 294
11 126
84 126
84 292
72 11
72 190
109 11
245 109
54 84
54 83
10 54
54 196
196 249
39 11
133 39
133 154
11 0
4 0
4 86
