3
32
54 292
54 53
54 289
54 74
24 74
238 74
24 201
24 211
24 138
138 175
130 74
130 38
24 57
57 140
128 38
173 128
14 57
14 268
72 128
72 189
196 292
196 309
53 1
98 1
72 3
59 3
54 6
6 32
122 32
122 29
32 253
282 253
35
85 292
53 85
85 289
85 126
173 126
126 38
25 126
24 25
25 201
211 25
24 145
145 175
25 60
189 60
145 137
140 137
138 137
69 137
32 69
60 58
59 58
122 32
53 21
98 21
116 32
116 29
62 58
309 62
85 76
76 238
116 34
269 34
269 268
253 34
282 253
37
84 292
84 289
196 289
53 196
196 75
238 75
196 309
84 8
19 8
24 19
5 19
5 98
24 201
24 211
24 138
138 175
152 75
152 69
140 69
152 4
32 4
11 69
173 11
120 4
120 29
39 11
39 38
31 120
31 122
72 11
72 189
14 152
14 268
8 58
59 58
253 4
282 253
