3
28
24 19
24 207
24 204
24 74
74 73
76 74
76 168
54 74
54 83
261 54
54 195
168 127
72 127
72 71
72 188
72 183
24 109
157 109
157 181
19 8
2 8
2 313
14 127
14 13
15 13
15 63
65 63
266 65
30
24 19
24 207
24 204
24 25
25 60
188 60
183 60
2 25
2 313
2 196
261 196
196 195
196 75
75 73
25 127
168 127
72 60
72 71
54 196
54 83
25 128
155 128
155 181
152 75
152 294
295 294
295 41
41 267
267 65
266 65
36
19 21
99 21
24 99
25 21
207 25
25 204
25 126
222 126
168 222
85 126
85 195
85 76
76 73
85 82
83 82
54 85
261 54
25 60
188 60
183 60
60 3
157 3
157 181
2 21
2 313
72 3
72 71
126 128
152 128
152 44
44 40
41 40
41 50
50 48
49 48
266 49
