3
34
157 181
157 109
109 78
23 78
109 11
39 11
39 38
23 1
103 1
18 1
53 1
53 55
223 11
269 223
269 34
254 34
252 34
223 76
76 237
76 197
197 230
24 109
24 138
287 138
24 57
57 56
23 25
2 25
2 313
16 34
16 45
42 45
193 42
241 193
34
157 181
157 155
155 128
23 128
128 38
5 23
103 5
5 18
5 51
55 51
39 38
178 128
178 74
237 74
178 4
254 4
252 4
178 177
177 34
23 69
153 69
287 153
197 74
197 230
57 4
57 56
5 0
2 0
2 313
4 13
15 13
15 63
64 63
241 64
38
157 155
155 181
157 109
109 79
23 79
130 79
130 38
23 27
27 18
103 18
225 130
225 39
200 27
200 287
225 75
75 237
76 130
76 257
34 257
32 257
254 32
252 32
18 21
21 51
55 51
197 130
197 230
2 21
2 313
200 138
138 57
57 56
152 75
16 152
16 40
42 40
193 42
241 193
