3
126
266 65
266 49
65 63
49 48
64 63
15 63
293 15
267 65
41 267
15 13
14 13
16 13
14 127
14 259
16 34
164 127
124 127
160 127
34 257
269 34
116 34
14 277
147 34
256 34
120 34
258 34
4 13
14 278
127 129
162 127
117 34
34 70
125 127
76 257
263 125
76 238
76 73
76 84
85 76
84 243
84 289
170 127
236 76
174 127
76 75
232 76
108 75
300 84
108 78
103 300
23 78
291 108
24 23
214 23
198 23
23 239
23 192
210 23
23 97
24 284
23 113
24 221
108 219
23 199
103 5
23 203
106 5
5 96
94 5
92 5
5 98
139 203
72 127
186 72
72 189
72 183
262 189
72 71
4 0
7 0
9 0
53 85
53 55
52 53
14 57
143 57
54 84
54 83
14 223
223 275
72 3
156 3
155 3
59 3
3 35
288 155
157 3
154 3
155 181
181 180
229 181
41 40
43 40
84 8
244 8
250 34
271 250
62 3
310 62
309 62
108 109
246 109
228 34
228 227
147 137
148 137
263 222
303 222
303 306
103 19
274 19
128 127
128 38
132 38
135 38
134 38
138
266 65
266 49
65 63
49 48
64 63
50 48
41 50
15 63
293 15
41 42
42 45
16 45
16 152
14 152
152 278
152 4
152 259
278 147
257 4
116 4
152 277
256 4
120 4
258 4
152 75
117 4
238 75
75 73
4 70
236 75
232 75
147 228
271 228
108 75
196 75
196 243
196 309
196 289
196 300
85 243
310 309
108 219
24 219
219 78
24 210
24 214
198 24
24 113
24 192
24 203
24 199
24 19
94 19
106 19
5 19
92 19
5 97
5 23
5 51
55 51
52 51
152 69
143 69
139 69
85 82
83 82
84 82
19 21
96 21
103 21
98 21
108 25
25 239
25 221
25 127
284 25
170 25
124 170
124 164
124 125
124 129
124 162
174 124
25 60
189 60
186 60
183 60
168 127
263 168
306 168
76 168
85 8
8 9
303 306
262 189
244 8
305 152
305 269
219 109
157 109
288 157
157 155
246 109
32 4
32 227
11 69
11 160
16 34
39 11
134 39
135 39
274 19
291 108
133 39
133 154
60 58
59 58
14 178
178 275
2 196
10 2
10 7
69 137
148 137
157 181
181 180
229 181
261 196
261 260
156 260
60 3
3 35
72 60
72 71
42 40
43 40
39 38
132 38
137
266 65
267 65
267 15
41 267
267 307
307 293
41 40
16 40
295 41
295 294
296 294
296 269
296 177
14 177
177 278
177 259
177 277
177 34
177 74
24 74
75 74
238 74
76 74
232 74
74 73
236 74
34 257
130 74
130 78
24 219
24 113
54 74
54 243
54 289
54 85
54 300
130 79
108 79
23 79
85 126
164 126
124 126
84 126
125 126
126 129
162 126
170 126
174 126
23 1
96 1
103 1
94 1
92 1
98 1
106 1
5 1
23 97
263 125
23 239
23 128
155 128
198 24
24 192
256 34
24 284
157 155
120 34
24 214
14 127
178 177
178 4
147 4
24 57
57 139
178 275
258 34
24 221
143 57
34 70
54 83
160 127
24 199
288 155
24 210
117 34
24 203
116 34
32 257
32 227
72 128
186 72
72 189
72 183
54 51
52 51
55 51
54 196
196 309
310 309
228 257
271 228
222 126
303 222
1 0
9 0
7 0
3 0
156 3
59 3
154 3
168 222
306 168
130 38
134 38
135 38
132 38
291 108
72 71
3 35
65 63
266 49
43 40
64 63
262 189
41 50
50 48
8 0
244 8
57 137
148 137
19 1
274 19
24 109
246 109
155 181
181 180
229 181
