3
125
269 268
296 269
269 223
312 296
305 269
223 275
305 222
296 152
222 225
263 222
16 152
152 75
225 39
75 237
233 75
234 75
39 37
135 39
75 74
232 75
39 38
75 87
75 73
197 225
26 197
197 230
213 26
26 203
26 110
26 192
26 201
124 26
198 26
26 199
124 165
124 171
26 204
124 127
26 88
211 26
124 129
216 203
159 127
124 172
194 159
161 127
216 109
72 127
157 109
72 188
72 183
217 109
219 109
288 157
246 109
186 72
269 34
119 34
256 34
34 182
258 34
34 47
34 257
117 34
120 34
31 119
31 122
26 18
112 18
18 1
18 17
90 18
5 18
111 18
196 75
196 301
196 283
196 243
196 292
196 289
2 196
302 196
196 285
196 249
196 300
249 247
298 196
248 247
24 74
24 284
24 138
114 24
138 137
143 137
141 137
142 137
148 137
253 34
282 253
72 189
262 189
196 309
310 309
261 196
261 260
156 260
53 1
52 53
2 8
244 8
108 75
291 108
197 27
202 27
16 40
42 40
296 294
295 294
41 40
41 50
314 41
152 4
4 86
50 48
49 48
139
14 268
14 152
14 223
14 127
312 152
296 223
165 127
171 127
305 152
127 129
172 127
14 57
141 57
143 57
57 142
138 57
57 137
25 127
5 25
213 25
25 201
25 1
5 17
26 25
90 1
25 110
198 25
25 204
2 25
25 192
211 25
284 25
25 88
114 25
25 199
25 203
57 4
256 4
117 4
4 182
258 4
119 4
31 117
257 4
120 4
103 5
103 300
5 51
52 51
32 4
122 32
4 86
54 300
54 298
54 283
54 243
54 302
54 301
54 74
54 289
74 87
74 73
234 74
54 248
54 292
54 285
233 74
232 74
237 74
14 13
16 13
223 11
11 194
161 11
72 11
39 11
109 11
108 25
216 108
217 108
108 219
16 45
42 45
72 3
156 3
157 3
155 3
288 155
156 260
223 76
76 225
76 75
248 247
269 268
62 3
310 62
62 249
41 42
295 41
125 127
263 125
124 125
60 127
188 60
186 60
183 60
41 50
314 41
168 127
168 222
39 37
38 37
135 38
159 127
291 108
14 178
178 275
246 109
148 137
103 18
111 18
112 18
16 34
34 47
189 60
262 189
253 4
282 253
32 197
197 230
25 27
202 27
5 0
8 0
244 8
41 267
267 65
266 65
266 49
141
14 268
14 152
14 177
296 177
177 74
305 296
305 223
152 128
165 128
72 128
124 128
171 128
128 127
128 38
128 129
109 128
172 128
155 128
157 155
89 128
89 203
89 88
219 109
288 155
23 128
211 23
213 23
23 1
26 23
198 23
23 204
5 23
23 110
23 192
23 199
1 17
233 74
1 0
2 0
200 26
200 138
139 203
139 159
139 137
90 1
72 183
72 188
135 38
124 27
201 27
38 37
305 222
194 159
312 152
263 222
152 69
141 69
143 69
142 69
234 74
32 69
258 32
32 256
32 257
32 117
120 32
32 119
31 120
39 38
161 127
122 32
16 152
232 74
152 75
225 75
216 109
223 275
237 74
23 113
114 113
74 87
186 72
296 269
74 73
217 109
25 128
284 25
3 0
156 3
76 74
76 84
300 84
84 283
302 84
298 84
301 84
84 243
84 285
84 289
84 292
152 294
295 294
177 34
34 182
54 84
54 248
62 3
62 247
310 62
62 249
54 51
52 51
261 54
261 260
246 109
148 137
152 46
46 45
42 45
202 27
34 47
108 109
291 108
4 0
4 86
84 8
244 8
27 18
112 18
111 18
197 74
197 230
32 253
282 253
295 41
41 50
314 41
50 48
49 48
72 189
262 189
