3
21
32 197
254 32
32 117
32 253
32 69
139 69
151 69
142 69
57 69
57 56
32 4
4 13
11 69
166 11
171 11
72 11
185 72
76 197
232 76
39 11
226 39
24
197 74
232 74
26 197
124 26
124 166
124 171
26 203
139 203
57 139
151 57
57 142
57 4
254 4
117 4
253 4
14 57
14 13
57 56
26 25
25 60
185 60
197 225
225 39
226 39
27
197 27
203 27
139 203
139 137
151 137
142 137
147 137
147 34
117 34
254 34
253 34
16 34
16 13
124 27
124 171
124 166
16 152
152 75
232 75
124 128
72 128
185 72
57 137
57 56
128 38
39 38
226 39
