3
130
25 89
25 21
25 27
206 25
106 21
25 88
90 21
202 27
124 89
2 25
124 166
124 123
2 313
170 25
5 25
284 25
124 165
25 204
25 191
21 17
207 25
25 201
25 113
91 21
104 21
115 113
98 21
68 88
115 250
250 147
271 250
250 228
147 137
278 147
141 137
144 137
178 278
145 137
142 137
305 178
145 153
145 175
228 257
149 137
178 297
305 269
151 137
269 268
178 74
152 278
74 73
238 74
311 152
16 152
148 137
236 74
152 294
178 276
75 74
295 294
272 75
295 41
314 41
41 42
41 50
50 280
50 48
250 34
34 47
34 118
256 34
34 182
120 34
119 34
118 33
108 25
290 108
217 108
108 79
218 108
108 109
246 109
25 60
189 60
184 60
186 60
183 60
188 60
157 109
288 157
54 74
54 242
54 248
54 300
54 195
54 264
261 54
54 302
54 231
261 260
54 85
60 3
61 3
154 3
157 181
181 180
81 108
81 80
21 51
55 51
52 51
25 11
39 11
161 11
39 131
136 39
226 39
62 3
310 62
309 62
281 280
281 266
41 267
267 307
39 38
132 38
253 34
282 253
72 60
72 71
149
181 180
155 181
288 155
155 128
166 128
178 128
124 128
25 128
128 123
124 27
109 128
206 27
27 88
217 109
109 79
89 128
218 79
165 128
204 27
152 128
27 191
305 152
152 297
27 113
152 75
170 128
75 73
236 75
238 75
207 27
201 27
296 152
311 296
296 269
296 294
196 75
196 300
2 196
302 196
261 196
85 300
196 231
85 264
196 309
196 195
310 309
85 242
2 21
5 21
5 17
104 5
5 98
106 5
269 34
228 34
147 34
16 34
34 257
271 228
27 18
18 91
90 18
152 69
69 137
149 69
141 69
151 69
142 69
153 69
144 69
68 69
128 38
131 38
136 38
128 127
161 127
138 137
138 175
132 38
202 27
133 38
133 154
133 39
16 40
41 40
42 40
24 25
24 145
24 284
24 74
226 39
314 41
178 4
4 118
250 4
115 4
4 182
120 4
119 4
120 33
256 4
53 196
52 53
53 55
72 128
72 188
72 189
186 72
72 183
295 41
72 71
14 178
14 268
14 278
272 75
178 275
276 275
246 109
34 47
148 137
2 313
60 127
184 60
60 58
61 58
81 109
81 80
196 249
249 247
248 247
108 75
290 108
155 3
156 3
156 260
253 4
282 253
16 13
15 13
293 15
307 293
15 63
65 63
266 65
266 49
49 48
50 48
281 266
281 280
167
148 137
57 137
149 57
141 57
145 57
151 57
144 57
57 142
68 57
57 4
147 4
257 4
147 228
152 4
4 182
57 127
25 127
166 127
89 127
124 127
89 88
170 127
165 127
127 123
24 57
24 27
24 207
24 206
24 109
24 201
24 191
24 204
24 113
76 257
76 73
76 75
85 76
236 76
76 238
302 85
76 74
85 195
223 76
305 223
223 178
223 276
269 223
25 1
106 1
1 17
90 1
104 1
98 1
5 1
1 21
78 27
217 78
218 78
217 79
32 4
32 256
32 118
32 119
120 32
119 33
76 84
300 84
84 242
84 264
271 228
76 224
224 39
161 127
14 57
14 297
4 0
2 0
14 268
138 57
138 153
115 4
138 175
250 4
152 177
177 278
24 284
18 1
18 91
72 127
72 188
72 189
186 72
72 183
152 46
46 45
42 45
16 45
53 85
52 53
53 55
3 0
59 3
61 59
296 223
311 296
296 294
25 126
126 38
131 38
136 38
272 75
246 109
72 71
202 27
157 3
157 155
288 155
2 313
156 3
156 260
226 39
85 285
196 285
196 309
196 231
310 309
261 196
133 39
133 154
152 44
44 40
41 40
132 38
314 41
295 41
81 78
81 80
108 78
290 108
32 253
282 253
177 34
34 47
3 58
62 58
62 247
248 247
155 181
181 180
72 187
187 60
184 60
193 42
241 193
241 64
64 63
65 63
266 65
266 49
49 48
50 48
267 65
267 15
293 15
307 293
281 266
281 280
