3
20
14 13
14 127
127 123
159 127
14 223
269 223
14 57
150 57
125 127
125 240
25 127
25 1
105 1
15 13
15 63
66 63
2 25
2 196
196 309
310 309
25
11 0
11 123
5 0
105 5
11 194
194 159
11 69
150 69
125 11
125 240
3 0
62 3
309 62
310 62
223 11
305 223
305 269
152 69
152 294
295 294
295 41
41 267
267 65
65 63
66 63
27
16 34
269 34
16 152
152 128
128 123
147 34
147 137
150 137
139 137
139 159
25 128
25 21
105 21
125 128
125 240
25 60
60 58
62 58
309 62
310 62
16 40
42 40
193 42
241 193
241 64
64 63
66 63
