3
18
2 8
2 313
2 196
196 292
196 231
196 309
310 309
54 196
54 83
2 0
11 0
223 11
269 223
4 0
4 13
15 13
267 15
267 307
25
84 8
84 292
54 84
54 231
84 82
83 82
8 58
62 58
310 62
76 84
223 76
296 223
296 269
10 54
10 2
2 313
296 294
295 294
295 41
41 267
267 65
65 63
15 63
293 15
307 293
28
8 0
85 8
85 292
54 85
54 231
85 82
83 82
85 126
222 126
305 222
305 269
3 0
62 3
310 62
25 126
2 25
2 313
305 152
16 152
16 40
42 40
193 42
241 193
241 64
64 63
15 63
293 15
307 293
