3
28
4 13
256 4
4 0
119 4
7 0
1 0
1 17
1 12
11 0
158 11
25 1
25 201
209 25
26 25
25 113
3 0
59 3
108 25
290 108
216 108
62 3
310 62
57 4
146 57
16 13
16 40
41 40
41 50
38
158 128
23 128
209 23
26 23
23 113
26 201
23 69
146 69
5 23
5 17
5 0
5 12
32 69
32 256
32 4
32 119
10 0
10 7
109 128
216 109
152 128
14 152
14 13
8 0
8 58
59 58
108 109
290 108
62 58
309 62
310 309
15 13
15 63
65 63
266 65
281 266
281 280
50 280
48
15 13
267 15
41 267
295 41
295 294
152 294
152 4
115 4
115 113
26 113
209 26
24 113
24 201
124 26
124 158
26 203
216 203
26 18
18 17
6 18
6 0
16 152
16 34
256 34
119 34
10 6
10 7
152 69
69 137
146 137
5 18
5 12
24 25
25 60
60 58
61 58
61 59
152 75
196 75
196 309
310 309
108 75
290 108
267 65
266 65
266 49
49 48
50 48
