3
23
3 0
7 0
4 0
253 4
116 4
253 34
269 34
1 0
98 1
18 1
147 4
147 137
148 137
60 3
190 60
186 60
62 3
62 249
23 1
23 204
4 13
15 13
15 63
29
72 190
186 72
72 11
25 11
25 204
11 69
69 137
25 21
18 21
98 21
32 69
32 253
116 32
32 4
116 34
148 137
223 11
269 223
2 25
2 196
196 249
10 2
10 7
16 34
16 40
41 40
41 267
267 65
65 63
35
6 18
27 18
204 27
5 18
5 98
6 32
32 28
34 28
4 28
33 28
116 33
57 4
57 137
32 253
10 6
10 7
177 34
296 177
296 269
54 6
54 248
248 247
249 247
148 137
57 127
72 127
186 72
72 190
296 46
46 45
42 45
193 42
241 193
241 64
64 63
