3
25
16 40
43 40
16 34
116 34
16 152
305 152
305 222
152 128
128 38
134 38
125 128
125 240
109 128
81 109
155 128
288 155
109 78
78 77
155 181
229 181
25 128
25 21
105 21
25 60
184 60
26
1 0
105 1
4 0
116 4
3 0
157 3
288 157
23 1
23 79
81 79
79 77
60 3
184 60
11 0
11 126
222 126
39 11
134 39
125 11
125 240
157 181
229 181
152 4
152 44
44 40
43 40
30
43 40
41 40
295 41
295 294
152 294
152 75
225 75
222 225
108 75
81 108
152 69
32 69
116 32
108 79
79 77
225 39
134 39
108 25
5 25
105 5
108 109
157 109
288 157
25 127
60 127
184 60
125 127
125 240
157 181
229 181
