3
18
16 40
42 40
16 34
251 34
16 152
152 277
152 128
165 128
152 69
140 69
128 38
134 38
132 38
124 128
124 27
152 75
196 75
196 249
21
11 0
165 11
4 0
251 4
39 11
134 39
25 11
25 27
57 4
57 140
178 4
178 277
39 38
132 38
3 0
62 3
62 249
152 4
152 44
44 45
42 45
26
134 39
225 39
197 225
197 27
32 197
251 32
197 74
177 74
177 277
32 69
69 137
140 137
222 225
222 126
165 126
54 74
54 248
248 247
249 247
152 177
152 294
295 294
295 41
41 42
126 38
132 38
