3
26
76 130
232 76
85 76
130 79
79 77
76 75
272 75
235 75
109 79
157 109
130 38
131 38
85 8
8 58
24 109
24 284
19 8
92 19
54 85
54 248
76 257
257 4
4 13
15 13
267 15
267 307
34
232 75
75 74
235 74
76 74
272 75
225 75
225 39
39 131
108 75
108 25
284 25
108 78
78 77
25 126
85 126
25 1
92 1
25 60
60 58
60 3
157 3
62 58
62 247
248 247
152 75
16 152
16 40
41 40
41 267
267 65
65 63
15 63
293 15
307 293
38
53 196
53 85
53 21
92 21
196 75
236 75
236 76
236 74
232 74
235 74
25 21
284 25
25 128
155 128
157 155
155 3
3 58
272 75
196 249
249 247
248 247
130 74
130 78
78 77
76 224
224 39
39 131
152 128
152 44
44 45
42 45
193 42
241 193
241 64
64 63
15 63
293 15
307 293
