3
33
165 11
11 69
57 69
138 57
145 57
25 11
25 273
25 201
2 25
57 4
115 4
24 57
24 19
24 74
54 74
74 87
54 292
109 11
109 78
109 107
116 4
116 33
157 109
157 181
229 181
32 69
32 227
152 69
152 294
295 294
295 41
41 50
50 280
40
23 273
23 69
23 78
78 107
23 27
201 27
23 113
115 113
130 78
130 74
69 137
57 137
138 137
145 137
23 128
165 128
76 130
76 87
155 128
155 181
85 76
54 85
85 292
229 181
85 8
2 8
19 8
115 250
250 228
228 227
250 4
4 118
118 33
4 13
15 13
15 63
65 63
266 65
281 266
281 280
45
16 152
152 75
75 74
75 87
196 75
54 196
196 292
2 196
108 75
108 78
108 107
26 78
26 201
2 21
19 21
24 26
24 138
24 145
138 153
153 69
124 26
124 165
14 152
14 57
16 34
117 34
117 33
26 23
23 273
228 34
228 227
250 34
115 250
2 0
3 0
155 3
155 181
229 181
16 40
41 40
41 267
267 65
266 65
281 266
281 280
