3
18
4 0
250 4
10 0
10 54
1 0
90 1
178 4
178 275
3 0
60 3
187 60
305 178
305 222
303 222
4 13
15 13
15 63
64 63
22
85 8
54 85
19 8
90 19
85 76
223 76
223 275
76 257
34 257
250 34
223 11
72 11
72 187
76 168
306 168
303 306
16 34
16 45
42 45
193 42
241 193
241 64
24
54 6
6 21
90 21
6 32
32 228
250 228
54 74
178 74
178 276
276 275
178 128
72 128
72 187
128 127
168 127
306 168
303 306
152 128
16 152
16 40
42 40
193 42
241 193
241 64
