3
23
16 152
152 277
152 69
16 34
250 34
152 75
236 75
235 75
232 75
108 75
291 108
116 34
116 29
76 75
76 84
84 265
152 128
89 128
16 40
41 40
41 50
41 267
267 65
27
250 4
120 4
120 29
178 4
178 277
57 4
57 69
178 74
232 74
236 74
235 74
57 127
89 127
54 74
54 265
54 84
4 13
15 13
15 63
65 63
25 127
108 25
291 108
266 65
266 49
49 48
50 48
34
29 28
32 28
32 69
32 228
250 228
11 69
89 11
11 126
84 126
85 126
85 265
85 76
236 76
232 76
76 74
235 74
177 74
177 277
109 11
108 109
291 108
152 177
152 46
46 45
42 45
193 42
241 193
241 64
64 63
65 63
266 65
281 266
281 280
50 280
