3
43
42 40
41 40
41 50
50 280
193 42
241 193
241 64
16 40
16 34
34 182
256 34
16 152
152 69
69 67
68 69
11 69
11 163
72 11
172 11
11 194
11 160
161 11
72 189
169 11
125 11
263 125
152 75
75 237
153 69
286 153
39 11
226 39
133 39
108 75
291 108
23 69
23 113
210 23
23 1
106 1
95 1
223 11
223 276
54
133 38
128 38
169 128
72 128
125 128
172 128
178 128
178 276
128 127
160 127
161 127
163 127
159 127
194 159
57 127
68 57
68 67
168 127
263 168
145 57
286 145
178 74
237 74
72 60
189 60
178 4
256 4
4 182
25 128
210 25
25 113
25 21
95 21
106 21
108 25
291 108
39 38
226 39
152 128
152 44
44 40
44 45
42 45
4 13
15 13
15 63
64 63
65 63
266 65
281 266
281 280
266 49
49 48
50 48
65
14 127
72 127
169 127
125 127
172 127
160 127
161 127
163 127
14 57
138 57
286 138
24 57
24 113
24 210
24 88
68 88
24 19
19 95
106 19
68 67
169 126
222 126
263 222
14 223
223 275
276 275
223 76
76 237
57 4
4 182
32 4
32 256
72 3
154 3
133 154
60 127
189 60
57 139
139 159
194 159
14 152
152 294
295 294
295 41
41 42
24 219
108 219
291 108
222 224
224 39
226 39
41 267
267 65
65 63
64 63
152 46
46 45
44 45
44 40
266 65
281 266
281 280
266 49
49 48
50 48
