3
25
1 12
1 0
7 0
23 1
23 78
53 1
53 196
4 0
119 4
32 4
32 227
53 85
85 82
11 0
72 11
72 71
85 76
76 168
306 168
152 4
152 294
295 294
295 41
41 50
50 280
30
25 127
5 25
5 12
25 27
78 27
2 25
2 196
197 27
32 197
32 119
10 2
10 7
32 228
228 227
25 126
84 126
84 82
72 127
72 71
222 126
303 222
303 306
14 127
14 13
15 13
267 15
267 65
266 65
281 266
281 280
36
16 34
119 34
34 28
32 28
16 152
152 75
196 75
108 75
108 78
228 34
228 227
54 196
54 83
83 82
10 54
10 7
54 51
5 51
5 12
305 152
305 222
303 222
303 306
152 128
72 128
72 71
16 40
42 40
193 42
241 193
241 64
64 63
65 63
266 65
281 266
281 280
