3
21
1 0
90 1
1 21
21 51
4 0
4 182
250 4
57 4
145 57
150 57
54 51
54 242
4 13
15 13
15 63
66 63
64 63
241 64
16 13
16 40
43 40
27
8 0
19 8
90 19
85 8
85 242
5 0
5 51
24 19
24 145
145 137
150 137
147 137
250 147
147 34
34 182
16 34
16 45
42 45
193 42
241 193
42 40
43 40
41 42
41 267
267 65
65 63
66 63
32
6 0
6 21
90 21
53 21
53 51
6 32
32 228
250 228
32 69
150 69
153 69
145 153
228 34
34 182
6 8
84 8
84 242
152 69
152 44
44 40
43 40
41 40
41 42
193 42
241 193
41 50
50 280
281 280
281 266
266 65
65 63
66 63
