3
14
3 0
156 3
62 3
1 0
104 1
8 0
84 8
84 195
4 0
4 13
15 13
267 15
41 267
41 50
23
2 196
196 195
2 21
104 21
196 249
62 249
261 196
261 260
156 260
196 75
152 75
16 152
16 40
42 40
193 42
241 193
241 64
64 63
65 63
266 65
266 49
49 48
50 48
29
104 5
5 51
54 51
54 195
54 196
196 309
309 62
261 54
261 260
156 260
5 23
23 69
152 69
152 46
46 45
42 45
193 42
241 193
241 64
64 63
15 63
293 15
307 293
267 307
267 65
266 65
281 266
281 280
50 280
