3
15
16 13
16 40
15 13
293 15
16 152
152 75
108 75
41 40
41 50
50 280
196 75
196 309
310 309
54 196
54 83
24
62 3
310 62
157 3
157 109
108 109
109 128
152 128
152 44
44 40
44 45
16 45
126 128
84 126
84 82
83 82
42 40
41 42
41 267
267 307
307 293
267 65
266 65
281 266
281 280
31
1 0
25 1
108 25
4 0
4 118
34 118
16 34
8 0
85 8
85 82
83 82
8 58
62 58
310 62
152 4
152 46
46 45
42 45
42 40
193 42
241 193
241 64
64 63
15 63
267 15
267 307
307 293
65 63
266 65
281 266
281 280
