3
24
116 34
116 30
116 32
32 197
197 27
27 192
27 110
78 27
215 78
76 197
76 168
306 168
85 76
85 243
85 8
8 58
32 69
11 69
11 194
16 34
16 40
41 40
41 50
50 280
27
84 243
84 126
25 126
25 110
25 192
25 27
108 25
215 108
25 60
60 58
222 126
303 222
303 306
25 127
159 127
194 159
57 127
57 4
4 28
30 28
4 13
15 13
15 63
65 63
266 65
281 266
281 280
31
23 69
23 192
23 110
23 27
23 79
215 79
152 69
152 4
121 4
121 30
152 75
196 75
196 243
4 0
3 0
3 58
139 69
139 159
194 159
305 152
305 222
303 222
303 306
152 294
295 294
295 41
41 267
267 65
266 65
281 266
281 280
