3
22
4 28
120 4
178 4
305 178
34 28
34 47
178 74
54 74
234 74
54 302
54 196
32 4
32 227
57 4
150 57
178 128
125 128
109 128
157 109
109 107
23 128
23 239
25
54 53
53 196
302 196
196 75
234 75
108 75
108 107
152 75
305 152
108 25
25 239
152 69
150 69
25 11
125 11
32 69
120 32
32 28
32 228
228 227
152 128
155 128
157 155
120 34
34 47
30
228 227
228 257
76 257
234 76
85 76
54 85
302 85
85 126
125 126
223 76
305 223
85 195
196 195
147 228
147 137
150 137
25 126
25 239
76 130
130 79
79 107
25 60
60 3
157 3
228 34
121 34
31 121
31 28
31 120
34 47
