3
32
6 21
6 32
105 21
6 18
26 18
26 210
6 8
244 8
54 6
54 265
54 83
54 195
8 58
62 58
62 247
1 21
1 12
60 58
184 60
32 69
146 69
189 60
262 189
24 26
24 109
32 4
4 13
15 13
15 63
65 63
266 65
281 266
37
262 189
72 189
72 128
109 128
72 3
62 3
25 128
25 21
26 25
210 25
62 249
249 247
26 197
32 197
196 249
196 265
196 195
5 25
5 12
105 5
72 127
57 127
146 57
72 60
184 60
84 265
84 82
83 82
84 8
244 8
152 128
16 152
16 40
41 40
41 50
50 280
281 280
41
1 0
105 1
5 0
5 21
11 0
109 11
23 1
210 23
26 23
5 12
8 0
85 8
85 265
85 195
54 85
54 248
248 247
85 82
83 82
11 69
69 137
146 137
147 137
32 147
54 196
196 309
309 62
244 8
3 0
60 3
184 60
72 11
72 189
262 189
152 69
152 294
295 294
295 41
41 50
50 280
281 280
