3
25
253 4
152 4
152 75
152 294
57 4
57 140
151 57
150 57
57 127
60 127
164 127
24 57
24 110
24 192
24 205
24 19
19 100
295 294
295 41
41 50
50 48
49 48
76 75
76 84
84 82
32
164 11
11 69
150 69
140 69
151 69
25 11
25 110
25 60
25 192
25 205
108 25
108 75
25 1
100 1
32 69
32 253
11 126
85 126
85 82
223 11
296 223
296 294
32 4
4 13
15 13
267 15
267 65
266 65
266 49
281 266
281 280
50 280
39
16 34
253 34
16 152
152 128
164 128
72 128
72 60
23 128
23 110
23 192
23 205
147 34
147 137
140 137
151 137
150 137
25 128
25 21
100 21
296 152
296 294
177 34
177 74
75 74
54 74
54 83
83 82
16 40
42 40
193 42
241 193
241 64
64 63
65 63
266 65
266 49
281 266
281 280
50 280
