3
33
19 8
102 19
274 19
84 8
84 126
76 84
89 126
166 126
54 84
54 83
25 126
108 25
25 113
209 25
25 60
183 60
76 257
34 257
189 60
262 189
32 257
122 32
24 19
24 57
57 56
126 128
155 128
155 181
181 180
16 34
16 40
41 40
41 50
41
1 0
102 1
11 0
89 11
166 11
11 126
23 1
209 23
23 113
72 11
72 183
223 11
223 76
109 11
108 109
269 223
269 34
85 126
85 82
83 82
72 189
262 189
34 28
29 28
122 29
19 1
274 19
4 0
57 4
57 56
157 109
157 181
181 180
4 13
15 13
15 63
65 63
266 65
266 49
49 48
50 48
46
266 65
281 266
281 280
50 280
267 65
41 267
295 41
295 294
152 294
152 75
76 75
108 75
152 128
89 128
166 128
128 129
126 129
152 177
177 34
23 128
5 23
102 5
24 23
24 113
24 209
72 128
72 183
116 34
116 31
31 122
5 19
274 19
14 152
14 57
57 56
196 75
196 195
84 195
84 82
83 82
72 189
262 189
72 3
157 3
157 181
181 180
