3
18
3 0
155 3
3 58
62 3
310 62
1 0
103 1
155 128
128 38
130 38
152 128
152 46
46 45
42 45
41 42
41 50
50 280
281 280
22
16 45
16 152
152 75
225 75
225 130
196 75
196 309
310 309
196 300
103 300
309 62
62 58
108 75
108 109
157 109
157 155
16 13
15 13
15 63
65 63
266 65
281 266
27
103 5
5 25
25 60
60 58
5 23
23 79
130 79
60 3
157 3
288 157
288 155
23 69
152 69
152 44
44 45
2 25
2 196
196 249
62 249
309 62
310 309
44 40
41 40
41 267
267 65
266 65
281 266
