3
41
5 12
5 0
7 0
5 23
198 23
23 113
214 23
115 113
23 273
4 0
252 4
116 4
252 34
177 34
270 34
32 4
122 32
32 197
23 78
218 78
219 78
109 78
246 109
11 0
161 11
177 74
236 74
72 11
72 190
72 188
39 11
136 39
197 225
222 225
303 222
16 34
16 40
41 40
41 50
50 280
281 280
52
115 4
251 4
251 34
116 34
152 4
152 177
251 32
252 32
152 75
236 75
32 308
308 270
108 75
108 219
218 108
108 25
198 25
25 113
25 273
214 25
5 25
25 60
190 60
188 60
25 127
161 127
116 29
122 29
75 74
197 74
25 1
1 12
152 128
128 38
136 38
108 109
246 109
6 32
10 6
10 7
168 127
306 168
303 306
4 13
15 13
15 63
65 63
266 65
281 266
266 49
49 48
50 48
56
219 79
218 79
24 219
24 113
24 214
198 24
24 19
5 19
130 79
197 130
76 130
236 76
76 257
34 257
32 257
116 32
250 34
115 250
252 32
116 30
122 30
19 1
1 12
24 25
25 273
130 38
136 38
24 57
14 57
14 177
57 127
161 127
60 127
190 60
188 60
1 0
10 0
10 7
32 308
308 270
109 79
246 109
76 168
306 168
303 306
14 152
152 294
295 294
295 41
41 267
267 65
266 65
281 266
266 49
49 48
50 48
