3
24
16 34
116 34
228 34
16 40
42 40
193 42
16 152
152 75
75 237
152 69
151 69
196 75
302 196
23 69
210 23
153 69
200 153
108 75
290 108
152 128
128 38
132 38
155 128
155 181
28
116 4
57 4
151 57
4 13
16 13
145 57
200 145
250 4
250 228
24 57
24 210
24 74
237 74
54 74
54 302
24 109
157 109
157 181
108 109
290 108
130 74
130 38
132 38
15 13
15 63
64 63
241 64
241 193
36
157 3
157 181
60 3
25 60
210 25
25 27
200 27
25 126
85 126
302 85
85 76
76 237
76 257
228 257
32 257
116 32
200 138
138 137
151 137
126 38
132 38
223 76
296 223
296 46
46 45
16 45
108 25
290 108
42 45
41 42
41 267
267 65
65 63
64 63
241 64
241 193
