3
17
162 11
223 11
223 276
11 69
32 69
141 69
32 4
72 11
72 190
69 137
148 137
72 3
156 3
223 76
76 130
85 76
85 264
20
162 127
60 127
190 60
57 127
57 4
141 57
178 4
178 276
223 178
178 74
130 74
4 118
32 118
54 74
54 264
57 137
148 137
261 54
261 260
156 260
26
2 0
4 0
6 0
6 32
32 197
197 130
2 25
25 126
162 126
84 126
84 264
147 4
147 137
141 137
25 60
190 60
152 4
14 152
14 223
223 275
276 275
148 137
2 196
261 196
261 260
156 260
