3
27
109 78
218 78
24 109
24 19
274 19
109 11
72 11
185 72
39 11
226 39
24 57
14 57
14 268
24 74
54 74
54 264
54 292
75 74
272 75
14 13
15 13
293 15
267 15
267 65
157 109
157 181
181 180
35
16 34
269 34
269 268
16 152
152 75
272 75
196 75
196 292
108 75
218 108
84 292
84 264
108 25
25 60
185 60
225 75
225 39
226 39
84 8
19 8
274 19
152 128
155 128
155 181
181 180
16 40
41 40
41 267
267 307
307 293
41 50
50 280
281 280
281 266
266 65
38
53 1
53 85
85 264
85 292
23 1
23 79
218 79
1 0
3 0
60 3
185 60
19 1
274 19
85 76
223 76
269 223
269 268
76 75
272 75
76 224
224 39
226 39
155 3
155 181
181 180
296 223
296 46
46 45
42 45
193 42
241 193
241 64
64 63
65 63
41 42
41 267
267 307
307 293
