3
16
16 13
16 152
152 69
140 69
11 69
152 75
76 75
235 75
23 69
23 1
90 1
15 13
15 63
66 63
65 63
266 65
25
90 19
24 19
24 74
76 74
235 74
24 57
57 69
57 140
24 109
109 11
177 74
177 34
16 34
16 40
41 40
41 50
50 48
49 48
266 49
42 40
193 42
241 193
241 64
64 63
66 63
27
32 69
32 197
76 197
69 137
140 137
223 76
223 11
6 32
6 21
90 21
197 74
235 74
296 223
296 46
46 45
16 45
42 45
41 42
41 50
50 280
281 280
281 266
193 42
241 193
241 64
64 63
66 63
