3
18
14 13
14 127
25 127
198 25
168 127
306 168
108 25
81 108
108 219
108 75
272 75
14 57
145 57
286 145
15 13
15 63
65 63
266 65
21
198 23
23 78
81 78
219 78
23 69
153 69
286 153
152 69
152 75
272 75
305 152
305 222
303 222
303 306
152 294
295 294
295 41
41 50
50 280
281 280
281 266
22
16 152
152 128
109 128
81 109
219 109
24 109
198 24
24 138
286 138
126 128
222 126
303 222
303 306
24 74
75 74
272 75
16 40
41 40
41 50
50 48
49 48
266 49
