3
26
54 6
54 283
54 289
6 32
32 253
32 69
69 67
23 69
209 23
11 69
170 11
172 11
109 11
245 109
152 69
152 277
152 179
305 152
39 11
226 39
157 109
157 181
229 181
16 152
16 40
43 40
29
253 4
178 4
178 179
178 277
305 178
178 128
172 128
170 128
25 128
209 25
108 25
108 245
57 4
68 57
68 67
126 128
84 126
84 289
84 283
155 128
155 181
229 181
128 38
39 38
226 39
152 4
152 44
44 40
43 40
35
224 39
222 224
305 222
222 126
172 126
170 126
85 126
85 283
85 289
305 269
269 34
253 34
177 34
177 277
177 179
25 126
24 25
24 209
226 39
24 219
108 219
108 245
25 88
68 88
68 67
16 34
16 45
42 45
42 40
43 40
25 60
60 3
155 3
155 181
229 181
