3
224
2 8
2 25
10 2
25 99
19 8
8 58
24 25
210 25
10 7
25 127
25 11
25 88
206 25
105 19
171 127
125 127
101 25
25 201
102 19
162 127
19 17
274 19
25 221
19 100
127 129
168 127
25 191
24 109
244 8
168 222
306 168
81 109
246 109
109 107
222 225
81 80
304 168
157 109
211 25
25 89
288 157
157 181
61 58
109 78
181 180
68 88
229 181
78 77
218 78
208 25
158 127
305 222
94 19
24 138
305 269
25 128
138 153
138 137
286 138
19 20
147 137
124 127
167 127
32 147
250 147
5 25
32 255
32 253
120 32
32 227
116 32
5 96
282 253
122 32
32 70
252 32
258 32
5 97
32 257
197 225
279 147
32 28
115 250
120 29
197 230
127 123
32 117
251 32
32 119
25 273
138 175
108 25
11 69
216 109
165 127
92 19
3 58
287 138
24 57
19 95
220 128
57 56
148 137
32 118
147 228
5 98
11 194
159 127
154 3
26 25
139 137
25 110
156 3
290 108
156 260
217 109
261 260
128 38
6 8
136 38
132 38
38 37
131 38
134 38
84 8
85 8
302 84
84 195
84 289
84 243
301 84
53 85
300 84
84 283
299 84
84 242
24 74
305 296
232 74
235 74
237 74
312 296
296 46
233 74
234 74
311 296
46 45
172 127
42 45
16 45
193 42
225 75
164 127
25 204
120 30
16 13
146 137
32 256
215 109
166 127
106 19
25 36
23 25
214 25
15 13
84 82
84 285
83 82
284 25
163 127
267 15
25 205
267 307
25 27
198 25
202 27
212 25
25 192
174 127
222 224
25 60
25 126
183 60
187 60
185 60
188 60
24 219
186 60
189 60
190 60
15 63
66 63
64 63
39 11
226 39
2 196
196 249
196 231
196 309
249 247
310 309
105 18
112 18
111 18
41 42
314 41
295 41
41 50
50 280
50 48
281 280
281 266
269 34
270 34
34 47
147 4
4 86
42 40
43 40
14 127
14 179
14 176
223 11
223 275
240
32 4
255 4
253 4
116 4
4 13
4 70
258 4
257 4
117 4
32 197
57 4
252 4
120 4
57 127
32 69
138 57
11 127
153 69
68 57
11 163
171 11
125 11
162 11
286 153
172 11
11 129
128 127
89 127
158 11
167 11
89 88
124 171
116 29
24 88
11 123
165 11
198 24
24 210
24 36
24 206
24 201
24 214
24 221
24 191
24 99
122 29
24 19
24 284
24 208
101 19
24 211
5 19
101 20
57 137
105 5
92 5
5 95
5 17
102 5
287 153
94 5
109 11
250 4
108 109
4 118
81 108
108 107
218 108
216 108
108 78
217 108
119 4
4 28
6 32
197 74
10 6
100 20
115 4
197 27
26 197
24 110
23 69
106 5
23 273
23 97
32 228
24 205
57 139
166 11
228 227
139 159
219 109
256 4
194 159
146 57
24 192
215 108
174 11
24 212
251 4
116 30
11 126
24 204
222 126
60 127
304 222
60 58
60 3
126 38
157 3
61 3
85 126
84 126
302 85
85 283
85 82
85 195
85 289
85 285
164 11
85 243
85 301
85 299
85 242
108 75
85 300
234 75
75 237
233 75
232 75
235 75
4 0
2 0
7 0
8 0
152 4
296 152
305 152
16 152
311 152
312 152
152 179
296 269
152 176
152 46
274 19
99 21
53 21
25 21
98 21
96 21
81 80
72 127
72 190
186 72
72 183
185 72
72 189
72 188
72 187
220 128
32 308
308 270
4 86
202 27
57 56
145 57
145 175
39 38
39 37
136 39
134 39
39 131
224 39
225 39
255 34
147 34
62 58
310 62
309 62
62 247
62 249
155 128
288 155
155 181
290 108
34 47
279 147
229 181
226 39
181 180
152 44
44 45
132 38
54 6
54 83
54 231
261 54
197 230
109 79
79 77
133 38
133 154
261 260
152 294
295 294
76 257
76 168
156 260
148 137
244 8
178 4
178 275
246 109
303 222
303 306
282 253
16 40
41 40
41 267
42 40
43 40
314 41
267 65
266 65
266 49
49 48
281 266
281 280
65 63
64 63
66 63
241 64
241 193
15 63
293 15
307 293
101 18
111 18
112 18
256
32 121
121 29
121 30
117 29
122 30
119 29
29 28
121 34
116 34
250 34
253 34
34 70
120 34
252 34
34 257
228 34
256 34
34 118
251 34
258 34
16 34
255 34
177 34
177 179
177 176
296 177
177 74
75 74
14 177
14 13
14 57
57 69
139 69
69 137
68 69
146 69
146 287
54 74
54 301
54 302
54 195
54 53
54 289
54 283
10 54
54 285
54 300
54 84
54 299
54 242
54 85
54 243
54 248
248 247
53 1
19 1
100 1
25 1
96 1
101 1
1 17
102 1
94 1
20 1
92 1
95 1
106 1
105 1
5 1
98 1
23 1
23 205
24 23
23 78
214 23
206 23
208 23
78 107
23 191
81 78
23 99
211 23
23 128
216 78
162 128
171 128
125 128
165 128
11 128
128 129
124 128
89 128
158 128
128 123
109 128
212 23
198 23
23 88
217 78
23 110
167 128
172 128
23 27
23 36
201 27
26 23
174 128
166 128
23 192
215 78
23 204
219 78
126 128
108 219
210 23
164 128
72 128
72 60
72 3
263 125
263 222
263 168
25 113
115 113
186 72
72 187
72 183
72 190
304 222
130 74
130 38
225 130
197 130
177 278
278 147
76 74
234 76
232 76
76 237
233 76
76 224
24 284
23 273
145 137
286 145
145 153
155 3
157 155
145 175
59 3
61 59
59 58
54 83
24 221
296 223
269 223
305 223
85 82
54 231
223 276
276 275
200 287
200 138
72 189
170 25
170 127
1 21
97 21
6 21
2 21
23 79
218 79
155 181
79 77
185 72
196 75
261 196
72 188
235 75
288 155
11 163
139 159
228 227
194 159
152 177
311 152
312 152
152 46
62 3
310 62
309 62
62 249
296 294
295 294
10 0
7 0
9 0
8 9
197 230
279 147
81 80
57 56
220 128
282 253
229 181
135 38
135 39
39 37
136 39
134 39
39 131
133 39
133 154
303 222
303 306
34 47
132 38
274 19
290 108
261 260
181 180
156 260
32 308
308 270
244 8
226 39
148 137
246 109
202 27
18 1
111 18
112 18
16 40
44 40
44 45
41 40
41 267
42 40
43 40
314 41
267 65
266 65
266 49
49 48
281 266
281 280
121 4
4 86
65 63
66 63
15 63
64 63
293 15
307 293
241 64
241 193
