3
21
9 0
1 0
11 0
109 11
4 0
152 4
120 4
72 11
72 187
3 0
61 3
39 11
224 39
11 69
150 69
125 11
125 240
8 0
84 8
301 84
84 195
23
19 1
19 8
8 9
24 19
24 109
85 8
85 301
85 195
109 128
152 128
85 76
76 224
8 58
61 58
24 57
150 57
60 58
187 60
125 128
125 240
6 8
6 32
120 32
27
25 1
108 25
108 109
108 75
152 75
196 75
196 301
196 195
25 126
222 126
222 224
152 69
69 137
150 137
25 60
187 60
16 152
16 34
120 34
60 3
59 3
61 59
2 25
2 8
8 9
125 126
125 240
