3
29
4 13
15 13
152 4
312 152
152 179
152 297
178 4
178 74
152 128
25 128
167 128
198 25
25 22
250 4
271 250
109 128
246 109
54 74
54 298
54 265
54 51
128 127
160 127
152 69
69 67
267 15
267 307
116 4
116 29
37
293 15
307 293
15 63
65 63
267 65
41 267
295 41
295 294
296 294
312 296
296 177
177 179
177 74
177 297
24 74
24 22
24 25
198 24
25 11
167 11
11 160
25 21
21 51
24 57
68 57
68 67
177 34
34 28
29 28
228 34
271 228
76 74
76 84
84 265
298 84
24 109
246 109
41
23 69
23 22
23 25
198 23
5 23
5 51
25 127
167 127
14 127
14 179
14 297
25 126
85 126
298 85
85 265
68 69
68 67
32 69
32 197
197 74
32 119
119 29
32 228
271 228
11 69
11 160
14 152
296 152
312 296
109 11
246 109
16 152
16 45
42 45
193 42
241 193
241 64
64 63
15 63
293 15
307 293
