3
19
152 44
152 4
255 4
152 75
234 75
4 0
3 0
156 3
225 75
225 39
226 39
222 225
303 222
44 40
41 40
41 267
267 65
41 50
50 280
23
32 4
32 255
178 4
178 74
234 74
4 13
15 13
15 63
65 63
266 65
281 266
281 280
54 74
261 54
261 260
156 260
76 74
76 168
306 168
303 306
76 224
224 39
226 39
28
223 11
223 76
234 76
269 223
269 34
255 34
39 11
226 39
11 127
168 127
306 168
303 306
76 75
196 75
261 196
261 260
156 260
16 34
16 45
42 45
193 42
241 193
241 64
64 63
65 63
266 65
281 266
281 280
