3
25
164 128
72 128
72 71
72 190
72 3
3 35
25 128
284 25
25 204
213 25
25 110
26 25
25 203
139 203
139 137
3 0
6 0
25 1
53 1
96 1
100 1
200 26
286 200
128 38
132 38
27
3 35
60 3
190 60
60 127
164 127
57 127
57 137
57 139
24 57
213 24
24 204
24 110
24 26
24 284
145 57
286 145
26 18
6 18
100 18
18 21
53 21
96 21
72 60
72 71
164 126
126 38
132 38
31
25 11
164 11
5 25
5 96
25 21
100 21
6 21
25 27
213 27
204 27
27 110
213 26
5 51
53 51
11 69
69 137
139 69
153 69
286 153
25 60
190 60
24 25
24 284
72 11
72 71
60 58
3 58
3 35
39 11
39 38
132 38
