3
17
6 21
6 0
3 0
155 3
6 32
32 117
32 308
32 69
153 69
62 3
309 62
152 69
152 294
312 152
54 6
54 84
84 82
22
53 21
53 85
85 82
53 196
196 309
25 21
25 128
155 128
25 60
60 3
25 27
200 27
200 153
152 128
296 152
296 294
312 296
152 4
117 4
117 34
270 34
308 270
30
24 138
138 153
24 19
19 21
24 109
157 109
157 3
157 155
24 74
54 74
54 83
83 82
3 58
62 58
310 62
310 309
177 74
296 177
312 296
177 34
34 28
33 28
117 33
270 34
308 270
16 34
16 40
41 40
295 41
295 294
