3
16
4 182
32 4
32 197
197 230
76 197
76 87
4 13
15 13
267 15
267 307
41 267
41 42
193 42
267 65
266 65
281 266
23
34 182
177 34
177 74
74 87
197 74
197 230
16 34
16 40
41 40
41 50
50 280
281 280
50 48
49 48
266 49
266 65
65 63
64 63
241 64
241 193
15 63
293 15
307 293
26
152 4
152 75
75 87
4 118
34 118
34 182
225 75
197 225
197 230
152 294
295 294
295 41
41 50
50 280
281 280
50 48
49 48
266 49
266 65
65 63
64 63
241 64
241 193
15 63
293 15
307 293
