3
19
16 152
152 277
16 40
41 40
314 41
152 75
196 75
196 283
196 249
249 247
75 74
197 74
197 230
197 27
200 27
152 128
155 128
155 181
229 181
20
54 283
54 248
248 247
54 74
177 74
177 277
24 74
24 26
200 26
26 197
197 230
24 109
157 109
157 181
229 181
152 177
152 294
295 294
295 41
314 41
23
3 0
62 3
62 247
4 0
178 4
178 277
8 0
84 8
84 283
57 4
145 57
200 145
32 4
32 197
197 230
157 3
157 181
229 181
4 13
15 13
267 15
41 267
314 41
