3
32
2 0
5 0
3 0
154 3
2 196
196 243
298 196
261 196
196 309
5 51
52 51
2 8
244 8
2 25
206 25
25 201
108 25
108 245
11 0
223 11
25 127
168 127
39 11
39 131
4 0
4 13
15 13
267 15
15 63
41 267
267 65
266 65
44
8 0
84 8
84 243
298 84
244 8
54 84
261 54
10 0
10 2
54 53
52 53
19 8
5 19
76 84
76 168
223 76
24 19
24 201
24 206
24 109
245 109
8 58
62 58
309 62
84 126
126 38
131 38
133 38
133 154
296 223
296 294
295 294
295 41
41 50
50 280
281 280
281 266
41 42
193 42
241 193
241 64
64 63
65 63
267 65
50
44 40
41 40
152 44
305 152
305 223
305 222
168 222
152 128
23 128
5 23
206 23
23 1
1 0
5 21
2 21
23 27
201 27
109 128
245 109
53 1
52 53
53 85
85 243
298 85
128 38
131 38
39 38
133 39
133 154
85 8
244 8
72 128
72 3
156 3
156 260
261 260
62 3
310 62
310 309
41 50
50 48
49 48
266 49
42 40
193 42
241 193
241 64
64 63
65 63
267 65
