3
20
1 0
1 17
4 0
257 4
34 257
57 4
57 56
178 4
178 297
23 1
23 239
53 1
53 55
305 178
305 222
303 222
3 0
155 3
155 181
181 180
22
25 11
25 239
25 21
21 17
21 51
55 51
223 11
269 223
269 34
223 76
76 257
14 223
14 297
76 168
306 168
303 306
14 57
57 56
109 11
157 109
157 181
181 180
22
5 17
5 25
25 239
5 51
55 51
25 128
152 128
152 297
152 177
177 34
228 34
228 257
25 127
57 127
57 56
168 127
306 168
303 306
155 128
157 155
157 181
181 180
