3
40
11 0
6 0
169 11
161 11
6 32
251 32
39 11
136 39
1 0
19 1
92 1
96 1
25 11
209 25
25 201
72 11
72 187
11 127
14 127
14 177
109 11
109 107
246 109
8 0
244 8
177 74
234 74
74 73
233 74
232 74
11 69
149 69
150 69
168 127
304 168
14 13
15 13
15 63
54 6
54 248
51
16 152
14 152
152 177
152 75
75 73
233 75
232 75
234 75
14 57
150 57
149 57
108 75
108 107
24 57
24 19
24 201
92 19
24 209
152 4
4 0
251 4
32 4
19 8
6 8
152 128
11 128
169 128
128 38
136 38
244 8
57 127
161 127
5 19
5 96
60 127
187 60
108 109
246 109
305 152
305 222
304 222
16 40
41 40
41 267
267 15
267 65
65 63
196 75
196 249
249 247
248 247
65
16 34
251 34
177 34
34 28
32 28
177 278
14 278
14 223
223 11
223 76
76 73
233 76
234 76
232 76
11 126
169 126
147 34
147 137
149 137
150 137
222 126
304 222
25 126
25 21
19 21
92 21
6 21
96 21
2 25
2 0
25 27
209 27
201 27
78 27
78 107
25 60
187 60
126 38
136 38
169 127
161 127
3 0
62 3
62 247
248 247
109 78
246 109
2 8
244 8
16 45
42 45
193 42
241 193
241 64
64 63
41 42
41 50
50 48
49 48
266 49
266 65
267 65
267 307
307 293
293 15
