3
19
14 277
14 278
14 57
68 57
14 127
173 127
25 127
25 239
101 25
25 1
53 1
26 25
26 197
108 25
291 108
168 127
304 168
72 127
72 188
22
196 75
53 196
225 75
197 225
152 75
152 278
152 277
152 69
68 69
222 225
304 222
152 128
173 128
23 69
23 239
53 21
101 21
72 128
72 60
188 60
108 75
291 108
23
188 60
25 60
25 126
173 126
25 27
197 27
25 88
68 88
5 25
101 5
85 126
53 85
23 25
23 239
222 126
304 222
25 128
178 128
178 278
178 277
78 27
108 78
291 108
