3
17
3 0
156 3
11 0
11 163
4 0
4 182
25 11
25 203
25 99
209 25
39 11
136 39
60 3
184 60
1 0
103 1
103 300
24
16 34
34 182
16 152
152 75
196 75
196 300
152 128
23 128
23 99
209 23
23 203
5 23
103 5
128 127
163 127
72 128
72 3
128 38
136 38
60 127
184 60
261 196
261 260
156 260
26
157 3
157 109
24 109
24 99
24 209
24 203
24 19
103 19
24 74
54 74
54 300
109 11
11 127
163 127
177 74
177 34
34 182
130 74
130 38
136 38
261 54
261 260
156 260
3 58
60 58
184 60
