3
23
19 1
1 17
1 21
23 1
210 23
23 203
23 78
218 78
23 128
158 128
108 78
291 108
155 128
288 155
108 75
272 75
76 75
233 75
76 84
1 0
4 0
253 4
254 4
26
158 11
25 11
210 25
25 203
25 21
19 21
21 17
108 25
218 108
109 11
109 78
291 108
157 109
288 157
11 126
84 126
223 11
223 76
233 76
11 69
32 69
254 32
32 253
76 73
75 73
272 75
29
130 78
76 130
26 78
26 210
26 203
26 18
18 21
18 17
19 17
130 79
218 79
124 26
124 158
19 8
84 8
130 74
233 74
76 257
34 257
253 34
254 34
108 79
291 108
8 0
3 0
157 3
288 157
75 74
272 75
