3
31
5 0
5 51
1 0
90 1
4 0
121 4
5 23
23 88
23 192
23 203
23 205
121 34
270 34
23 128
128 38
54 51
54 292
261 54
54 265
54 84
54 196
196 249
39 38
226 39
155 128
155 181
181 180
4 13
15 13
267 15
267 307
39
25 11
25 192
25 203
25 88
25 205
25 21
90 21
21 51
11 126
126 38
84 126
84 292
84 265
196 292
261 196
39 11
226 39
196 309
309 62
62 249
11 69
32 69
32 121
32 308
308 270
109 11
157 109
157 181
181 180
152 69
152 294
295 294
295 41
41 267
267 65
65 63
15 63
293 15
307 293
47
154 3
133 154
133 38
156 3
156 260
261 260
62 3
62 247
249 247
3 0
8 0
84 8
19 8
90 19
85 8
85 292
85 265
24 19
24 205
24 192
24 203
24 88
53 85
53 51
6 0
6 32
32 117
31 117
31 121
32 308
308 270
133 39
226 39
157 3
157 181
181 180
117 34
16 34
16 45
42 45
193 42
241 193
241 64
64 63
15 63
293 15
307 293
