3
126
61 3
3 35
154 3
3 0
60 3
5 0
10 0
190 60
5 98
5 19
104 5
106 5
90 19
92 5
7 0
60 127
186 60
169 127
170 127
160 127
165 127
161 127
102 5
5 23
158 127
23 203
206 23
212 23
23 69
23 205
23 27
144 69
152 69
69 137
202 27
152 176
152 46
152 177
23 110
152 259
153 69
138 137
147 137
172 127
279 147
147 228
250 147
228 257
177 74
5 96
74 73
209 23
233 74
232 74
236 74
138 175
115 250
152 294
76 257
295 294
76 225
159 127
151 69
296 152
145 137
105 5
296 269
274 19
162 127
127 123
207 23
23 78
81 78
78 77
81 80
295 41
314 41
168 127
306 168
303 306
32 69
122 32
254 32
32 308
32 255
32 118
32 117
32 70
122 33
32 119
10 54
54 299
54 298
54 302
54 248
54 301
54 292
54 243
25 60
25 221
5 18
18 91
109 78
246 109
41 42
193 42
241 193
41 267
267 307
62 3
309 62
310 62
41 40
43 40
108 78
290 108
152 75
272 75
128 127
220 128
225 39
39 37
32 253
282 253
157 3
288 157
148
105 21
98 21
5 21
90 21
19 21
104 21
106 21
92 21
102 21
91 21
96 21
2 21
10 2
2 0
10 7
25 21
212 25
25 203
206 25
170 25
25 205
25 27
25 127
25 110
207 25
209 25
23 25
78 27
11 0
11 69
158 11
169 11
11 160
165 11
161 11
162 11
172 11
11 123
139 203
139 159
139 137
144 137
151 137
2 196
298 196
196 309
302 196
196 299
310 309
196 301
196 292
196 243
196 75
236 75
233 75
232 75
76 75
225 75
75 73
75 74
223 11
269 223
296 223
296 46
296 294
296 177
177 176
177 259
222 225
303 222
4 0
147 4
254 4
4 118
250 4
4 70
119 4
118 33
250 228
257 4
115 4
255 4
117 4
152 4
31 118
31 122
72 127
72 60
72 190
186 72
24 19
24 138
24 145
138 153
24 221
145 175
272 75
202 27
23 79
79 77
81 79
279 147
81 80
303 306
274 19
60 58
61 58
109 11
246 109
269 34
270 34
308 270
25 128
155 128
288 155
220 128
128 38
38 37
133 38
133 154
72 3
3 35
108 25
290 108
196 249
249 247
248 247
253 4
282 253
152 44
44 40
43 40
4 13
15 13
293 15
307 293
15 63
64 63
241 64
241 193
65 63
266 65
281 266
281 280
50 280
41 50
295 41
314 41
160
76 73
233 76
236 76
232 76
76 74
85 76
298 85
302 85
85 301
85 292
85 299
85 243
24 74
24 206
24 203
24 212
24 205
24 27
24 207
24 23
24 110
24 209
24 57
144 57
145 57
151 57
57 137
138 57
145 153
57 127
57 69
23 1
96 1
105 1
5 1
19 1
104 1
106 1
90 1
1 0
92 1
102 1
98 1
23 128
152 128
158 128
170 128
165 128
162 128
172 128
128 123
169 128
6 0
10 6
178 74
178 177
178 176
178 259
10 7
177 34
119 34
254 34
147 34
119 33
228 34
34 118
34 70
34 257
255 34
250 34
117 34
119 29
122 29
305 152
305 269
305 296
24 113
115 113
296 294
76 130
130 78
225 130
24 109
81 109
145 175
24 221
11 127
11 160
161 11
11 194
194 159
130 79
79 77
130 38
38 37
72 128
72 190
185 72
185 60
186 72
1 21
91 21
305 222
303 222
16 152
16 45
46 45
85 8
8 58
59 58
61 59
54 74
54 196
196 309
310 309
39 11
133 39
133 154
81 80
202 27
303 306
270 34
308 270
246 109
62 58
62 247
248 247
274 19
157 109
157 155
288 155
220 128
279 147
108 109
290 108
3 58
3 35
253 34
282 253
16 40
43 40
108 75
272 75
16 13
15 13
293 15
307 293
267 15
267 65
65 63
64 63
241 64
241 193
266 65
266 49
49 48
50 48
41 50
295 41
314 41
