3
18
1 12
18 1
27 18
200 27
124 27
124 169
1 0
4 0
255 4
124 126
222 126
303 222
85 126
298 85
4 13
15 13
15 63
64 63
23
16 13
16 34
255 34
14 13
14 127
169 127
25 127
25 27
5 25
5 12
26 25
200 26
168 127
306 168
303 306
169 126
84 126
298 84
16 40
42 40
193 42
241 193
241 64
24
152 128
169 128
23 128
23 27
152 69
153 69
200 153
32 69
32 255
5 23
5 12
152 75
196 75
298 196
76 75
76 168
306 168
303 306
152 44
44 45
42 45
193 42
241 193
241 64
