3
48
269 223
14 223
14 277
223 11
162 11
25 11
172 11
25 191
25 113
11 194
25 273
25 27
11 69
153 69
286 153
109 11
217 109
245 109
27 18
111 18
105 18
32 69
32 308
32 119
32 118
223 76
76 225
76 74
85 76
85 265
32 228
271 228
53 85
53 55
108 25
218 108
39 11
39 37
14 57
57 56
11 0
3 0
156 3
62 3
156 260
14 13
15 13
267 15
57
14 127
25 127
172 127
162 127
14 177
177 74
177 277
26 25
26 191
26 113
27 191
54 74
54 265
54 85
26 78
218 78
217 78
54 51
55 51
108 78
108 245
200 26
286 200
200 153
261 54
261 260
177 34
119 34
269 34
34 118
23 25
23 273
156 260
250 34
271 250
270 34
308 270
25 1
105 1
197 74
197 225
159 127
194 159
57 127
57 56
26 18
111 18
128 127
128 38
38 37
60 127
60 58
62 58
16 34
16 40
41 40
41 267
64
42 40
44 40
152 44
152 277
152 128
25 128
172 128
162 128
152 75
75 74
225 75
23 128
23 113
23 191
23 27
196 75
196 265
23 79
218 79
217 79
126 128
85 126
152 4
4 118
119 4
23 273
196 249
62 249
5 25
105 5
305 152
305 269
108 75
108 245
261 196
261 260
250 4
271 250
24 25
24 145
145 153
286 145
126 38
38 37
5 51
55 51
156 260
5 18
111 18
57 4
57 56
57 139
139 159
194 159
116 4
116 34
270 34
308 270
193 42
241 193
241 64
64 63
65 63
267 65
