3
59
44 40
43 40
41 40
295 41
41 267
152 44
152 297
152 277
311 152
152 128
220 128
172 128
152 4
32 4
115 4
121 4
257 4
31 121
120 4
72 128
72 190
23 128
5 23
23 199
214 23
94 5
92 5
5 17
23 88
23 110
106 5
5 51
55 51
152 75
225 75
233 75
196 75
75 237
196 243
196 292
261 196
225 39
226 39
134 39
54 51
54 248
248 247
62 247
152 69
141 69
144 69
5 18
112 18
100 18
72 60
184 60
42 40
193 42
241 193
70
144 57
141 57
24 57
24 199
24 214
24 110
24 88
14 57
14 277
14 297
24 74
237 74
233 74
24 19
94 19
106 19
5 19
19 100
92 19
19 17
76 74
76 257
76 225
32 257
32 121
120 32
31 120
76 224
224 39
54 74
261 54
54 243
54 196
54 292
226 39
54 53
53 55
196 249
249 247
62 249
248 247
39 38
134 38
24 113
115 113
57 127
172 127
60 127
190 60
184 60
14 152
152 294
295 294
296 152
311 296
94 18
112 18
128 38
220 128
16 152
16 45
44 45
14 13
15 13
267 15
16 40
43 40
15 63
64 63
241 64
84
2 196
2 25
214 25
25 199
5 25
25 110
25 88
25 11
39 11
172 11
2 21
100 21
94 21
106 21
92 21
21 17
196 309
309 62
11 69
32 69
69 137
144 137
141 137
32 197
197 225
32 228
228 257
76 197
233 76
76 237
228 34
121 34
120 34
85 76
85 243
85 292
177 34
177 277
177 297
250 228
115 250
32 28
31 28
53 196
53 55
296 177
311 296
25 60
190 60
296 294
295 294
296 46
46 45
44 45
226 39
184 60
62 3
156 3
156 260
261 260
25 126
126 38
134 38
62 249
249 247
248 247
18 21
112 18
25 128
220 128
16 34
16 40
43 40
42 45
41 42
41 50
50 280
281 280
281 266
266 65
267 65
65 63
64 63
241 64
