3
31
10 2
2 21
91 21
97 21
98 21
2 8
244 8
2 196
261 196
261 260
196 75
225 75
108 75
218 108
215 108
152 75
152 176
108 109
157 109
152 4
253 4
152 69
144 69
146 69
146 287
152 294
295 294
295 41
41 50
50 48
49 48
33
5 97
5 98
5 18
18 91
5 0
10 0
3 0
157 3
156 3
156 260
4 0
178 4
178 176
57 4
144 57
32 4
32 253
145 57
287 145
32 197
197 225
8 0
244 8
5 23
23 79
215 79
218 79
4 13
15 13
267 15
267 65
266 65
266 49
40
98 1
23 1
23 97
23 78
218 78
215 78
130 78
225 130
23 128
155 128
157 155
23 69
69 137
144 137
153 69
287 153
147 137
147 34
253 34
177 34
177 176
18 1
18 91
6 18
10 6
155 3
156 3
156 260
6 8
244 8
16 34
16 45
42 45
193 42
241 193
241 64
64 63
65 63
266 65
266 49
