3
27
2 0
1 0
8 0
90 1
84 8
84 242
76 84
233 76
11 0
109 11
161 11
216 109
11 69
146 69
72 11
72 187
2 25
114 25
72 189
262 189
157 109
157 181
181 180
4 0
4 13
15 13
267 15
31
2 8
19 8
90 19
19 1
24 19
24 109
114 24
24 203
216 203
24 74
233 74
24 57
146 57
54 74
54 84
54 242
57 127
161 127
60 127
187 60
189 60
262 189
109 128
155 128
155 181
181 180
152 128
152 294
295 294
295 41
41 267
40
108 109
216 108
108 75
233 75
108 25
25 1
196 75
2 196
25 21
90 21
25 126
84 126
25 113
114 113
85 126
85 242
85 8
25 60
187 60
25 127
161 127
152 75
152 69
69 137
146 137
189 60
262 189
60 3
155 3
155 181
181 180
152 44
44 40
41 40
41 50
50 48
49 48
266 49
266 65
267 65
