3
33
5 25
103 5
5 12
108 25
290 108
25 11
223 11
162 11
14 223
223 276
108 75
233 75
236 75
196 75
196 299
196 285
196 249
298 196
25 60
187 60
11 69
32 69
14 13
15 13
15 63
64 63
241 64
65 63
266 65
281 266
16 13
16 40
43 40
38
1 0
103 1
1 12
6 0
6 32
54 6
54 285
54 299
54 298
54 74
233 74
236 74
178 74
14 178
178 276
223 178
178 128
162 128
72 128
72 187
3 0
62 3
62 249
109 128
108 109
290 108
14 152
152 44
44 40
43 40
42 40
193 42
241 193
241 64
41 40
41 50
50 280
281 280
42
26 18
103 18
26 197
32 197
124 26
124 162
76 197
233 76
236 76
223 76
124 127
14 127
85 76
85 285
85 299
298 85
223 275
276 275
18 1
1 12
72 127
72 187
54 85
54 248
248 247
249 247
26 78
108 78
290 108
296 223
296 46
46 45
42 45
193 42
241 193
241 64
41 42
41 50
50 280
281 280
41 40
43 40
