3
29
3 0
156 3
157 3
11 0
171 11
172 11
11 69
140 69
153 69
1 0
92 1
53 1
98 1
60 3
190 60
4 0
4 182
54 53
54 242
54 74
233 74
74 73
157 109
109 78
218 78
4 13
15 13
267 15
267 65
37
16 34
34 182
16 152
152 128
172 128
171 128
155 128
157 155
152 75
233 75
75 73
108 75
218 108
196 75
53 196
72 128
72 190
53 21
92 21
98 21
53 85
85 242
147 34
147 137
140 137
145 137
145 153
261 196
261 260
156 260
16 40
41 40
41 50
50 48
49 48
266 49
266 65
43
53 51
5 51
92 5
5 98
54 51
54 84
84 242
84 126
171 126
172 126
76 84
76 73
233 76
5 23
23 79
218 79
171 127
57 127
57 140
138 57
138 153
72 127
72 190
76 257
34 257
34 182
72 3
155 3
155 181
157 181
261 54
261 260
156 260
223 76
296 223
296 46
46 45
42 45
193 42
241 193
241 64
64 63
65 63
