3
13
15 13
293 15
14 13
14 127
168 127
267 15
41 267
295 41
267 65
266 65
4 13
116 4
116 29
24
120 4
120 29
152 4
152 294
295 294
257 4
76 257
76 168
152 44
44 40
41 40
41 50
50 280
281 280
281 266
42 40
193 42
241 193
241 64
64 63
65 63
267 65
267 307
307 293
25
119 4
119 29
178 4
305 178
305 222
168 222
305 296
296 294
295 294
296 46
46 45
42 45
41 42
41 50
50 48
49 48
266 49
193 42
241 193
241 64
64 63
65 63
267 65
267 307
307 293
