3
22
15 13
15 63
16 13
16 45
16 152
152 69
69 67
152 75
196 75
196 289
196 309
152 128
128 38
135 38
72 128
72 187
125 128
263 125
23 69
23 27
27 18
112 18
28
39 11
135 39
11 126
85 126
85 289
222 126
263 222
11 69
68 69
68 67
25 11
25 60
187 60
60 3
62 3
309 62
25 1
18 1
112 18
223 11
296 223
296 46
46 45
42 45
41 42
41 267
267 65
65 63
31
8 0
84 8
84 289
76 84
76 168
263 168
4 0
152 4
152 44
44 45
8 58
62 58
310 62
310 309
60 58
187 60
57 4
68 57
68 67
76 224
224 39
135 39
6 0
6 18
112 18
44 40
42 40
193 42
241 193
241 64
64 63
