3
17
16 152
152 128
152 75
225 75
197 225
23 128
23 199
211 23
32 197
32 308
16 40
41 40
41 50
50 48
42 40
193 42
241 193
21
25 128
25 199
211 25
25 27
197 27
76 197
76 225
76 257
34 257
270 34
308 270
257 4
4 13
15 13
15 63
64 63
241 64
65 63
266 65
266 49
49 48
24
26 199
26 197
211 26
124 26
124 128
197 130
225 130
197 74
177 74
177 34
270 34
308 270
152 177
152 294
295 294
295 41
41 267
267 65
266 65
266 49
49 48
65 63
64 63
241 64
