3
21
253 4
147 4
147 137
278 147
57 4
24 57
24 201
24 74
54 74
54 289
24 109
109 107
152 4
152 44
44 45
42 45
41 42
314 41
305 152
305 222
303 222
22
16 40
42 40
16 152
152 278
16 34
253 34
152 69
69 137
41 40
314 41
152 75
108 75
108 107
196 75
54 196
196 289
108 25
25 201
76 75
76 168
306 168
303 306
29
14 13
14 278
14 57
57 137
4 13
32 4
32 253
6 32
54 6
54 85
85 289
32 197
26 197
26 201
26 78
78 107
14 127
168 127
306 168
303 306
15 13
15 63
64 63
241 64
241 193
193 42
267 15
41 267
314 41
