3
18
8 0
244 8
11 0
223 11
25 11
25 273
25 22
214 25
109 11
245 109
296 223
296 294
157 109
157 181
181 180
11 69
146 69
146 287
20
2 25
23 25
23 273
23 22
214 23
108 25
108 245
2 8
244 8
26 25
200 26
200 287
25 128
152 128
152 294
178 128
223 178
155 128
155 181
181 180
26
14 13
14 223
14 57
145 57
287 145
24 57
24 22
24 214
24 23
23 273
24 219
108 219
108 245
16 13
16 40
41 40
295 41
295 294
24 19
19 8
244 8
8 58
3 58
155 3
155 181
181 180
