3
83
10 2
2 8
2 21
8 58
5 21
3 58
5 12
154 3
156 3
133 154
244 8
102 21
5 23
21 17
208 23
23 88
23 128
24 23
210 23
173 128
133 39
23 78
136 39
225 39
81 78
78 107
125 128
197 225
263 125
32 197
133 38
252 32
24 57
23 110
57 56
151 57
146 57
32 119
14 57
31 119
14 176
214 23
32 256
119 29
2 196
196 299
196 231
196 309
32 253
282 253
23 69
69 67
24 74
235 74
11 128
11 194
23 27
202 27
222 225
304 222
18 21
112 18
60 58
190 60
178 128
178 275
23 113
115 113
152 128
152 46
152 44
14 13
15 13
293 15
157 3
157 181
181 180
267 15
267 65
266 65
266 49
281 266
281 280
95
115 4
119 4
32 4
252 4
256 4
57 4
116 4
116 29
116 31
32 69
146 69
151 69
68 57
68 88
68 67
24 88
24 110
24 208
24 210
24 214
24 109
81 109
109 128
109 107
128 38
109 78
136 38
39 38
72 128
72 190
72 3
133 38
152 4
14 152
152 176
133 154
296 152
296 46
62 3
62 58
309 62
46 45
44 45
57 56
57 127
125 127
173 127
4 0
10 0
5 0
8 0
5 17
102 5
159 127
194 159
168 127
263 168
304 168
244 8
10 54
54 299
54 231
1 0
1 12
23 1
1 21
27 88
197 27
152 75
235 75
225 75
202 27
14 223
223 275
261 54
261 260
156 260
5 18
112 18
253 4
282 253
42 45
41 42
41 50
50 280
50 48
49 48
41 267
267 307
307 293
155 128
155 181
181 180
281 280
281 266
110
44 40
16 40
16 34
119 34
252 34
256 34
34 28
32 28
31 28
29 28
250 34
115 250
6 32
6 21
10 6
6 8
177 34
14 177
177 176
25 21
25 88
25 110
208 25
5 25
25 128
210 25
24 25
23 25
214 25
108 25
81 108
108 78
108 107
130 78
225 130
197 130
130 38
85 8
85 299
6 18
102 18
18 17
25 11
173 11
125 11
39 11
6 0
3 0
24 145
145 57
61 3
61 58
145 137
151 137
146 137
136 38
108 75
235 75
72 11
72 190
16 45
46 45
54 6
54 231
178 177
178 276
276 275
25 1
1 12
25 126
222 126
263 222
168 222
304 168
57 56
57 139
139 159
194 159
244 8
11 69
68 69
68 67
112 18
133 38
133 154
196 75
196 249
62 249
310 62
310 309
41 40
41 50
50 280
50 48
49 48
253 34
282 253
25 27
202 27
261 196
261 260
156 260
41 267
267 307
307 293
155 3
155 181
181 180
281 280
281 266
