3
55
53 55
53 85
85 195
85 300
53 196
196 249
54 53
54 6
85 126
89 126
85 76
234 76
89 127
159 127
222 126
303 222
305 222
25 126
25 110
206 25
25 201
26 25
108 25
218 108
290 108
215 108
216 108
57 127
143 57
149 57
68 57
72 127
186 72
185 72
200 26
200 287
126 38
132 38
72 3
61 3
57 4
4 86
4 13
147 4
279 147
116 4
116 33
125 126
125 240
53 1
19 1
274 19
157 3
157 181
181 180
61
14 13
14 152
305 152
152 69
149 69
143 69
68 69
146 69
146 287
23 69
206 23
23 110
26 23
26 201
23 78
215 78
216 78
218 78
139 69
139 159
152 75
234 75
32 69
6 32
196 75
196 195
196 300
32 119
119 33
152 128
89 128
152 4
4 86
125 128
125 240
5 23
5 51
55 51
32 147
279 147
196 309
309 62
62 249
62 58
61 58
60 58
185 60
186 60
5 19
274 19
108 78
290 108
128 38
132 38
155 128
155 181
181 180
14 127
168 127
306 168
303 306
65
178 4
305 178
4 0
6 0
4 118
118 33
178 74
234 74
11 0
89 11
54 74
54 195
54 300
24 74
24 201
24 110
24 206
24 26
24 138
287 138
109 11
215 109
216 109
138 137
143 137
149 137
109 79
218 79
89 88
68 88
11 194
194 159
54 51
55 51
54 248
248 247
249 247
34 118
16 34
16 13
3 0
59 3
61 59
60 3
185 60
186 60
4 86
108 109
290 108
24 19
274 19
147 137
279 147
125 11
125 240
130 74
130 38
132 38
76 74
76 168
306 168
303 306
155 3
155 181
181 180
