3
21
57 4
57 137
144 57
32 4
122 32
57 127
171 127
168 127
304 168
76 168
233 76
152 4
152 44
44 40
76 75
196 75
196 249
53 196
52 53
53 1
90 1
26
11 0
171 11
11 69
57 69
69 137
144 69
152 69
16 152
16 40
152 75
233 75
5 0
5 51
52 51
5 18
90 18
11 126
222 126
304 222
3 0
62 3
62 249
4 0
116 4
116 29
122 29
29
233 74
24 74
24 57
24 19
90 19
24 138
138 137
144 137
178 74
178 128
171 128
54 74
54 51
52 51
54 248
248 247
249 247
305 178
305 222
304 222
178 4
4 118
118 33
122 33
152 128
152 294
295 294
295 41
41 40
