3
206
2 0
10 0
3 0
1 0
2 25
60 3
3 35
3 58
100 1
23 1
25 127
25 22
25 128
23 97
165 127
159 127
161 127
220 128
163 127
109 128
59 3
25 113
184 60
81 109
245 109
219 109
215 109
81 80
183 60
25 126
125 127
160 127
14 127
171 127
96 1
170 25
14 179
14 297
174 127
14 268
14 278
217 109
106 1
125 240
168 127
269 268
10 54
304 168
269 34
296 269
54 248
54 242
251 34
34 47
296 294
311 296
54 302
54 83
54 299
54 243
252 34
295 294
54 301
258 34
256 34
102 1
212 25
209 25
119 34
178 128
305 269
54 231
14 223
34 257
263 125
178 275
278 147
54 300
34 70
31 119
54 289
54 298
119 30
1 17
114 25
23 69
34 118
214 25
34 28
150 69
146 69
26 25
140 69
153 69
312 296
248 247
146 287
173 127
198 25
211 25
200 26
145 153
85 126
25 205
23 78
251 32
143 69
130 78
78 77
32 308
25 191
144 69
26 197
145 175
138 153
2 21
197 230
25 88
91 21
186 60
206 25
25 36
164 127
208 25
6 0
154 3
157 3
105 1
104 1
25 27
61 3
190 60
109 107
213 25
25 110
14 177
139 159
94 1
189 60
202 27
178 276
16 34
250 34
262 189
16 45
16 40
44 45
157 181
246 109
181 180
95 1
271 250
25 221
216 109
158 127
7 0
8 0
20 1
244 8
2 313
93 1
284 25
210 25
108 25
290 108
108 75
234 75
236 75
75 87
75 237
272 75
4 0
4 86
42 45
193 42
295 41
41 267
267 15
15 63
66 63
64 63
18 1
111 18
156 3
156 260
72 3
72 71
147 137
148 137
41 50
50 48
50 280
49 48
266 49
19 1
274 19
128 38
131 38
39 38
38 37
226 39
57 127
57 56
53 1
52 53
53 55
224
1 21
25 1
93 21
97 21
100 21
23 25
106 21
102 21
23 113
23 22
23 128
21 17
25 60
125 128
165 128
128 127
60 58
171 128
126 128
170 128
174 128
59 58
212 23
209 23
164 128
214 23
23 191
114 113
23 88
206 23
23 36
23 205
208 23
211 23
96 21
95 21
105 21
6 21
104 21
10 6
54 6
6 32
10 2
54 85
258 32
32 256
85 299
85 243
85 301
32 69
32 197
302 85
85 242
32 118
32 257
31 118
198 23
173 128
23 27
252 32
78 27
61 58
81 78
215 78
217 78
219 78
109 78
26 23
32 28
197 130
30 28
157 109
158 128
216 78
20 21
94 21
85 300
32 70
298 85
8 58
85 289
139 69
10 7
23 110
213 23
32 147
200 27
147 34
200 145
200 287
200 153
210 23
250 147
32 119
200 138
177 34
78 107
178 177
177 179
177 297
177 278
14 178
296 177
138 175
305 178
223 178
223 275
269 223
223 276
152 128
152 294
16 152
311 152
152 44
312 152
44 40
152 75
244 8
155 128
155 3
155 181
184 60
72 128
72 183
72 189
186 72
72 190
14 13
15 13
3 35
72 71
262 189
69 137
150 137
144 137
140 137
146 137
143 137
202 27
270 34
308 270
2 313
25 11
39 11
11 160
161 11
39 37
11 163
39 131
11 0
62 58
62 247
24 25
24 284
24 221
226 39
54 74
234 74
237 74
236 74
74 87
54 196
196 231
261 54
261 260
21 51
52 51
55 51
85 82
83 82
248 247
23 79
79 77
11 194
194 159
108 78
108 245
32 4
251 4
197 230
222 126
168 222
304 222
263 222
18 21
18 91
133 39
133 154
32 228
271 228
296 46
46 45
246 109
290 108
4 86
181 180
111 18
34 47
220 128
125 240
269 268
148 137
81 80
272 75
293 15
307 293
267 307
267 65
65 63
266 65
66 63
64 63
266 49
241 64
241 193
49 48
281 266
281 280
41 40
295 41
19 21
274 19
57 69
57 56
232
5 0
5 96
5 95
106 5
5 23
5 21
5 25
102 5
5 17
5 1
105 5
104 5
5 97
93 5
94 5
95 20
100 20
24 23
24 145
24 138
24 212
24 113
287 145
24 214
24 191
114 24
24 22
287 153
24 211
24 88
24 109
24 205
24 206
24 209
24 36
24 208
24 219
24 110
215 219
24 27
24 26
197 27
26 78
198 24
213 24
24 210
109 11
165 11
125 11
164 11
171 11
170 11
11 126
174 11
11 69
11 128
173 11
158 11
223 11
11 127
296 223
60 127
305 223
161 11
152 69
152 179
14 152
152 297
152 278
178 179
152 177
152 294
108 109
108 107
81 108
217 108
216 108
152 4
119 4
4 28
258 4
257 4
4 118
31 28
4 70
250 4
252 4
147 4
256 4
152 44
251 4
223 276
276 275
84 126
299 84
300 84
302 84
84 243
301 84
54 84
84 289
298 84
84 8
84 242
2 8
85 8
6 8
11 163
116 4
116 34
116 30
116 32
76 197
234 76
76 237
76 168
76 130
263 168
76 75
236 76
76 87
24 57
150 57
144 57
57 139
146 57
57 140
143 57
10 2
11 160
311 152
4 13
16 13
10 7
15 13
312 152
269 223
24 284
138 175
24 221
197 225
225 39
286 145
286 200
39 37
44 40
39 131
108 245
196 299
196 231
196 249
249 247
62 249
62 3
62 58
61 58
61 59
72 11
186 72
72 189
72 190
72 183
5 51
52 51
55 51
152 46
46 45
261 196
261 260
109 79
79 77
155 3
157 155
155 181
228 257
271 228
84 82
83 82
305 222
304 222
5 18
18 91
269 268
220 128
197 230
202 27
181 180
4 86
2 313
184 60
270 34
308 270
34 47
57 56
290 108
11 194
194 159
248 247
81 80
262 189
244 8
126 38
133 38
133 154
3 35
125 240
246 109
72 71
226 39
111 18
272 75
5 19
274 19
145 137
148 137
293 15
307 293
267 307
267 65
65 63
266 65
66 63
266 49
281 266
281 280
49 48
64 63
241 64
241 193
42 40
41 42
295 41
