3
29
24 57
24 74
24 211
75 74
130 74
57 127
169 127
168 127
174 127
306 168
72 127
72 190
57 4
252 4
4 118
72 189
262 189
4 13
15 13
293 15
225 75
225 39
226 39
267 15
41 267
41 50
50 48
41 42
193 42
39
169 11
174 11
11 69
57 69
25 11
211 25
32 69
32 118
252 32
25 60
190 60
32 197
197 74
197 130
76 197
76 168
76 75
189 60
262 189
168 222
303 222
303 306
39 11
226 39
152 69
152 46
46 45
42 45
193 42
241 193
241 64
64 63
65 63
267 65
267 307
307 293
266 65
266 49
49 48
42
152 75
152 128
169 128
174 128
128 38
130 38
14 152
14 57
152 177
177 74
23 128
211 23
177 34
34 118
252 34
125 128
263 125
263 168
72 128
72 60
190 60
263 222
303 222
303 306
39 38
226 39
189 60
262 189
152 44
44 40
42 40
193 42
241 193
241 64
64 63
65 63
267 65
267 307
307 293
266 65
266 49
49 48
