3
18
53 1
1 0
7 0
54 53
54 248
3 0
61 3
156 3
54 74
235 74
23 1
23 88
62 3
310 62
23 69
144 69
152 69
152 278
23
14 278
14 152
14 57
144 57
152 75
235 75
24 57
24 88
196 75
53 196
196 309
310 309
261 196
261 260
156 260
309 62
62 58
61 58
62 247
248 247
2 196
10 2
10 7
31
59 3
61 59
60 3
25 60
25 88
25 21
53 21
25 128
152 128
178 128
178 278
278 147
147 137
144 137
108 25
108 75
235 75
6 21
10 6
10 7
54 6
261 54
261 260
156 260
54 196
196 249
249 247
248 247
62 249
309 62
310 309
