3
21
1 0
103 1
2 0
2 313
18 1
112 18
11 0
72 11
72 71
11 69
143 69
69 137
148 137
4 0
4 13
15 13
267 15
267 307
267 65
266 65
281 266
29
2 21
103 21
2 313
18 21
112 18
2 25
25 127
57 127
143 57
72 127
72 71
57 137
148 137
25 128
152 128
152 44
44 40
41 40
41 50
50 280
281 280
42 40
193 42
241 193
241 64
64 63
15 63
293 15
307 293
30
293 15
307 293
15 63
64 63
241 64
241 193
193 42
42 45
16 45
16 34
147 34
147 137
143 137
32 147
6 32
6 18
103 18
148 137
112 18
6 8
2 8
2 313
41 42
41 50
50 280
281 280
6 0
3 0
72 3
72 71
