3
24
238 75
152 75
296 152
225 75
222 225
303 222
152 69
23 69
150 69
23 205
23 78
23 1
95 1
152 4
119 4
4 70
225 39
136 39
4 13
15 13
15 63
76 75
76 84
84 82
31
16 34
34 70
119 34
177 34
296 177
177 74
238 74
305 296
305 222
24 74
24 23
24 205
24 57
150 57
24 19
19 95
130 74
130 78
130 38
136 38
168 222
306 168
303 306
54 74
54 83
83 82
16 40
41 40
41 267
267 65
65 63
33
5 23
5 95
5 25
25 205
26 23
26 78
25 126
222 126
85 126
85 82
85 76
76 238
223 76
296 223
26 197
32 197
32 70
32 119
32 69
69 137
150 137
126 38
136 38
76 168
306 168
303 306
296 46
46 45
42 45
193 42
241 193
241 64
64 63
