3
20
202 27
24 27
24 219
23 27
23 1
24 74
234 74
1 0
9 0
24 57
57 56
149 57
200 27
286 200
23 128
128 38
131 38
155 128
155 181
229 181
23
25 1
108 25
108 219
108 75
234 75
25 11
39 11
39 131
11 69
149 69
153 69
286 153
19 1
19 8
8 9
57 69
57 56
25 27
202 27
108 109
157 109
157 181
229 181
27
5 0
5 1
11 0
109 11
219 109
8 0
8 9
223 11
223 76
234 76
24 109
24 145
286 145
145 137
149 137
76 224
224 39
39 131
145 57
57 56
5 18
27 18
202 27
3 0
157 3
157 181
229 181
