3
60
69 67
146 69
151 69
11 69
39 11
11 128
89 11
169 11
89 203
25 11
25 201
5 25
208 25
101 25
106 5
5 17
5 98
102 5
25 199
25 239
94 5
5 95
105 5
69 137
147 137
72 11
72 183
72 187
72 190
203 27
202 27
197 27
197 230
147 34
270 34
252 34
34 257
139 69
139 159
11 0
7 0
25 1
100 1
152 69
152 277
152 75
196 75
233 75
196 301
196 309
261 196
261 260
54 196
54 242
145 137
145 175
16 34
16 45
109 11
81 109
68
2 196
2 21
102 21
5 21
106 21
94 21
21 17
101 21
98 21
95 21
100 21
105 21
2 25
25 89
25 128
25 203
169 128
26 25
26 201
26 199
208 26
26 197
25 60
183 60
187 60
190 60
108 25
108 75
81 108
32 197
32 147
252 32
32 257
32 308
308 270
76 197
233 76
10 2
10 7
85 76
85 301
85 242
178 128
178 277
25 127
159 127
197 230
57 127
151 57
146 57
68 57
68 67
5 23
23 239
128 38
39 38
138 57
138 175
60 3
156 3
156 260
62 3
309 62
152 128
152 44
44 45
25 27
202 27
76
60 127
128 127
89 127
169 127
183 60
23 128
208 23
23 199
23 203
190 60
23 1
102 1
5 1
106 1
94 1
98 1
1 17
101 1
95 1
105 1
53 1
53 196
23 27
201 27
187 60
23 239
14 127
14 277
18 1
100 18
54 53
54 301
14 278
278 147
54 84
84 242
54 74
197 74
233 74
75 74
147 4
257 4
252 4
23 79
81 79
197 225
225 39
10 54
10 7
11 127
11 194
194 159
139 203
139 137
146 137
151 137
138 137
138 175
14 152
152 46
46 45
60 58
62 58
310 62
310 309
202 27
89 88
68 88
68 67
197 230
32 4
32 308
308 270
3 58
156 3
156 260
