3
29
61 3
60 3
25 60
25 191
24 25
24 57
24 74
151 57
238 74
54 74
54 243
54 302
54 84
54 51
55 51
24 138
138 175
200 138
60 127
166 127
159 127
167 127
14 57
14 13
108 25
218 108
157 3
157 181
181 180
35
4 13
57 4
178 4
178 74
57 139
139 159
145 57
24 145
145 175
24 191
200 145
76 74
76 84
76 238
84 243
302 84
57 137
151 137
178 128
166 128
25 128
167 128
25 21
21 51
53 21
53 55
130 74
130 78
218 78
84 8
8 58
61 58
155 128
155 181
181 180
39
16 13
16 152
152 75
75 74
238 75
152 69
151 69
57 69
11 69
25 11
166 11
167 11
11 126
84 126
23 69
23 191
24 23
11 194
194 159
23 79
218 79
153 69
200 153
5 25
5 51
196 75
196 243
302 196
53 51
53 55
145 153
145 175
11 0
3 0
59 3
61 59
155 3
155 181
181 180
