3
24
25 199
108 25
218 108
25 60
190 60
60 58
25 127
168 127
306 168
62 58
62 247
248 247
57 127
57 4
254 4
57 137
148 137
146 57
146 287
4 13
15 13
15 63
64 63
241 64
28
3 58
72 3
72 190
72 128
23 128
23 199
23 78
218 78
23 69
153 69
287 153
32 69
254 32
69 137
148 137
6 32
54 6
54 248
126 128
222 126
303 222
303 306
152 128
16 152
16 45
42 45
193 42
241 193
30
72 11
72 190
109 11
109 79
218 79
24 109
24 199
24 138
287 138
11 0
8 0
8 58
223 11
269 223
269 34
254 34
24 74
54 74
54 248
138 137
148 137
305 223
305 222
303 222
303 306
16 34
16 40
42 40
193 42
241 193
