3
24
1 0
90 1
53 1
11 0
11 129
172 11
161 11
165 11
53 85
85 76
85 195
85 264
76 84
11 69
139 69
32 69
122 32
32 227
4 0
4 13
15 13
267 15
41 267
314 41
33
57 4
57 139
257 4
76 257
57 127
172 127
127 129
161 127
165 127
172 126
84 126
84 195
84 264
54 84
54 53
228 257
228 227
53 21
90 21
116 4
116 31
31 122
152 4
152 294
295 294
295 41
314 41
41 50
50 48
49 48
266 49
266 65
267 65
39
314 41
41 40
16 40
16 152
152 128
172 128
128 129
165 128
152 75
76 75
196 75
196 195
53 196
302 196
302 84
54 196
54 264
128 127
161 127
159 127
139 159
84 8
19 8
90 19
16 34
228 34
228 227
34 28
33 28
122 33
41 42
193 42
241 193
241 64
64 63
15 63
293 15
307 293
267 307
