3
26
255 4
178 4
178 179
250 4
250 228
178 128
128 129
126 128
167 128
128 38
39 38
85 126
85 283
116 4
116 31
109 128
109 107
178 74
238 74
4 13
15 13
15 63
64 63
241 64
65 63
266 65
29
16 152
152 179
152 4
16 34
228 34
255 34
152 75
238 75
4 118
31 118
196 75
196 283
108 75
108 107
225 75
225 39
84 283
84 126
126 129
167 126
16 40
42 40
193 42
241 193
41 40
41 50
50 48
49 48
266 49
33
11 129
11 126
167 11
39 11
11 0
4 0
32 4
32 228
32 255
119 4
31 119
10 0
10 54
54 283
223 11
14 223
14 179
223 76
76 238
109 11
109 78
78 107
296 223
296 46
46 45
42 45
193 42
241 193
41 42
41 50
50 280
281 280
281 266
