3
39
132 38
134 38
135 38
128 38
167 128
162 128
152 128
16 152
152 294
125 128
263 125
25 128
114 25
25 21
108 25
25 88
97 21
216 108
152 4
251 4
25 27
202 27
152 75
235 75
4 0
9 0
197 27
197 230
21 51
52 51
24 25
24 138
138 175
16 40
41 40
41 50
50 48
41 267
267 307
47
167 11
162 11
109 11
108 109
216 109
24 109
114 24
24 88
24 19
19 21
24 74
235 74
24 23
23 97
24 145
145 175
19 8
8 9
53 21
52 53
39 11
134 39
135 39
177 74
177 34
16 34
251 34
296 177
296 294
24 27
202 27
39 38
132 38
11 127
168 127
263 168
197 74
197 230
16 13
15 13
293 15
307 293
15 63
65 63
266 65
266 49
49 48
59
235 74
75 74
108 75
108 78
216 78
23 78
23 88
23 1
1 21
23 113
114 113
5 23
5 97
23 69
32 69
251 32
225 75
222 225
263 222
222 126
167 126
162 126
53 1
52 53
225 39
134 39
135 39
69 137
145 137
145 175
152 69
152 44
44 45
16 45
1 0
8 0
8 9
42 45
41 42
295 41
295 294
78 27
202 27
32 197
197 230
126 38
132 38
193 42
241 193
241 64
64 63
65 63
267 65
267 15
293 15
307 293
266 65
266 49
49 48
