3
23
100 1
23 1
23 88
211 23
23 128
128 38
152 128
312 152
152 294
155 128
155 181
229 181
152 4
116 4
116 30
53 1
53 196
196 249
295 294
295 41
41 50
50 48
49 48
27
11 0
39 11
39 38
25 11
25 88
211 25
25 21
100 21
4 0
120 4
120 30
223 11
296 223
312 296
296 294
3 0
62 3
62 249
157 3
157 181
229 181
4 13
15 13
267 15
267 65
266 65
266 49
32
130 38
130 74
24 74
24 88
24 211
24 19
19 100
177 74
296 177
312 296
296 294
177 34
34 28
30 28
54 74
54 248
248 247
249 247
24 109
157 109
157 181
229 181
296 46
46 45
42 45
193 42
241 193
241 64
64 63
65 63
266 65
266 49
