3
48
223 11
166 11
11 127
269 223
72 11
72 187
72 3
156 3
25 11
214 25
25 1
108 25
114 25
1 17
103 1
93 1
25 273
25 203
211 25
11 69
144 69
108 75
235 75
238 75
234 75
269 34
34 28
34 182
29 28
296 223
311 296
312 296
16 34
16 45
296 294
295 294
39 11
135 39
39 37
133 39
295 41
314 41
14 223
14 176
41 267
267 65
266 65
65 63
58
4 28
4 182
152 4
311 152
312 152
152 176
57 4
144 57
57 127
166 127
305 152
305 269
305 223
60 127
187 60
60 3
24 57
24 214
114 24
24 203
24 211
154 3
133 154
24 19
19 17
19 1
93 19
103 19
116 4
116 29
133 38
38 37
135 38
24 74
235 74
238 74
234 74
24 23
23 273
152 44
44 45
24 219
108 219
4 13
15 13
15 63
44 40
41 40
314 41
295 41
54 74
261 54
261 260
156 260
41 50
50 48
49 48
266 49
66
1 0
3 0
5 0
5 17
103 5
93 5
23 1
214 23
23 203
211 23
23 79
108 79
23 128
166 128
128 127
23 113
114 113
178 128
223 178
178 176
23 273
223 76
76 238
234 76
4 0
4 182
120 4
120 29
32 4
32 28
128 38
135 38
38 37
133 38
178 74
235 74
23 69
69 137
144 137
152 128
312 152
296 152
296 269
311 152
152 46
46 45
3 58
60 58
187 60
42 45
193 42
241 193
241 64
64 63
41 42
314 41
295 41
41 50
50 280
281 280
281 266
2 0
2 196
261 196
261 260
156 260
