3
16
62 3
72 3
72 128
152 128
152 177
152 277
152 46
46 45
152 4
32 4
42 45
193 42
23 128
211 23
41 42
314 41
22
178 4
178 177
178 128
178 277
4 118
32 118
25 128
211 25
4 13
16 13
16 45
25 60
60 58
62 58
16 40
41 40
314 41
15 13
15 63
64 63
241 64
241 193
25
75 74
177 74
177 277
197 74
32 197
24 74
24 211
24 109
109 128
196 75
196 249
62 249
152 75
152 44
44 45
152 294
295 294
295 41
314 41
41 267
267 65
65 63
64 63
241 64
241 193
