3
37
72 3
72 71
157 3
157 181
72 127
168 127
125 127
14 127
76 168
14 259
76 74
57 127
57 139
138 57
25 127
213 25
211 25
25 22
207 25
26 25
26 18
54 74
54 51
54 242
55 51
54 195
76 75
272 75
57 4
120 4
31 120
72 128
128 38
134 38
14 13
15 13
15 63
45
155 3
155 181
155 128
125 128
23 128
211 23
23 22
207 23
213 23
23 1
18 1
24 23
24 138
24 74
152 128
14 152
152 259
74 87
76 87
23 69
139 69
76 84
84 242
84 195
263 125
263 168
53 1
53 55
53 51
152 4
4 118
31 118
75 74
272 75
11 128
39 11
134 39
72 11
72 71
152 294
295 294
295 41
41 267
267 65
65 63
51
74 73
76 73
177 74
177 259
14 177
85 76
85 242
85 195
85 126
125 126
222 126
168 222
14 57
57 137
138 137
139 137
24 57
24 211
24 22
24 207
213 24
24 27
27 18
5 18
5 51
5 0
3 0
177 34
116 34
116 31
53 85
53 55
76 224
224 39
134 39
75 73
272 75
24 109
157 109
157 155
155 181
60 3
72 60
72 71
16 34
16 45
42 45
193 42
241 193
241 64
64 63
