3
59
1 12
105 1
20 1
25 1
25 60
25 126
212 25
184 60
185 60
85 126
25 191
85 265
85 195
25 89
126 129
166 126
222 126
304 222
222 224
108 25
108 107
54 85
54 231
261 54
54 248
54 6
6 32
32 119
32 253
119 33
24 25
24 145
145 175
85 76
233 76
76 237
32 69
69 67
32 147
279 147
152 69
152 46
25 128
155 128
152 294
295 294
14 152
14 268
60 3
62 3
310 62
295 41
41 267
267 65
41 50
50 48
41 42
193 42
241 193
71
296 152
296 46
152 4
119 4
253 4
32 4
152 128
89 128
128 129
166 128
126 128
109 128
109 107
23 128
212 23
23 191
84 126
84 195
84 265
76 84
76 224
5 23
5 12
105 5
105 20
4 118
118 33
72 128
185 72
72 60
76 168
304 168
196 195
196 231
261 196
196 309
310 309
184 60
152 75
233 75
75 237
84 8
85 8
57 4
145 57
157 109
157 155
68 57
68 67
138 57
138 175
296 269
269 268
147 4
279 147
196 249
249 247
248 247
4 13
15 13
15 63
65 63
64 63
241 64
266 65
266 49
49 48
16 152
16 40
41 40
295 41
78
26 191
212 26
26 78
78 107
200 26
200 145
26 197
32 197
26 88
89 88
89 126
26 18
105 18
20 18
197 74
233 74
237 74
54 74
54 265
54 195
32 28
33 28
89 127
60 127
127 129
166 127
34 28
253 34
119 34
54 285
85 285
5 18
5 12
168 127
304 168
269 34
269 268
200 138
138 175
54 196
196 231
16 34
16 45
46 45
72 127
185 72
72 3
155 3
197 225
225 39
224 39
156 3
156 260
261 260
68 88
68 67
184 60
147 34
279 147
60 58
62 58
309 62
310 309
62 247
248 247
16 13
15 13
15 63
65 63
64 63
241 64
266 65
266 49
49 48
42 45
42 40
41 40
295 41
