3
35
10 0
2 0
10 54
2 21
54 242
101 21
103 21
102 21
4 0
117 4
250 4
251 4
54 74
130 74
76 74
11 0
11 129
169 11
162 11
124 129
165 11
124 26
54 83
83 82
11 69
153 69
3 0
156 3
72 11
186 72
109 11
245 109
4 13
15 13
267 15
39
117 34
250 34
251 34
34 257
76 257
76 130
85 76
54 85
85 82
85 242
85 126
165 126
169 126
162 126
126 129
124 126
25 126
101 25
2 25
26 25
25 21
10 2
108 25
108 245
85 300
103 300
25 60
186 60
200 26
200 153
25 1
102 1
261 54
261 260
156 260
16 34
16 40
41 40
41 267
50
54 6
10 6
6 21
54 196
2 196
6 32
32 117
251 32
6 18
26 18
101 18
103 18
102 18
27 18
124 27
124 169
124 165
124 162
54 84
84 242
76 84
84 82
32 228
250 228
124 128
128 129
32 197
197 130
24 26
24 145
145 153
124 127
60 127
186 60
196 75
108 75
108 245
261 196
261 260
156 260
152 128
152 294
295 294
295 41
41 50
50 48
49 48
266 49
266 65
267 65
