3
20
5 0
5 51
104 5
3 0
62 3
5 23
23 199
4 0
4 118
11 0
125 11
125 240
39 11
135 39
152 4
152 294
295 294
295 41
41 50
50 280
23
6 21
21 51
104 21
6 32
32 118
25 21
25 199
6 8
8 58
62 58
25 126
126 38
135 38
125 126
125 240
32 4
4 13
15 13
267 15
267 65
266 65
281 266
281 280
28
25 27
199 27
25 1
104 1
53 1
53 51
53 196
196 249
62 249
25 128
128 38
135 38
152 128
16 152
16 34
34 118
125 128
125 240
16 40
42 40
193 42
241 193
241 64
64 63
65 63
266 65
281 266
281 280
