3
16
223 11
89 11
173 11
11 160
223 275
72 11
223 76
76 237
25 11
25 221
108 25
218 108
14 223
14 13
15 13
15 63
22
14 178
223 178
178 275
14 127
173 127
72 127
160 127
89 127
178 74
237 74
24 74
24 221
130 74
130 79
218 79
14 152
152 294
295 294
295 41
41 267
267 65
65 63
24
16 152
305 152
305 223
152 128
72 128
89 128
173 128
152 75
75 237
223 276
276 275
23 128
23 78
218 78
128 127
160 127
24 23
24 221
16 40
42 40
193 42
241 193
241 64
64 63
