3
19
162 11
11 69
144 69
25 11
198 25
109 11
219 109
39 11
133 39
69 137
147 137
279 147
157 109
157 181
229 181
11 126
84 126
300 84
84 289
19
57 4
144 57
57 127
162 127
24 57
198 24
24 219
162 126
85 126
85 300
85 289
126 38
133 38
147 4
279 147
128 127
155 128
155 181
229 181
24
3 0
154 3
133 154
10 0
10 54
54 289
54 300
1 0
23 1
198 23
23 128
162 128
23 78
219 78
23 69
139 69
139 137
144 137
32 69
32 147
279 147
155 3
155 181
229 181
