3
17
23 191
23 128
128 129
174 128
170 128
72 128
72 188
152 128
152 44
44 45
42 45
126 128
85 126
85 264
41 42
41 50
50 48
22
11 129
174 11
170 11
25 11
25 191
25 60
188 60
11 126
84 126
84 264
11 69
152 69
16 152
16 40
44 40
42 40
41 40
41 267
267 65
266 65
266 49
49 48
29
57 4
57 127
127 129
174 127
170 127
24 57
24 191
60 127
188 60
24 74
54 74
54 264
4 13
15 13
15 63
64 63
241 64
241 193
193 42
65 63
266 65
266 49
49 48
152 4
152 294
295 294
295 41
41 40
44 40
