3
24
6 21
19 21
105 21
91 21
97 21
54 6
54 289
25 21
25 88
23 97
23 79
218 79
25 127
14 127
14 268
14 297
6 32
116 32
116 29
14 13
15 13
15 63
65 63
266 65
29
19 8
105 19
24 19
24 88
105 18
18 91
85 8
85 289
5 19
5 97
24 219
219 79
219 78
218 78
24 74
177 74
177 297
177 34
120 34
120 29
269 34
269 268
16 34
16 40
41 40
41 50
50 48
49 48
266 49
30
152 4
152 297
4 28
29 28
4 0
1 0
105 1
19 1
23 1
23 88
5 0
5 97
152 75
108 75
218 108
108 79
196 75
196 289
18 1
18 91
305 152
305 269
269 268
152 294
295 294
295 41
41 50
50 280
281 280
281 266
