3
19
7 0
1 0
104 1
8 0
84 8
84 265
3 0
60 3
189 60
262 189
4 0
4 13
15 13
267 15
267 307
41 267
41 50
50 48
49 48
26
5 0
104 5
10 0
10 7
10 54
54 265
11 0
72 11
72 189
262 189
223 11
296 223
296 46
46 45
42 45
193 42
241 193
241 64
64 63
15 63
293 15
307 293
65 63
266 65
266 49
49 48
26
293 15
307 293
15 63
65 63
266 65
266 49
49 48
64 63
241 64
241 193
193 42
42 40
44 40
152 44
152 75
196 75
196 265
2 196
2 21
104 21
10 2
10 7
152 128
72 128
72 189
262 189
