3
23
141 57
57 127
164 127
160 127
171 127
164 126
125 127
57 4
120 4
178 4
120 34
178 259
168 127
306 168
147 4
279 147
146 57
146 287
25 127
108 25
290 108
5 25
104 5
27
120 32
116 32
116 34
32 69
141 69
177 34
178 177
177 259
11 69
11 126
164 11
171 11
125 11
11 160
153 69
287 153
222 126
303 222
303 306
6 32
6 21
104 21
32 147
279 147
109 11
108 109
290 108
30
4 118
34 118
152 4
152 259
31 118
31 120
152 128
164 128
178 128
171 128
125 128
126 128
147 34
147 137
141 137
145 137
287 145
4 0
1 0
104 1
11 128
11 160
279 147
305 152
305 222
303 222
303 306
152 75
108 75
290 108
