3
19
7 0
4 0
4 28
4 70
4 118
57 4
151 57
11 0
125 11
72 11
72 187
39 11
39 131
109 11
108 109
290 108
3 0
62 3
310 62
21
25 60
187 60
25 126
125 126
126 38
131 38
25 11
11 69
151 69
32 69
32 70
32 28
32 118
108 25
290 108
2 25
10 2
10 7
2 196
196 309
310 309
26
10 0
10 7
1 0
23 1
23 128
125 128
23 69
69 137
151 137
128 38
131 38
147 137
147 34
34 70
34 28
34 118
72 128
72 60
187 60
60 58
62 58
309 62
310 309
23 78
108 78
290 108
