3
36
41 42
41 267
267 65
267 15
15 13
14 13
4 13
250 4
250 228
4 0
5 0
93 5
105 5
5 12
104 5
5 25
207 25
25 126
210 25
85 126
85 301
85 285
85 243
85 76
234 76
76 237
25 60
183 60
3 0
156 3
54 85
54 231
26 25
200 26
5 18
111 18
42
42 40
16 40
16 152
14 152
16 34
250 34
228 34
152 128
126 128
25 128
152 75
76 75
234 75
75 237
25 1
93 1
104 1
5 1
1 12
105 1
23 128
210 23
207 23
72 128
72 183
196 75
196 231
196 285
196 243
196 301
25 27
200 27
261 196
261 260
156 260
18 1
111 18
193 42
241 193
241 64
64 63
65 63
50
5 19
93 19
104 19
105 19
24 19
24 210
24 207
24 25
24 57
14 57
24 74
237 74
234 74
76 74
24 138
200 138
54 74
54 301
54 285
54 243
76 257
228 257
25 11
11 126
147 228
250 147
54 196
196 231
72 11
72 183
19 1
1 12
57 4
152 4
152 46
46 45
42 45
93 18
111 18
261 54
261 260
156 260
152 294
295 294
295 41
41 50
50 280
281 280
281 266
266 65
