3
19
4 0
253 4
57 4
5 0
5 97
57 139
139 203
145 57
145 175
5 25
108 25
218 108
152 4
152 44
44 40
41 40
314 41
41 50
50 48
24
23 97
23 203
23 1
1 0
23 78
218 78
108 78
23 69
57 69
32 69
32 253
138 57
138 175
152 69
16 152
16 40
42 40
41 42
314 41
41 267
267 65
266 65
266 49
49 48
32
16 34
253 34
16 13
14 13
14 57
24 57
24 203
24 219
108 219
219 79
218 79
24 19
19 21
97 21
19 8
8 0
24 138
138 175
14 152
152 294
295 294
295 41
16 45
42 45
42 40
314 41
15 13
15 63
65 63
266 65
266 49
49 48
