3
113
104 19
24 19
274 19
19 8
114 24
24 99
24 203
6 8
198 24
24 36
19 100
84 8
139 203
19 95
84 126
84 195
139 159
124 126
126 123
24 26
126 128
158 126
126 38
72 128
130 38
134 38
72 3
90 19
24 138
152 128
138 175
152 179
152 44
311 152
16 152
44 45
152 259
152 277
16 34
84 289
250 34
167 126
271 250
152 46
120 34
130 79
31 120
120 33
79 107
31 122
215 79
14 152
258 34
216 203
38 37
3 35
84 283
312 152
108 79
290 108
108 245
24 74
237 74
74 87
5 19
5 97
5 51
5 12
55 51
52 51
6 32
32 227
178 128
178 276
54 6
54 83
196 195
196 249
196 309
310 309
24 57
144 57
57 142
57 140
141 57
57 56
150 57
26 197
197 230
222 126
303 222
24 23
23 273
152 294
295 294
2 8
2 313
24 27
202 27
155 128
155 181
156 3
156 260
39 38
226 39
42 45
193 42
241 193
241 64
64 63
66 63
15 63
293 15
129
24 25
25 126
114 25
25 99
25 203
198 25
25 273
25 36
25 128
26 25
128 38
158 128
124 128
128 123
167 128
25 1
104 1
90 1
100 1
95 1
1 12
85 126
85 283
85 8
85 289
85 195
25 127
159 127
72 127
14 127
14 179
14 259
14 277
85 76
76 237
76 130
76 84
76 87
85 82
83 82
57 127
57 139
138 57
53 1
53 55
53 51
52 53
57 4
250 4
152 4
258 4
120 4
57 56
4 118
31 118
34 118
118 33
122 33
25 21
97 21
6 21
250 228
228 227
271 228
296 152
312 296
296 46
311 296
46 45
16 45
24 145
145 175
16 40
44 40
57 137
141 137
142 137
140 137
150 137
144 137
24 109
245 109
215 109
109 79
109 107
216 109
41 40
295 41
14 223
223 276
25 60
60 3
157 109
157 181
62 3
310 62
62 249
309 62
3 35
76 197
197 230
2 25
2 313
25 11
39 11
134 39
39 37
226 39
41 267
267 307
307 293
267 65
65 63
64 63
66 63
241 64
241 193
25 27
202 27
54 85
261 54
261 260
168 127
306 168
303 306
19 1
274 19
108 25
290 108
148
2 0
3 0
8 0
6 0
2 21
104 21
90 21
99 21
100 21
95 21
26 99
21 51
26 203
198 26
26 36
124 26
124 167
124 158
124 123
26 113
114 113
24 113
23 99
23 97
23 79
23 128
216 79
23 69
141 69
142 69
144 69
140 69
139 69
152 69
150 69
32 69
122 32
258 32
120 32
152 75
75 237
75 87
152 177
177 259
177 179
177 277
14 177
177 34
32 28
33 28
31 28
14 13
16 13
54 51
54 84
54 283
54 289
54 195
26 78
78 107
130 78
215 78
16 45
11 0
11 126
72 11
11 194
194 159
115 113
115 250
46 45
200 26
200 138
32 228
271 228
228 227
157 3
157 181
109 128
245 109
200 145
145 175
25 113
25 273
296 177
311 296
312 296
53 21
53 55
52 53
84 82
83 82
178 177
178 275
276 275
1 0
1 12
154 3
133 154
133 38
54 248
248 247
249 247
133 39
39 37
134 39
62 247
309 62
310 62
2 313
3 35
226 39
2 196
261 196
261 260
32 197
197 230
19 21
274 19
57 69
57 56
99 27
202 27
216 108
290 108
15 13
267 15
267 65
65 63
267 307
307 293
64 63
66 63
241 64
241 193
76 75
76 168
306 168
303 306
266 65
281 266
281 280
50 280
41 50
295 41
41 42
42 40
44 40
