3
15
15 13
4 13
117 4
4 118
4 182
57 4
24 57
24 201
24 211
57 137
148 137
267 15
267 65
266 65
281 266
21
25 11
25 201
211 25
11 69
32 69
32 117
32 118
117 34
34 182
69 137
148 137
16 34
16 40
41 40
41 50
50 280
281 280
41 267
267 307
307 293
293 15
26
15 63
64 63
241 64
241 193
193 42
42 45
46 45
152 46
152 177
177 34
34 118
34 182
31 118
31 117
152 128
23 128
211 23
23 27
201 27
147 34
147 137
148 137
41 42
41 50
50 280
281 280
