3
40
171 127
57 127
57 140
60 127
60 58
187 60
62 58
59 58
145 57
145 175
200 145
62 247
248 247
57 4
116 4
117 4
54 248
54 292
54 231
54 51
54 84
52 51
54 289
200 26
26 78
26 210
76 84
76 225
152 4
152 294
152 44
312 152
21 51
93 21
4 13
15 13
15 63
295 294
295 41
314 41
46
65 63
267 65
41 267
41 40
44 40
314 41
16 40
16 34
117 34
116 34
16 152
296 152
296 294
312 296
152 75
225 75
152 128
171 128
108 75
108 78
196 75
196 292
196 231
196 289
84 292
72 128
72 187
78 27
200 27
210 27
200 138
138 175
53 196
53 51
52 53
152 69
140 69
196 249
62 249
27 18
93 18
72 3
59 3
3 58
54 196
54 248
53
93 5
5 51
5 23
210 23
23 78
130 78
225 130
23 69
32 69
116 32
32 117
153 69
200 153
69 137
140 137
11 69
171 11
11 126
84 126
84 289
85 126
85 292
84 8
8 58
61 58
61 59
61 3
62 3
53 85
52 53
72 11
72 187
138 153
138 175
84 195
196 195
196 231
223 11
296 223
312 296
296 294
296 46
46 45
44 45
54 85
54 248
42 45
193 42
241 193
241 64
64 63
41 42
314 41
