3
22
25 199
25 205
26 25
200 26
25 60
60 58
72 60
72 71
62 58
62 249
189 60
262 189
62 247
248 247
196 249
196 299
25 127
14 127
14 13
15 13
15 63
66 63
26
3 58
72 3
72 71
8 58
84 8
299 84
54 84
54 248
72 189
262 189
54 196
196 249
72 128
23 128
23 205
23 199
23 27
200 27
152 128
16 152
16 40
41 40
41 267
267 65
65 63
66 63
30
61 3
61 58
157 3
157 109
24 109
24 199
24 205
24 138
200 138
24 74
54 74
54 299
54 248
75 74
196 75
196 249
109 11
72 11
72 71
72 189
262 189
152 75
152 44
44 40
42 40
193 42
241 193
241 64
64 63
66 63
