3
104
2 0
9 0
10 0
2 25
25 239
26 25
25 204
214 25
206 25
25 205
25 126
101 25
211 25
26 18
108 25
18 17
100 18
290 108
216 108
95 18
103 18
108 75
93 18
106 18
238 75
75 73
25 127
26 197
163 127
197 230
126 123
124 26
108 219
14 127
284 25
14 177
25 273
14 178
14 277
25 191
305 178
25 89
218 108
4 0
252 4
119 4
255 4
257 4
147 4
120 4
31 119
4 86
31 122
119 29
126 38
136 38
134 38
131 38
38 37
253 4
282 253
57 127
150 57
68 57
57 140
57 56
57 139
151 57
57 69
72 127
72 71
72 190
72 189
3 0
154 3
3 35
2 196
196 292
261 196
196 195
298 196
53 196
152 75
152 46
152 44
312 152
145 57
145 175
10 54
54 242
14 13
15 13
293 15
267 15
1 0
98 1
168 127
306 168
39 38
226 39
267 65
266 65
266 49
49 48
118
24 219
24 26
24 284
24 211
24 206
24 205
24 214
24 204
24 191
24 19
103 19
19 17
19 95
93 19
19 100
101 19
106 19
101 18
19 21
2 21
98 21
53 21
10 2
24 23
23 69
23 273
23 239
140 69
68 69
151 69
150 69
139 69
53 85
85 126
85 195
85 292
298 85
85 242
124 126
89 126
124 127
124 123
11 69
11 163
32 69
32 257
32 119
122 32
32 147
120 32
122 29
31 120
32 197
252 32
32 255
24 74
75 74
238 74
74 73
177 74
178 74
177 277
39 11
39 131
134 39
39 37
136 39
24 138
138 175
296 177
312 296
296 46
305 296
219 78
216 78
108 78
218 78
46 45
44 45
197 230
290 108
60 127
189 60
190 60
19 8
8 9
54 53
261 54
24 57
14 57
133 39
133 154
226 39
57 56
32 4
4 86
222 126
303 222
303 306
42 45
41 42
41 267
41 50
50 48
267 307
307 293
49 48
72 11
72 71
32 253
282 253
60 3
3 35
193 42
241 193
241 64
64 63
15 63
131
178 4
178 277
178 177
152 4
152 69
305 152
14 152
178 128
126 128
128 127
124 128
128 123
89 128
69 137
139 137
140 137
151 137
150 137
147 137
23 128
26 23
23 204
211 23
23 205
214 23
206 23
23 191
23 1
100 1
18 1
1 17
53 1
93 1
101 1
106 1
95 1
103 1
84 126
298 84
84 195
84 292
84 242
109 128
219 109
108 109
216 109
84 8
2 8
76 84
76 238
76 197
76 75
76 73
76 257
8 9
69 67
68 67
177 34
120 34
119 34
252 34
255 34
120 29
6 18
10 6
120 30
122 30
23 239
116 4
116 31
5 23
5 98
23 273
23 79
218 79
11 128
11 163
296 152
312 296
24 109
24 284
138 137
138 175
16 152
16 40
44 40
16 45
46 45
41 40
41 267
197 230
128 38
133 38
133 154
76 224
224 39
39 131
134 39
39 37
136 39
72 128
72 60
190 60
189 60
72 3
156 3
156 260
261 260
267 307
307 293
72 71
290 108
3 35
41 50
50 48
226 39
49 48
4 86
57 4
57 56
253 34
282 253
305 222
303 222
303 306
42 40
193 42
241 193
241 64
64 63
15 63
