3
21
9 0
4 0
152 4
152 44
152 46
116 4
116 29
152 128
220 128
250 4
250 228
155 128
155 181
229 181
23 128
210 23
128 38
132 38
10 0
10 54
54 248
27
8 0
8 9
3 0
157 3
157 181
229 181
62 3
62 247
248 247
1 0
25 1
210 25
6 0
6 32
32 228
32 119
119 29
25 128
220 128
228 34
16 34
16 45
44 45
46 45
25 126
126 38
132 38
31
147 34
147 228
34 28
29 28
177 34
296 177
296 46
177 74
24 74
24 210
152 177
16 152
16 40
44 40
24 109
157 109
157 181
24 19
19 8
8 9
229 181
109 128
220 128
54 74
54 196
196 249
249 247
248 247
130 74
130 38
132 38
