3
31
178 179
178 275
305 178
178 128
174 128
178 4
4 0
257 4
25 128
25 201
108 25
212 25
128 38
135 38
133 38
25 21
91 21
34 257
34 47
152 179
152 46
178 74
234 74
72 128
186 72
54 74
54 248
57 4
57 142
19 21
274 19
36
11 0
174 11
223 11
223 275
305 223
39 11
133 39
135 39
14 223
14 179
296 223
296 46
223 76
234 76
76 257
109 11
108 109
11 69
142 69
24 109
24 201
24 212
3 0
60 3
186 60
24 19
274 19
62 3
62 247
248 247
1 0
18 1
18 91
269 223
269 34
34 47
45
228 34
228 257
177 34
177 179
152 177
305 152
152 75
108 75
234 75
14 177
14 127
174 127
108 78
26 78
26 201
212 26
16 34
16 45
46 45
60 127
186 60
26 18
18 91
5 18
5 0
178 177
178 276
276 275
147 34
147 137
142 137
72 127
72 3
154 3
133 154
225 75
225 39
135 39
34 47
196 75
196 249
249 247
248 247
5 19
274 19
