3
80
39 11
172 11
164 11
161 11
109 11
11 126
24 109
246 109
24 19
24 214
24 207
94 19
93 19
92 19
106 19
226 39
109 79
19 100
213 24
24 208
24 201
19 20
24 74
237 74
233 74
197 74
74 73
238 74
54 74
54 231
54 53
54 300
53 55
54 283
54 301
222 126
304 222
303 222
32 197
32 121
32 4
254 32
121 29
252 32
32 256
121 34
32 118
270 34
4 86
11 69
139 69
141 69
142 69
108 109
290 108
72 11
72 188
69 137
148 137
25 11
25 239
2 25
72 3
62 3
154 3
157 109
288 157
81 109
81 80
4 13
15 13
267 15
41 267
314 41
267 65
266 65
41 50
50 280
41 42
193 42
98
24 23
214 23
208 23
23 239
207 23
213 23
23 79
23 1
19 1
93 1
92 1
94 1
53 1
106 1
100 1
20 1
23 128
11 128
172 128
109 128
164 128
126 128
128 38
39 38
246 109
128 127
161 127
133 38
133 154
226 39
60 127
188 60
155 128
288 155
53 196
196 231
196 283
196 301
196 300
2 196
196 75
238 75
233 75
75 73
75 237
168 127
304 168
53 51
55 51
24 57
57 139
57 4
141 57
121 4
252 4
4 118
254 4
252 34
57 142
256 4
4 86
24 27
197 27
201 27
116 4
116 29
60 58
62 58
306 168
303 306
108 79
290 108
116 32
32 308
308 270
57 137
148 137
81 79
81 80
16 34
16 40
41 40
314 41
42 40
193 42
41 50
50 48
49 48
266 49
281 266
281 280
241 193
241 64
64 63
15 63
293 15
307 293
267 307
106
11 0
4 0
2 0
5 0
93 5
5 19
92 5
94 5
106 5
93 20
100 20
11 127
164 127
172 127
164 126
5 25
208 25
214 25
24 25
213 25
207 25
25 201
161 127
24 219
219 79
219 109
159 127
139 159
85 126
85 301
53 85
85 283
85 300
85 76
233 76
76 197
76 238
76 237
76 73
76 224
224 39
139 137
142 137
141 137
119 4
119 29
119 34
254 34
34 118
256 34
252 34
31 119
31 121
76 168
304 168
5 23
23 239
5 51
55 51
133 39
133 154
25 60
188 60
85 195
196 195
196 309
309 62
196 231
246 109
3 0
155 3
288 155
4 86
306 168
303 306
148 137
226 39
108 25
290 108
32 119
32 308
308 270
81 108
81 80
152 4
16 152
16 45
42 45
193 42
152 294
295 294
295 41
314 41
41 50
50 48
49 48
266 49
281 266
281 280
241 193
241 64
64 63
15 63
293 15
307 293
267 307
