3
24
90 1
53 1
53 85
54 53
18 1
111 18
19 1
274 19
85 76
76 224
76 168
304 168
168 127
161 127
14 127
14 297
1 0
3 0
154 3
4 0
255 4
14 13
15 13
293 15
28
11 69
161 11
32 69
32 255
39 11
224 39
6 32
54 6
54 85
222 224
304 222
6 21
90 21
53 21
152 69
152 297
133 39
133 154
6 18
111 18
19 21
274 19
152 294
295 294
295 41
41 267
267 307
307 293
35
267 15
267 307
307 293
15 63
64 63
241 64
241 193
193 42
42 40
16 40
16 34
255 34
177 34
177 297
177 74
54 74
54 285
85 285
54 51
53 51
24 74
24 19
90 19
85 126
222 126
222 224
304 222
11 126
161 11
126 38
133 38
133 154
274 19
90 18
111 18
