3
106
68 67
68 69
144 69
69 137
145 137
145 175
152 69
152 46
152 297
152 278
178 297
152 176
178 74
178 275
235 74
237 74
238 74
197 74
233 74
197 27
207 27
213 27
78 27
27 36
199 27
204 27
210 27
81 78
78 77
81 79
25 27
2 25
284 25
25 239
25 126
25 21
158 126
125 126
102 21
98 21
6 21
93 21
90 21
25 89
174 126
21 51
222 126
84 126
126 129
84 265
84 195
84 82
84 264
84 283
84 292
299 84
300 84
126 38
132 38
133 38
131 38
38 37
25 60
184 60
190 60
188 60
185 60
183 60
152 128
155 128
220 128
288 155
46 45
42 45
41 42
193 42
314 41
41 267
241 193
267 65
241 64
32 69
120 32
32 227
31 120
120 33
32 28
120 34
250 34
34 182
34 47
41 50
50 280
155 181
181 180
11 69
11 163
2 0
9 0
39 38
226 39
54 74
261 54
54 248
60 3
3 35
127
235 75
75 237
75 74
238 75
233 75
225 75
222 225
197 225
196 75
261 196
196 265
2 196
196 195
196 299
196 283
196 300
196 292
2 21
85 265
85 126
85 264
89 126
85 82
2 8
8 9
6 8
84 8
24 74
213 24
24 145
24 284
24 36
24 199
24 204
24 207
24 27
24 210
89 127
163 127
174 127
158 127
125 127
127 129
24 57
57 137
144 57
68 57
24 138
138 175
24 23
23 239
23 79
23 78
79 77
72 127
185 72
72 190
72 183
72 188
57 4
4 28
250 4
4 182
31 28
33 28
178 4
120 4
34 28
178 278
178 176
72 3
155 3
34 47
225 39
39 37
133 39
39 131
1 21
90 1
102 1
98 1
93 1
226 39
3 35
157 3
288 157
178 276
276 275
57 69
69 67
108 75
81 108
250 228
228 227
53 196
53 51
177 74
177 297
296 177
296 46
126 128
220 128
157 181
181 180
4 13
15 13
267 15
15 63
65 63
64 63
241 64
241 193
266 65
281 266
281 280
60 127
184 60
16 34
16 40
42 40
41 40
314 41
128 38
132 38
196 249
249 247
248 247
144
42 40
44 40
152 44
305 152
305 222
305 178
14 152
14 297
14 278
14 176
178 128
158 128
174 128
125 128
128 129
89 128
23 128
213 23
207 23
23 36
23 204
23 199
23 27
210 23
5 23
102 5
5 51
5 98
93 5
5 21
54 51
54 265
54 264
54 84
54 195
54 299
54 283
54 6
54 300
54 292
27 18
90 18
10 54
10 2
76 84
76 237
76 74
233 76
76 238
76 197
23 239
278 147
147 137
250 147
144 137
147 34
109 128
109 78
81 109
109 79
157 109
157 155
79 77
288 157
116 34
116 33
116 31
116 29
29 28
120 29
89 88
68 88
14 57
145 57
11 128
11 126
305 223
223 275
54 83
83 82
138 137
138 175
296 152
296 46
24 109
24 284
72 128
72 183
72 190
185 72
72 188
152 75
235 75
39 11
39 131
39 37
152 4
4 182
14 127
163 127
23 69
69 67
147 228
228 227
152 294
295 294
295 41
220 128
5 0
8 0
8 9
3 0
154 3
133 154
156 3
156 260
261 260
226 39
62 3
62 247
248 247
3 35
34 47
314 41
72 60
184 60
14 13
15 13
293 15
307 293
267 307
15 63
65 63
64 63
241 64
241 193
76 130
130 38
132 38
157 181
181 180
266 65
281 266
281 280
