3
31
167 11
11 69
69 137
139 69
145 137
223 11
223 276
72 11
72 187
109 11
81 109
32 69
251 32
32 253
32 4
115 4
25 11
25 36
152 69
152 75
196 75
261 196
25 21
91 21
11 126
85 126
152 46
46 45
42 45
41 42
41 50
38
253 4
251 4
57 4
145 57
57 139
57 137
24 57
24 36
178 4
178 276
24 74
75 74
250 4
115 250
54 74
54 85
261 54
54 196
108 75
81 108
57 127
167 127
60 127
187 60
24 27
27 18
18 91
4 13
16 13
16 40
42 40
15 13
15 63
65 63
266 65
266 49
49 48
50 48
49
53 1
53 196
53 85
23 1
23 36
85 76
76 75
24 23
24 145
23 113
115 113
23 78
81 78
24 138
138 137
139 137
23 128
167 128
223 76
223 275
276 275
76 257
34 257
253 34
251 34
18 1
18 91
25 1
25 60
187 60
60 3
156 3
156 260
261 260
152 128
152 44
44 40
41 40
41 267
267 65
266 65
281 266
281 280
50 280
65 63
64 63
241 64
241 193
193 42
