3
21
2 0
11 0
11 123
161 11
2 196
196 285
196 231
39 11
224 39
1 0
92 1
4 0
4 182
84 285
84 82
152 4
152 44
4 13
15 13
147 4
279 147
26
2 8
85 8
85 285
85 82
85 126
126 123
85 76
76 224
127 123
161 127
19 8
92 19
54 85
54 231
76 257
34 257
34 182
147 34
279 147
16 34
16 45
44 45
16 40
41 40
41 267
267 15
33
2 21
92 21
2 25
25 128
128 123
10 2
10 54
54 285
54 231
54 83
83 82
25 126
222 126
222 224
25 127
161 127
152 128
152 177
177 34
34 182
152 46
46 45
42 45
42 40
44 40
193 42
241 193
241 64
64 63
15 63
152 278
278 147
279 147
