3
33
4 0
254 4
257 4
11 0
11 126
11 163
125 11
25 11
84 126
25 36
208 25
25 205
84 285
25 191
84 242
11 69
69 67
142 69
222 126
304 222
178 4
178 179
1 0
18 1
19 1
274 19
250 4
271 250
196 285
196 249
3 0
155 3
288 155
38
27 18
27 36
208 27
205 27
27 191
25 27
25 126
125 126
5 18
5 19
5 0
274 19
85 126
85 285
85 242
85 76
76 257
76 84
76 168
304 168
32 257
254 32
25 127
163 127
228 257
271 228
57 127
57 142
14 127
14 179
68 57
68 67
25 60
60 3
62 3
62 249
157 3
288 157
41
2 0
2 25
2 8
19 8
84 8
25 128
126 128
125 128
54 84
54 285
54 242
26 25
208 26
26 36
26 18
26 205
26 191
152 128
152 179
128 127
163 127
54 248
248 247
249 247
152 69
69 137
142 137
152 177
177 34
34 257
254 34
68 69
68 67
228 34
271 228
168 127
304 168
274 19
155 128
157 155
288 157
