3
17
6 18
112 18
27 18
27 88
54 6
261 54
261 260
54 74
235 74
177 74
296 177
296 269
296 294
295 294
295 41
41 50
50 280
22
11 0
223 11
269 223
25 11
25 88
223 76
76 75
235 75
3 0
156 3
156 260
1 0
18 1
112 18
4 0
4 13
15 13
267 15
267 65
266 65
281 266
281 280
25
72 128
23 128
23 88
152 128
305 152
305 269
152 75
235 75
72 3
156 3
156 260
5 23
5 18
112 18
152 44
44 45
42 45
193 42
241 193
241 64
64 63
65 63
266 65
281 266
281 280
