3
27
23 78
23 199
23 203
23 128
178 128
23 69
144 69
153 69
149 69
125 128
263 125
155 128
155 3
128 38
135 38
133 38
38 37
23 1
92 1
106 1
23 27
201 27
53 1
52 53
178 74
74 73
232 74
30
3 0
4 0
178 4
154 3
133 154
57 4
149 57
144 57
133 39
39 37
135 39
145 57
145 153
24 57
24 199
24 203
24 201
24 219
219 78
5 0
92 5
106 5
5 51
52 51
257 4
76 257
232 76
76 73
76 168
263 168
31
39 37
133 39
135 39
39 11
223 11
223 178
109 11
109 78
72 11
72 3
25 11
25 201
25 203
25 199
25 21
106 21
92 21
21 51
52 51
225 39
222 225
263 222
225 75
232 75
75 73
11 69
69 137
149 137
144 137
138 137
138 153
