3
15
75 73
108 75
152 75
152 128
72 128
185 72
152 69
141 69
152 4
258 4
4 13
15 13
155 128
155 181
181 180
21
108 25
25 60
72 60
185 60
24 25
24 74
74 73
24 57
141 57
177 74
177 34
258 34
108 109
157 109
157 181
181 180
16 34
16 40
41 40
41 267
267 15
27
72 3
60 3
185 60
72 11
11 69
32 69
258 32
69 137
141 137
109 11
219 109
108 219
223 11
223 76
76 73
157 3
157 181
181 180
296 223
296 46
46 45
42 45
193 42
241 193
241 64
64 63
15 63
