3
25
1 0
11 0
169 11
161 11
23 1
23 22
72 11
72 190
4 0
255 4
119 4
4 13
16 13
11 69
153 69
2 0
2 196
196 309
15 13
15 63
64 63
267 15
267 307
41 267
295 41
34
25 1
25 22
25 60
190 60
25 127
161 127
169 127
60 3
62 3
309 62
25 128
152 128
16 152
152 294
295 294
16 34
119 34
255 34
25 27
200 27
200 153
16 40
42 40
193 42
241 193
241 64
41 40
41 50
50 48
49 48
266 49
266 65
267 65
267 307
39
5 23
5 1
23 128
169 128
24 23
24 22
24 138
138 153
23 69
32 69
32 255
32 119
128 127
161 127
60 127
190 60
152 69
152 44
44 45
16 45
60 58
62 58
310 62
310 309
296 152
296 294
295 294
42 45
193 42
241 193
241 64
41 42
41 50
50 280
281 280
281 266
266 65
267 65
267 307
