3
26
24 110
24 208
24 209
24 26
26 78
124 26
124 173
24 57
57 4
4 70
57 137
148 137
4 13
15 13
293 15
24 74
75 74
272 75
54 74
54 51
54 83
83 82
267 15
267 65
266 65
266 49
29
16 34
34 70
16 152
152 128
173 128
23 128
23 110
208 23
26 23
209 23
23 78
5 23
5 51
126 128
84 126
84 82
152 75
272 75
147 34
147 137
148 137
16 40
41 40
41 267
267 307
307 293
41 50
50 48
49 48
30
32 70
32 197
26 197
26 110
208 26
209 26
197 27
78 27
76 197
85 76
85 82
85 126
173 126
53 85
53 51
76 75
272 75
32 69
69 137
148 137
152 69
152 294
295 294
295 41
41 50
50 48
49 48
41 267
267 307
307 293
