3
26
23 22
23 128
165 128
23 27
202 27
152 128
152 4
152 44
254 4
257 4
228 257
116 4
116 33
126 128
85 126
85 265
85 292
72 128
186 72
53 85
53 55
54 85
54 248
155 128
155 181
181 180
33
4 28
33 28
34 28
254 34
228 34
34 257
76 257
85 76
76 84
84 265
84 292
84 126
165 126
25 126
25 22
25 60
186 60
16 34
16 45
44 45
25 27
202 27
54 84
54 51
55 51
196 265
196 249
249 247
248 247
60 3
157 3
157 181
181 180
36
32 4
254 32
32 228
32 257
4 118
118 33
57 4
57 127
165 127
24 57
24 22
6 32
54 6
54 265
54 292
6 8
85 8
60 127
186 60
4 13
16 13
16 40
44 40
6 21
21 51
55 51
24 27
202 27
8 58
62 58
62 247
248 247
24 109
157 109
157 181
181 180
