3
24
178 4
178 176
32 4
122 32
178 128
155 128
167 128
23 128
23 22
11 128
11 194
305 178
305 269
155 3
3 58
109 128
219 109
178 74
54 74
54 300
4 13
15 13
267 15
267 307
33
8 58
85 8
85 300
85 126
167 126
25 126
23 25
25 22
24 25
24 219
167 127
159 127
194 159
14 127
14 176
14 223
269 223
24 109
157 109
157 155
269 34
117 34
117 33
122 33
16 34
16 40
41 40
41 267
267 65
65 63
15 63
293 15
307 293
38
23 1
103 1
103 300
23 79
219 79
24 23
24 22
25 1
25 60
60 58
25 11
167 11
23 69
152 69
152 176
296 152
296 269
32 69
32 28
31 28
31 122
139 69
139 159
194 159
60 3
157 3
288 157
288 155
152 44
44 45
42 45
193 42
241 193
241 64
64 63
15 63
293 15
307 293
