3
18
55 51
54 51
54 83
54 74
197 74
24 74
24 208
197 225
225 39
24 109
245 109
246 109
178 74
14 178
14 268
14 13
15 13
267 15
22
269 223
269 268
223 76
76 197
223 11
39 11
26 197
208 26
109 11
246 109
108 109
108 245
85 76
85 82
83 82
53 85
53 55
296 223
296 294
295 294
295 41
41 267
30
23 79
208 23
130 79
197 130
130 38
39 38
108 79
108 245
23 1
53 1
53 55
76 130
76 84
84 82
83 82
109 79
246 109
76 257
34 257
269 34
269 268
16 34
16 40
41 40
41 50
50 280
281 280
281 266
266 65
267 65
