3
65
4 13
4 86
252 4
152 4
255 4
14 13
152 277
152 46
152 75
152 294
305 152
4 70
14 268
251 4
4 118
108 75
218 108
217 108
108 109
215 108
216 108
57 4
68 57
57 137
145 57
57 140
68 67
200 145
287 145
108 25
25 239
114 25
2 25
25 201
25 126
10 2
174 126
126 129
172 126
5 25
5 12
5 96
92 5
5 51
52 51
157 109
288 157
196 75
261 196
196 283
196 289
196 299
196 309
25 60
185 60
187 60
5 18
111 18
15 13
15 63
64 63
241 64
295 294
295 41
41 50
82
62 3
309 62
72 3
185 72
72 187
3 0
2 0
10 0
72 128
152 128
126 128
174 128
172 128
128 129
109 128
14 152
215 109
217 109
14 277
216 109
152 69
68 69
69 137
140 69
69 67
145 137
296 152
296 46
296 294
305 296
1 0
96 1
92 1
1 12
32 69
32 255
252 32
32 70
251 32
32 118
10 54
54 289
54 283
261 54
54 299
54 51
109 79
218 79
54 74
75 74
146 69
146 287
200 287
155 3
288 155
16 152
16 13
296 269
269 268
24 109
114 24
24 201
23 128
23 239
53 1
52 53
4 0
4 86
18 1
111 18
46 45
42 45
193 42
241 193
241 64
41 42
41 267
267 65
266 65
281 266
281 280
50 280
95
16 13
16 34
252 34
255 34
34 70
251 34
34 118
177 34
14 177
177 277
152 177
269 34
305 269
14 127
174 127
127 129
172 127
11 127
109 11
11 126
269 268
109 78
215 78
217 78
216 78
218 78
85 126
85 283
85 289
85 299
26 78
26 201
200 26
53 85
53 51
26 18
92 18
26 88
68 88
26 113
114 113
52 53
53 21
96 21
2 21
200 153
287 153
145 153
147 34
147 137
140 137
6 18
10 6
85 76
76 75
72 127
185 72
72 187
16 45
46 45
296 177
296 294
23 78
23 239
1 21
1 12
11 69
69 67
111 18
128 127
155 128
288 155
60 127
60 58
62 58
310 62
310 309
60 3
156 3
156 260
261 260
147 4
4 86
16 40
42 40
193 42
241 193
241 64
41 40
41 267
267 65
266 65
266 49
49 48
50 48
