3
22
2 25
25 239
25 22
2 196
196 283
196 289
196 249
249 247
196 75
75 73
2 0
4 0
117 4
117 34
34 47
4 13
15 13
15 63
64 63
267 15
41 267
41 50
24
54 6
54 289
54 283
6 32
32 117
54 248
248 247
54 74
74 73
24 74
24 22
24 23
23 239
116 32
116 34
34 47
16 34
16 40
41 40
41 50
42 40
193 42
241 193
241 64
28
16 152
152 75
76 75
76 73
85 76
85 289
85 283
152 128
23 128
23 22
23 239
85 8
8 58
62 58
62 247
152 4
4 118
118 33
117 33
34 118
34 47
16 45
42 45
41 42
41 50
193 42
241 193
241 64
