3
25
216 109
24 109
24 57
24 99
151 57
109 11
172 11
164 11
39 11
226 39
99 21
6 21
93 21
98 21
54 6
261 54
54 196
196 249
57 4
250 4
4 13
196 75
272 75
152 4
311 152
32
14 13
14 57
14 127
164 127
172 127
57 137
151 137
25 127
25 99
147 137
250 147
25 1
93 1
98 1
2 25
2 196
261 196
108 25
216 108
32 147
6 32
108 75
272 75
196 309
309 62
62 249
14 177
296 177
311 296
225 75
225 39
226 39
36
6 0
5 0
93 5
5 98
5 23
23 99
23 69
151 69
57 69
23 78
216 78
23 128
172 128
164 128
1 0
53 1
53 196
152 69
16 152
16 13
16 34
250 34
296 152
311 296
3 0
62 3
62 247
249 247
156 3
156 260
261 260
152 75
272 75
128 38
39 38
226 39
