3
42
116 33
116 34
34 47
116 32
32 227
32 69
150 69
151 69
32 197
26 197
197 230
26 25
26 191
25 21
25 128
96 21
25 273
172 128
169 128
76 197
234 76
128 38
133 38
69 137
145 137
85 76
85 301
85 300
85 8
16 34
16 45
26 78
218 78
16 13
15 13
267 15
267 65
266 65
281 266
25 60
189 60
262 189
54
34 47
228 34
228 227
34 28
33 28
177 34
177 74
234 74
152 177
152 69
152 128
24 74
24 145
24 25
24 26
24 191
54 74
54 301
54 300
25 1
96 1
1 21
23 69
23 273
57 69
150 57
151 57
11 69
169 11
172 11
39 11
133 39
152 44
44 45
24 19
19 8
108 25
218 108
197 74
197 230
72 128
72 189
262 189
44 40
41 40
41 50
50 280
281 280
41 267
267 307
307 293
293 15
15 63
65 63
59
5 25
5 21
5 96
25 191
5 0
8 0
5 23
23 128
26 23
23 273
23 79
218 79
200 26
200 145
25 127
169 127
172 127
84 8
301 84
300 84
200 153
153 69
4 0
4 118
118 33
200 138
138 137
150 137
151 137
152 4
152 46
46 45
152 75
234 75
3 0
154 3
133 154
250 4
250 228
228 227
34 118
34 47
25 27
197 27
197 230
42 45
193 42
241 193
241 64
64 63
15 63
65 63
41 42
41 50
50 280
281 280
72 127
72 189
262 189
