3
20
94 19
24 19
24 192
24 109
109 11
217 109
165 11
39 11
133 39
134 39
24 74
76 74
178 74
76 257
178 4
4 118
34 257
270 34
54 74
54 248
25
23 192
23 128
165 128
11 128
178 128
128 38
133 38
134 38
223 11
223 76
23 1
94 1
23 78
217 78
23 69
32 69
32 257
32 118
32 308
308 270
72 128
72 3
62 3
62 247
248 247
31
76 75
108 75
217 108
108 25
25 11
25 192
25 126
165 126
25 21
94 21
152 75
152 297
178 297
152 4
257 4
152 177
177 34
34 118
126 38
134 38
25 60
60 3
154 3
133 154
32 4
32 308
308 270
196 75
196 249
249 247
248 247
