3
21
6 32
122 32
54 6
54 53
32 69
153 69
54 74
74 87
11 69
172 11
11 123
89 11
23 69
23 239
39 11
226 39
134 39
152 69
152 297
23 27
202 27
25
134 38
128 38
172 128
128 123
89 128
178 128
178 297
25 128
25 239
25 21
6 21
53 21
25 27
200 27
200 153
202 27
130 38
76 130
76 87
39 38
226 39
178 4
116 4
116 30
122 30
29
6 0
1 0
53 1
25 1
25 89
25 239
25 126
172 126
126 123
25 127
14 127
14 297
126 38
134 38
53 196
196 75
75 87
24 25
24 145
145 153
4 0
120 4
120 29
122 29
24 27
202 27
38 37
39 37
226 39
