3
27
15 13
293 15
14 13
14 278
14 177
14 277
14 57
57 140
14 127
127 123
168 127
57 69
23 69
23 99
23 239
145 57
200 145
4 13
4 0
121 4
32 69
32 308
2 0
2 196
196 249
196 299
196 231
35
11 0
11 123
11 69
140 69
25 11
23 25
25 99
25 239
152 69
152 278
152 177
152 277
153 69
200 153
177 34
121 34
270 34
308 270
125 11
263 125
263 168
3 0
62 3
62 249
10 0
10 54
54 231
54 299
152 294
295 294
295 41
41 267
267 15
267 307
307 293
42
147 34
278 147
177 278
177 277
147 137
140 137
32 147
32 121
138 137
200 138
6 32
6 0
24 138
24 99
24 23
23 128
128 123
54 6
54 231
54 85
85 299
85 76
76 168
54 248
248 247
249 247
24 25
25 239
270 34
308 270
16 34
16 45
42 45
193 42
241 193
241 64
64 63
15 63
65 63
267 65
267 307
307 293
