3
31
24 23
23 192
23 88
23 69
153 69
24 19
274 19
32 69
32 255
32 121
6 32
24 74
234 74
54 6
54 196
54 298
54 248
54 51
55 51
152 69
152 176
23 128
155 128
288 155
128 38
136 38
155 3
59 3
61 3
72 128
72 190
36
23 1
25 1
24 25
25 88
25 192
24 138
138 153
1 0
6 0
53 1
53 55
53 196
298 196
196 75
234 75
4 0
121 4
255 4
178 4
178 176
25 60
190 60
60 58
61 58
59 58
19 1
274 19
24 109
157 109
288 157
196 249
249 247
248 247
25 11
39 11
136 39
39
2 196
2 8
6 8
2 25
23 25
85 8
298 85
25 191
24 191
24 88
24 192
85 76
234 76
24 145
145 153
8 58
59 58
61 59
76 257
34 257
255 34
121 34
177 34
177 176
53 85
53 55
3 58
157 3
288 157
60 3
190 60
62 58
62 247
248 247
76 224
224 39
136 39
19 8
274 19
