3
29
198 23
212 23
23 79
23 128
128 123
128 38
132 38
72 128
72 189
152 128
311 152
72 3
156 3
61 3
3 0
9 0
126 128
85 126
85 82
85 243
16 152
16 34
270 34
16 13
15 13
267 15
41 267
41 50
50 48
41
6 8
8 9
54 6
54 243
84 8
84 82
8 58
61 58
84 126
126 123
60 58
189 60
25 126
212 25
198 25
108 25
108 79
126 38
132 38
261 54
261 260
156 260
6 32
32 308
308 270
54 74
177 74
296 177
311 296
296 46
46 45
42 45
193 42
241 193
241 64
64 63
65 63
267 65
266 65
266 49
49 48
48
11 69
11 123
109 11
109 79
24 109
198 24
24 212
25 11
25 60
189 60
2 25
2 196
196 243
60 3
59 3
61 59
54 196
54 83
83 82
2 8
8 9
152 69
296 152
311 296
261 196
261 260
156 260
32 69
32 308
308 270
39 11
39 38
132 38
152 44
44 40
42 40
193 42
241 193
241 64
64 63
15 63
293 15
307 293
267 307
267 65
266 65
266 49
49 48
