3
26
59 3
3 0
4 0
10 0
4 70
256 4
120 4
120 29
178 4
178 259
178 74
234 74
232 74
24 74
24 205
24 211
24 206
57 4
57 140
10 54
54 242
24 27
202 27
78 27
60 3
186 60
32
32 4
120 32
32 70
32 256
6 32
10 6
32 197
197 74
32 69
140 69
76 197
232 76
234 76
26 197
211 26
26 78
206 26
26 205
116 4
116 29
85 76
85 242
152 4
152 259
11 69
72 11
186 72
197 27
202 27
6 8
8 58
59 58
34
10 2
2 25
211 25
206 25
25 205
108 25
108 78
108 75
234 75
232 75
75 74
177 74
177 259
177 34
120 34
34 70
256 34
34 28
4 28
29 28
147 34
147 137
140 137
2 8
84 8
84 242
25 60
60 58
61 58
61 59
72 60
186 72
25 27
202 27
