3
21
178 4
57 4
57 139
24 57
68 57
24 99
24 221
178 128
128 123
125 128
305 178
305 269
152 4
152 294
152 75
272 75
295 294
295 41
41 50
50 280
281 280
24
125 11
11 123
25 11
25 99
25 221
24 25
11 69
139 69
68 69
223 11
223 178
269 223
296 223
296 294
108 25
108 75
272 75
14 223
14 13
15 13
267 15
267 65
266 65
281 266
29
42 45
46 45
296 46
296 269
296 177
178 177
296 294
177 74
24 74
24 203
139 203
24 26
26 99
24 88
68 88
124 26
124 125
124 123
25 203
25 221
75 74
272 75
193 42
241 193
241 64
64 63
65 63
266 65
281 266
