3
20
4 0
4 86
32 4
32 308
152 4
311 152
152 177
32 197
197 27
27 88
212 27
1 0
53 1
53 55
53 85
85 82
152 294
295 294
295 41
314 41
22
16 34
177 34
270 34
308 270
296 177
311 296
177 74
24 74
24 27
24 88
24 212
54 74
54 84
84 82
54 51
55 51
16 40
41 40
314 41
16 13
4 13
4 86
27
25 21
25 27
25 88
212 25
21 51
55 51
25 128
178 128
178 177
6 21
54 6
54 83
83 82
152 128
296 152
311 296
178 4
4 86
296 269
269 34
270 34
308 270
16 152
16 45
42 45
41 42
314 41
