3
20
4 0
147 4
8 0
84 8
152 4
312 152
11 0
109 11
72 11
72 187
1 0
53 1
53 55
18 1
111 18
152 294
295 294
295 41
41 50
50 280
25
5 51
55 51
54 51
54 84
5 23
23 128
109 128
5 25
25 60
187 60
152 128
296 152
312 296
152 278
278 147
5 18
111 18
14 152
14 13
15 13
15 63
65 63
266 65
281 266
281 280
27
55 51
21 51
6 21
6 32
32 147
25 21
108 25
108 109
25 126
84 126
25 127
60 127
187 60
18 21
111 18
147 34
269 34
296 269
312 296
16 34
16 40
41 40
41 267
267 65
266 65
281 266
281 280
