3
28
213 23
23 239
23 69
69 67
23 78
78 77
32 69
32 308
152 69
152 44
6 32
54 6
54 283
54 298
54 299
54 243
23 128
128 38
132 38
72 128
185 72
155 128
155 181
44 40
41 40
41 50
50 48
49 48
34
24 57
213 24
68 57
68 67
24 25
25 239
25 60
185 60
25 126
85 126
298 85
85 243
85 299
85 283
24 109
157 109
157 181
109 79
79 77
126 38
132 38
57 4
4 13
16 13
16 45
44 45
16 34
270 34
308 270
15 13
15 63
65 63
266 65
266 49
37
196 75
298 196
196 243
196 283
196 299
108 75
108 25
213 25
25 239
108 79
79 77
25 88
68 88
68 67
25 127
60 127
185 60
60 3
157 3
157 181
152 75
152 46
46 45
44 45
130 79
130 38
132 38
152 177
177 34
270 34
308 270
42 45
41 42
41 267
267 65
266 65
266 49
