3
20
8 58
84 8
84 242
302 84
8 0
5 0
5 23
23 110
208 23
23 69
142 69
152 69
296 152
5 25
108 25
291 108
16 152
16 40
43 40
41 40
24
24 110
24 208
24 19
5 19
24 57
57 142
24 74
177 74
296 177
54 74
54 242
54 302
296 294
295 294
295 41
24 25
25 60
60 58
24 219
108 219
291 108
41 42
42 40
43 40
29
1 0
5 1
3 0
3 58
25 1
25 110
208 25
53 1
53 85
85 242
302 85
11 0
223 11
296 223
11 69
69 137
142 137
4 0
4 13
15 13
267 15
41 267
109 11
108 109
291 108
152 4
152 44
44 40
43 40
