3
27
72 3
72 71
154 3
133 154
72 127
124 127
14 127
161 127
124 27
214 27
27 192
207 27
200 27
57 127
143 57
68 57
57 4
4 70
14 13
15 13
267 15
15 63
64 63
267 65
266 65
266 49
49 48
34
16 152
14 152
16 34
34 70
152 128
124 128
152 69
68 69
143 69
11 128
161 11
128 38
133 38
23 128
207 23
214 23
23 192
23 27
124 26
200 26
72 128
72 71
16 40
41 40
41 267
41 50
50 48
50 280
281 280
281 266
42 40
193 42
241 193
241 64
37
25 11
214 25
25 192
25 27
207 25
174 11
174 124
161 11
25 88
68 88
39 11
133 39
223 11
14 223
11 69
153 69
200 153
69 137
143 137
32 69
32 70
72 11
72 71
296 223
296 294
295 294
295 41
41 267
41 50
50 48
50 280
281 280
281 266
41 42
193 42
241 193
241 64
