3
43
6 32
32 119
54 6
54 248
54 243
32 69
151 69
150 69
6 18
103 18
152 69
296 152
6 0
9 0
152 128
155 128
3 0
154 3
128 127
168 127
152 294
295 294
109 128
217 109
245 109
128 38
131 38
295 41
41 42
54 74
236 74
238 74
23 69
212 23
41 267
267 307
307 293
41 50
50 280
281 280
72 128
72 189
262 189
50
4 0
119 4
32 4
1 0
103 1
57 4
150 57
151 57
8 0
8 9
25 1
212 25
85 8
85 243
108 25
108 245
217 108
85 76
76 168
236 76
76 238
223 76
296 223
4 13
15 13
293 15
8 58
3 58
155 3
296 46
46 45
42 45
11 0
39 11
39 131
133 39
133 154
62 58
62 247
248 247
25 60
189 60
262 189
42 40
41 40
295 41
15 63
65 63
266 65
281 266
58
2 196
196 243
2 21
103 21
196 75
236 75
238 75
225 75
222 225
168 222
197 225
32 197
305 222
305 296
26 197
212 26
26 78
217 78
225 39
39 131
32 147
147 137
150 137
151 137
147 34
119 34
109 78
157 109
157 155
108 75
108 245
2 8
8 9
196 249
249 247
248 247
16 34
16 40
42 40
39 38
133 38
133 154
41 40
295 41
157 3
60 3
189 60
262 189
193 42
241 193
241 64
64 63
65 63
266 65
281 266
267 65
267 15
293 15
