3
30
152 294
152 128
109 128
172 128
109 79
218 79
14 152
14 268
24 109
24 145
24 74
24 221
198 24
24 36
24 99
152 4
4 86
147 4
147 228
155 128
155 181
54 74
54 289
72 128
72 71
72 183
295 294
295 41
41 267
267 307
37
183 60
25 60
25 36
25 221
198 25
25 99
108 25
108 79
108 109
218 108
108 75
75 74
157 109
157 181
60 127
172 127
196 75
196 289
57 127
145 57
57 137
147 137
32 147
32 228
147 34
269 34
269 268
296 269
296 294
72 60
72 71
57 4
4 86
4 13
15 13
293 15
307 293
48
11 0
109 11
172 11
109 107
79 107
109 78
218 78
130 79
130 74
23 79
198 23
23 36
23 99
4 0
250 4
250 228
250 147
25 11
25 221
8 0
84 8
84 289
11 69
69 137
145 137
223 11
296 223
296 294
269 223
269 268
3 0
157 3
157 181
60 3
183 60
4 86
72 11
72 71
296 46
46 45
42 45
193 42
241 193
241 64
64 63
15 63
293 15
307 293
