3
19
6 18
18 91
6 32
32 308
308 270
27 18
27 192
78 27
27 88
25 27
206 27
25 273
25 126
222 126
25 60
187 60
185 60
54 6
54 299
21
168 222
168 127
25 127
25 192
25 88
206 25
23 25
23 273
23 78
25 21
91 21
72 127
185 72
72 187
76 168
76 84
299 84
76 257
34 257
270 34
308 270
24
2 25
2 196
196 299
26 25
26 88
26 192
26 78
206 26
2 21
91 21
196 75
225 75
222 225
26 23
23 273
25 11
72 11
185 72
72 187
75 74
177 74
177 34
270 34
308 270
