3
20
169 11
11 123
11 69
143 69
72 11
72 187
32 69
32 308
152 69
152 278
152 46
46 45
11 126
84 126
301 84
84 292
42 45
193 42
241 193
241 64
21
14 13
14 278
16 13
16 45
14 57
143 57
14 127
127 123
169 127
60 127
187 60
16 34
270 34
308 270
126 123
85 126
85 301
85 292
15 13
15 63
64 63
26
177 34
177 278
147 34
147 137
143 137
152 177
152 44
44 45
152 128
169 128
128 123
177 74
54 74
54 301
54 292
72 128
72 60
187 60
270 34
308 270
44 40
41 40
41 267
267 65
65 63
64 63
