3
21
72 11
185 72
11 69
149 69
72 3
59 3
153 69
200 153
109 11
219 109
39 11
39 37
157 3
157 181
229 181
11 126
84 126
84 82
32 69
116 32
116 29
22
60 3
185 60
61 3
61 59
25 60
25 27
200 27
24 25
24 219
24 57
149 57
25 126
85 126
85 82
126 38
38 37
57 4
121 4
121 29
155 3
155 181
229 181
26
54 6
54 83
83 82
6 8
8 58
59 58
6 18
26 18
200 26
26 78
219 78
60 58
185 60
200 138
138 137
149 137
6 32
32 28
29 28
130 78
130 38
38 37
128 38
155 128
155 181
229 181
