3
17
116 4
116 30
4 13
15 13
116 34
270 34
15 63
64 63
152 4
152 75
75 73
152 128
109 128
246 109
155 128
155 181
229 181
23
30 28
32 28
32 308
308 270
32 197
197 74
74 73
24 74
24 109
246 109
157 109
157 181
229 181
34 28
16 34
16 40
41 40
41 267
267 15
42 40
193 42
241 193
241 64
33
223 11
223 76
76 73
11 0
4 0
121 4
121 30
109 11
246 109
32 4
32 308
308 270
3 0
157 3
157 181
229 181
296 223
296 46
46 45
42 45
193 42
241 193
241 64
41 42
41 50
50 48
49 48
266 49
266 65
267 65
267 307
307 293
293 15
