3
22
9 0
4 0
116 4
152 4
152 44
296 152
152 259
152 278
3 0
154 3
147 4
279 147
152 128
124 128
23 128
209 23
23 199
1 0
18 1
112 18
53 1
52 53
28
6 18
6 32
116 32
5 18
5 23
32 147
278 147
27 18
199 27
209 27
124 27
177 278
296 177
177 259
152 177
6 8
8 9
112 18
279 147
5 51
52 51
296 46
46 45
44 45
124 126
126 38
133 38
133 154
30
26 18
26 23
209 26
124 26
26 199
23 69
152 69
152 294
296 294
14 152
14 278
14 259
16 152
16 40
44 40
16 34
116 34
18 21
21 51
52 51
112 18
2 21
2 8
8 9
147 34
279 147
11 69
39 11
133 39
133 154
