3
17
16 152
152 278
152 69
140 69
152 75
235 75
108 75
81 108
16 34
34 118
31 118
75 74
54 74
54 83
16 40
41 40
41 50
23
178 4
178 278
116 4
116 31
178 74
235 74
57 4
57 140
178 128
109 128
81 109
76 74
76 84
84 82
83 82
4 13
15 13
267 15
267 65
266 65
281 266
281 280
50 280
29
147 4
278 147
120 4
31 120
147 137
140 137
177 278
177 74
235 74
130 74
130 78
81 78
76 130
85 76
85 82
83 82
152 4
152 44
44 40
42 40
193 42
241 193
241 64
64 63
65 63
266 65
266 49
49 48
50 48
