3
22
2 313
2 196
298 196
2 25
207 25
261 196
261 260
54 196
54 83
25 11
223 11
161 11
296 223
311 296
39 11
136 39
125 11
125 240
25 113
115 113
72 11
72 71
27
156 3
156 260
72 3
72 71
72 127
161 127
14 127
14 223
14 152
311 152
152 4
115 4
72 128
128 38
136 38
23 128
207 23
223 76
85 76
298 85
85 82
83 82
125 127
125 240
3 0
2 0
2 313
30
26 25
207 26
25 126
84 126
298 84
25 128
178 128
223 178
25 127
161 127
84 82
83 82
152 128
311 152
126 38
136 38
178 4
250 4
115 250
125 126
125 240
25 60
60 3
156 3
156 260
72 60
72 71
25 21
2 21
2 313
