3
46
24 209
24 208
24 88
198 24
24 191
68 88
24 57
57 140
141 57
146 57
57 137
24 74
74 73
237 74
130 74
177 74
296 177
177 277
296 269
177 179
54 74
54 248
54 283
261 54
54 292
24 19
90 19
57 4
4 0
115 4
121 4
130 38
131 38
253 4
282 253
57 127
172 127
174 127
169 127
60 127
184 60
296 46
46 45
42 45
193 42
241 193
53
172 11
174 11
169 11
11 0
25 11
209 25
208 25
25 88
198 25
25 191
1 0
90 1
223 11
269 223
296 223
11 69
68 69
141 69
140 69
146 69
69 137
223 76
76 130
76 73
76 237
14 223
14 277
14 179
14 177
85 76
85 283
85 292
196 283
261 196
25 113
115 113
39 11
39 131
269 34
121 34
25 60
184 60
196 249
249 247
248 247
253 34
282 253
14 13
15 13
15 63
64 63
241 64
241 193
64
2 0
2 196
196 292
2 21
90 21
196 75
75 73
75 237
152 75
152 179
296 152
152 177
152 277
152 128
172 128
174 128
169 128
23 128
209 23
208 23
23 88
23 191
198 23
305 152
305 269
84 292
84 283
225 75
225 130
152 69
151 69
151 137
141 137
140 137
146 137
32 69
32 121
69 67
68 67
152 4
250 4
115 250
225 39
39 131
3 0
156 3
156 260
261 260
62 3
62 247
248 247
32 253
282 253
60 3
184 60
152 294
295 294
295 41
41 267
267 65
65 63
64 63
241 64
241 193
