3
31
24 284
24 203
24 210
89 203
24 57
57 142
14 57
68 57
14 277
57 56
14 152
152 294
14 223
223 276
152 75
196 75
89 128
155 128
155 3
155 181
156 3
108 75
291 108
218 108
196 309
310 309
24 27
197 27
57 137
147 137
279 147
37
57 69
142 69
68 69
57 127
89 127
14 127
57 56
60 127
60 3
14 178
178 276
178 277
157 3
157 155
157 181
25 127
284 25
25 203
210 25
2 25
2 196
62 3
310 62
32 69
32 197
108 25
291 108
108 78
218 78
32 147
279 147
261 196
261 260
156 260
152 69
296 152
296 294
48
62 249
196 249
310 62
62 58
3 58
54 196
54 74
197 74
177 74
177 277
14 177
26 197
26 210
26 203
26 88
89 88
68 88
178 74
178 275
276 275
139 203
139 137
142 137
130 74
130 79
218 79
26 25
284 25
109 79
157 109
288 157
288 155
157 181
108 79
291 108
261 54
261 260
156 260
57 139
57 56
177 34
16 34
16 40
41 40
295 41
295 294
147 34
279 147
