3
19
57 127
165 127
127 129
127 123
168 127
304 168
24 57
24 19
57 4
4 182
4 13
15 13
15 63
64 63
241 64
267 15
41 267
41 50
50 48
24
5 19
5 23
23 128
165 128
128 129
128 123
126 128
222 126
304 222
152 128
16 152
16 34
34 182
16 40
42 40
193 42
241 193
41 40
41 50
50 280
281 280
281 266
266 49
49 48
26
4 0
11 0
165 11
11 129
11 123
1 0
19 1
4 118
34 118
34 182
152 4
305 152
305 222
304 222
152 46
46 45
42 45
193 42
241 193
41 42
41 50
50 280
281 280
281 266
266 49
49 48
