3
25
90 1
96 1
18 1
111 18
53 1
53 196
196 289
196 75
234 75
23 1
23 273
24 23
23 128
72 128
186 72
128 127
159 127
14 127
128 38
134 38
14 278
278 147
250 147
32 147
32 119
26
96 21
90 21
25 21
25 273
24 25
25 60
186 60
72 60
24 57
14 57
24 74
234 74
57 4
147 4
250 4
119 4
54 74
54 289
54 196
57 139
139 159
18 21
111 18
25 11
39 11
134 39
32
11 0
72 11
2 0
2 196
223 11
14 223
5 0
5 96
11 194
194 159
5 18
90 18
223 76
234 76
109 11
24 109
85 76
85 289
269 223
269 34
119 34
147 34
250 34
2 25
25 273
76 224
224 39
134 39
3 0
60 3
186 60
111 18
