3
19
27 18
202 27
24 27
24 138
24 74
235 74
178 74
178 259
178 4
116 4
32 4
32 227
130 74
130 38
131 38
4 13
15 13
15 63
66 63
24
202 27
200 27
200 138
200 26
26 18
197 27
32 197
116 32
32 228
228 227
197 225
225 39
39 131
225 75
235 75
152 75
152 259
152 294
295 294
295 41
41 267
267 65
65 63
66 63
28
14 13
14 259
14 57
138 57
16 13
16 34
116 34
228 34
228 227
14 127
25 127
5 25
5 18
11 127
39 11
39 131
108 25
108 75
235 75
25 27
202 27
16 40
42 40
193 42
241 193
241 64
64 63
66 63
