3
22
156 3
157 3
157 181
157 109
219 109
109 128
220 128
152 128
152 259
152 179
152 4
250 4
4 118
32 4
32 197
152 69
144 69
126 128
222 126
303 222
85 126
302 85
25
34 118
250 34
177 34
177 259
177 179
177 74
197 74
54 74
54 302
24 74
24 219
24 57
144 57
261 54
261 260
156 260
76 74
76 168
306 168
303 306
178 177
178 128
220 128
155 128
155 181
30
2 196
302 196
2 25
108 25
108 219
25 27
197 27
25 127
14 127
14 259
14 179
57 127
57 137
144 137
147 137
250 147
32 147
32 118
168 127
306 168
303 306
25 128
220 128
261 196
261 260
156 260
2 0
3 0
155 3
155 181
