3
20
4 0
9 0
32 4
122 32
1 0
102 1
104 1
32 308
308 270
3 0
155 3
62 3
62 249
4 13
15 13
15 63
293 15
152 4
152 75
232 75
27
2 8
8 9
2 21
102 21
104 21
2 196
196 249
85 8
85 76
232 76
2 25
25 128
155 128
76 257
34 257
270 34
34 28
33 28
122 33
16 34
16 40
41 40
41 267
267 307
307 293
267 65
65 63
37
157 3
157 155
3 58
8 58
19 8
102 19
104 19
8 9
24 19
24 74
232 74
62 58
62 247
249 247
177 74
177 34
270 34
116 34
116 31
31 122
152 177
152 44
44 40
42 40
193 42
241 193
241 64
64 63
41 42
41 50
50 48
49 48
266 49
266 65
267 65
267 307
307 293
