3
27
5 0
5 97
93 5
11 0
11 160
4 0
4 182
39 11
39 38
152 4
152 44
152 75
312 152
75 73
109 11
215 109
157 109
157 181
181 180
44 45
42 45
193 42
241 193
41 42
41 50
50 280
281 280
32
16 40
44 40
16 34
34 182
16 152
296 152
312 296
152 128
128 38
23 128
23 97
128 127
160 127
23 1
93 1
23 78
215 78
108 78
108 75
75 74
74 73
155 128
155 181
181 180
41 40
41 267
267 65
266 65
281 266
65 63
64 63
241 64
37
14 13
14 223
223 76
76 75
76 73
76 130
130 38
130 79
215 79
296 223
312 296
14 127
160 127
25 127
25 21
97 21
93 21
14 177
177 34
34 182
15 13
15 63
64 63
241 64
65 63
266 65
281 266
296 294
295 294
295 41
41 40
44 40
60 127
60 3
155 3
155 181
181 180
