3
17
3 0
61 3
156 3
11 0
39 11
136 39
109 11
245 109
157 3
157 181
229 181
4 0
4 13
15 13
267 15
267 65
266 65
24
16 152
152 75
108 75
108 245
152 128
128 38
136 38
196 75
261 196
261 260
156 260
108 25
25 60
60 58
61 58
155 128
155 181
229 181
16 40
41 40
41 50
50 48
49 48
266 49
27
59 3
61 59
154 3
133 154
133 38
136 38
130 38
130 79
108 79
108 245
155 3
155 181
229 181
130 74
54 74
261 54
261 260
156 260
177 74
152 177
152 294
295 294
295 41
41 50
50 280
281 280
281 266
