3
180
1 0
10 0
3 0
7 0
18 1
23 1
104 1
60 3
103 1
18 91
23 191
187 60
156 3
23 273
4 0
156 260
23 239
121 4
117 4
57 4
119 4
254 4
116 4
151 57
149 57
14 57
145 57
250 4
251 4
14 277
14 278
200 145
178 4
14 268
188 60
178 276
143 57
269 268
250 228
120 4
257 4
4 86
286 145
14 176
296 269
6 0
115 4
228 227
23 203
311 296
144 57
23 88
261 260
57 137
101 1
14 259
23 22
154 3
31 121
57 140
9 0
2 0
1 21
61 3
150 57
27 18
133 154
23 113
133 38
214 23
136 38
134 38
126 38
130 38
126 129
125 126
222 126
225 130
165 126
172 126
304 222
222 224
168 222
171 126
2 313
95 1
23 78
162 126
78 107
215 78
108 78
217 78
291 108
211 23
306 168
53 1
59 3
52 53
121 30
4 70
23 99
26 18
10 54
57 142
271 250
190 60
178 74
68 57
54 285
54 292
54 243
238 74
54 302
236 74
54 242
68 67
54 299
54 195
20 1
60 127
74 87
159 127
163 127
233 74
57 56
54 265
194 159
25 1
98 1
147 4
3 58
102 1
100 1
1 17
19 1
274 19
253 4
282 253
85 126
85 82
23 128
220 128
121 34
34 47
62 3
309 62
62 247
310 62
62 249
16 34
16 40
43 40
42 40
41 40
314 41
41 267
267 15
15 63
225 75
272 75
41 50
50 280
281 280
50 48
49 48
133 39
226 39
32 4
32 308
72 3
72 71
81 78
81 80
189 60
262 189
8 0
244 8
157 3
157 181
229 181
193
44 40
152 44
311 152
152 176
152 4
14 152
178 176
152 278
296 152
152 277
152 259
14 127
278 147
127 129
165 127
172 127
57 127
250 147
168 127
147 137
304 168
151 137
145 137
149 137
125 127
171 127
140 137
150 137
25 127
115 250
25 203
25 99
25 191
23 25
25 273
25 239
25 60
25 88
108 25
25 22
25 126
108 107
217 108
144 137
25 21
214 25
18 21
21 17
91 21
103 21
6 21
100 21
10 6
101 25
10 7
25 27
25 113
200 27
54 6
211 25
261 54
215 108
78 27
286 200
130 78
2 25
95 21
104 21
53 21
20 21
162 127
60 58
68 88
59 58
98 21
61 58
54 74
143 137
142 137
102 21
147 228
26 25
228 257
271 228
11 127
11 194
11 0
11 163
14 223
223 276
269 223
54 196
196 249
196 285
302 196
196 299
196 243
196 292
196 309
196 195
196 265
310 309
249 247
32 147
32 119
32 121
32 227
254 32
116 32
32 117
119 30
120 32
32 70
251 32
31 119
6 8
8 9
44 45
42 45
41 42
39 11
134 39
136 39
225 39
224 39
222 225
39 38
72 127
72 190
72 188
72 187
84 126
84 82
84 242
152 75
238 75
75 87
233 75
236 75
272 75
43 40
314 41
5 25
5 1
4 13
15 13
21 51
52 51
261 260
57 56
269 268
2 313
57 139
139 159
226 39
156 260
291 108
244 8
303 222
303 306
4 86
72 71
133 39
152 69
69 67
133 154
32 253
282 253
19 21
274 19
147 34
34 47
270 34
308 270
293 15
307 293
267 307
267 65
65 63
266 65
281 266
266 49
281 280
152 128
155 128
155 3
220 128
155 181
229 181
81 108
81 80
72 189
262 189
211
72 71
72 60
72 11
11 129
125 11
11 126
172 11
25 11
162 11
171 11
165 11
72 187
11 69
151 69
143 69
57 69
149 69
69 137
140 69
23 69
68 69
150 69
23 27
144 69
203 27
27 191
27 88
27 22
142 69
214 27
27 113
211 27
26 23
99 27
200 26
115 113
26 78
99 21
101 21
2 21
101 18
10 2
6 18
104 18
103 18
101 20
95 18
102 18
100 18
18 17
91 21
109 11
215 109
109 107
108 109
217 109
72 128
128 38
128 127
178 128
178 277
14 178
178 278
178 259
25 273
178 179
179 176
305 178
305 269
305 296
305 222
11 194
269 34
120 34
34 257
119 34
254 34
250 34
251 34
120 30
34 70
117 34
31 120
228 34
116 34
76 257
76 238
76 168
76 225
76 224
233 76
76 130
76 87
236 76
76 74
85 76
302 85
85 285
85 242
85 299
85 243
85 292
85 195
53 85
85 265
54 85
304 168
34 28
4 28
54 248
248 247
25 239
69 67
54 83
83 82
153 69
286 153
145 153
2 8
8 58
271 228
92 21
92 1
72 188
11 163
5 23
5 0
5 98
120 29
121 29
61 58
61 59
8 9
10 7
249 247
72 190
147 34
178 275
276 275
2 196
261 196
196 309
310 309
53 51
52 51
296 294
295 294
295 41
14 13
15 13
139 69
139 159
152 179
311 152
32 69
32 227
2 313
57 56
220 128
157 109
157 155
155 3
269 268
303 222
303 306
270 34
308 270
261 260
244 8
4 86
156 260
38 37
39 37
134 39
136 39
133 39
291 108
133 154
34 47
226 39
314 41
108 75
272 75
253 34
282 253
101 19
274 19
81 109
81 80
293 15
307 293
267 307
267 65
65 63
266 65
281 266
266 49
64 63
241 64
241 193
193 42
281 280
72 189
262 189
296 46
46 45
44 45
44 40
43 40
155 181
229 181
