3
14
152 69
152 75
152 46
32 69
122 32
11 69
169 11
11 194
23 69
26 23
198 23
46 45
42 45
193 42
22
14 13
14 127
169 127
124 127
124 26
198 26
159 127
194 159
14 177
177 74
75 74
296 177
296 46
4 13
121 4
121 29
122 29
15 13
15 63
64 63
241 64
241 193
26
16 152
152 128
169 128
25 128
26 25
198 25
108 25
108 75
296 152
296 46
16 34
34 118
118 33
122 33
25 203
139 203
139 159
194 159
16 40
41 40
41 267
267 65
65 63
64 63
241 64
241 193
