3
28
166 11
11 163
25 11
25 113
25 99
11 126
85 126
84 126
85 292
85 76
76 238
109 11
217 109
39 11
39 131
11 69
32 69
54 85
54 248
248 247
152 69
152 294
295 294
295 41
41 50
41 42
193 42
241 193
32
166 128
128 127
163 127
23 128
23 99
23 113
128 38
131 38
23 78
217 78
152 128
152 75
238 75
152 4
32 4
196 75
196 292
84 292
196 249
249 247
53 196
53 85
4 13
15 13
15 63
64 63
241 64
65 63
266 65
266 49
49 48
50 48
37
76 84
76 74
238 74
76 257
32 257
84 8
85 8
24 74
24 113
24 99
54 84
54 292
76 130
130 79
217 79
8 58
62 58
62 247
130 38
131 38
126 38
166 126
166 127
163 127
34 257
16 34
16 40
41 40
41 267
267 65
266 65
281 266
281 280
50 280
65 63
64 63
241 64
