3
172
7 0
3 0
6 0
11 0
61 3
6 18
11 69
11 123
109 11
111 18
106 18
140 69
69 67
150 69
146 69
165 11
151 69
109 107
219 109
149 69
152 69
6 32
171 11
312 152
152 177
152 176
14 152
258 32
252 32
32 147
152 75
178 177
32 119
238 75
178 275
26 18
92 18
234 75
152 259
214 26
141 69
26 203
146 287
26 113
198 26
119 33
245 109
26 191
26 199
287 145
26 192
177 34
209 26
26 201
213 26
212 26
286 145
75 87
269 34
32 255
31 119
26 210
305 152
232 75
32 227
279 147
11 128
100 18
152 297
32 117
207 26
11 194
90 18
34 182
225 75
194 159
178 276
103 18
108 109
246 109
103 300
291 108
300 84
5 0
84 289
84 285
84 243
5 97
5 12
84 242
301 84
59 3
62 3
106 19
62 249
274 19
196 75
152 44
196 231
261 196
44 40
152 294
254 32
217 109
261 260
170 11
310 62
109 79
105 18
233 75
119 29
152 179
208 26
295 294
43 40
79 77
125 11
26 204
263 125
125 240
263 168
3 58
18 17
32 70
8 0
9 0
155 3
157 3
288 155
72 3
172 11
72 190
72 189
186 72
81 109
72 183
81 80
32 253
282 253
155 181
229 181
181 180
41 40
41 267
41 50
314 41
267 15
267 307
50 280
15 63
267 65
66 63
266 65
50 48
266 49
293 15
42 40
193 42
241 193
305 222
303 222
128 38
132 38
38 37
135 38
136 38
57 69
57 56
54 6
54 248
32 228
271 228
196
100 1
90 1
18 1
106 1
1 12
1 0
92 1
103 1
19 1
5 1
1 17
105 1
19 8
8 9
6 8
84 8
8 58
59 58
61 58
62 58
4 0
255 4
254 4
4 182
252 4
147 4
178 4
152 4
119 4
178 259
178 176
14 178
305 178
32 4
178 297
305 269
178 128
32 69
171 128
128 123
109 128
165 128
4 70
117 4
177 259
31 117
258 4
178 179
117 29
125 128
255 34
170 128
155 128
157 109
172 128
288 157
117 33
72 128
72 11
76 84
76 87
76 238
232 76
234 76
76 225
233 76
76 75
76 168
108 75
108 245
108 107
108 219
81 108
108 79
217 108
223 178
223 276
223 275
23 1
23 203
23 113
209 23
213 23
23 97
23 191
198 23
23 192
26 23
208 23
23 199
23 204
207 23
210 23
212 23
214 23
54 84
261 54
54 289
54 301
54 300
54 231
54 243
54 196
54 285
54 242
196 249
60 58
189 60
60 3
190 60
186 60
183 60
24 19
24 145
24 201
296 152
312 296
296 294
16 152
16 40
274 19
309 62
310 309
111 18
57 4
149 57
150 57
57 140
141 57
146 57
151 57
62 247
248 247
125 240
153 69
287 153
286 153
14 127
159 127
156 3
156 260
39 11
39 37
135 39
136 39
222 225
263 222
43 40
250 4
271 250
109 78
78 77
279 147
68 69
68 67
10 0
10 7
81 80
16 45
44 45
246 109
57 56
306 168
303 306
4 13
15 13
194 159
293 15
307 293
291 108
147 228
228 227
157 181
229 181
181 180
253 4
282 253
42 45
41 42
295 41
193 42
314 41
241 193
241 64
64 63
65 63
66 63
266 65
267 65
266 49
49 48
281 266
281 280
50 48
39 38
132 38
207
14 13
14 177
14 297
14 259
14 176
14 179
14 223
269 223
223 11
305 223
177 74
238 74
232 74
234 74
75 74
178 74
74 87
233 74
25 11
25 199
25 203
25 113
209 25
212 25
25 192
213 25
25 191
198 25
26 25
25 128
108 25
152 128
170 25
25 204
5 25
207 25
92 5
5 18
106 5
103 5
210 25
208 25
5 19
25 201
19 100
90 19
5 17
105 5
214 25
11 127
165 127
171 127
127 123
172 127
125 127
168 127
72 127
2 25
2 8
2 196
2 0
196 289
196 285
196 243
196 300
196 301
85 8
85 242
223 275
276 275
24 74
24 219
24 109
219 79
79 107
81 79
217 79
197 74
197 225
32 197
139 203
139 159
139 69
32 28
31 28
29 28
34 28
33 28
254 34
258 34
252 34
119 34
34 70
117 34
147 34
139 137
149 137
150 137
140 137
146 137
141 137
145 137
151 137
255 34
25 21
97 21
6 21
15 13
200 26
286 200
200 287
157 109
157 155
8 9
288 157
11 126
84 126
108 245
54 74
54 231
261 54
25 60
190 60
189 60
183 60
186 60
60 58
61 58
61 59
225 39
136 39
39 37
135 39
10 2
10 7
196 309
310 309
309 62
168 222
263 222
250 34
271 250
4 28
4 182
62 247
249 247
248 247
228 34
228 227
296 177
296 294
312 296
133 39
133 154
154 3
25 1
1 12
26 78
78 77
16 13
16 40
14 57
68 57
68 67
81 80
156 3
156 260
293 15
307 293
125 240
57 56
274 19
43 40
279 147
111 18
246 109
152 46
46 45
44 45
291 108
194 159
306 168
303 306
253 34
282 253
126 38
132 38
157 181
229 181
181 180
42 45
41 42
295 41
193 42
314 41
241 193
241 64
64 63
65 63
66 63
266 65
267 65
266 49
49 48
281 266
281 280
50 48
