3
33
75 74
74 87
232 74
54 74
54 302
54 51
178 74
178 275
178 128
14 178
25 128
14 13
25 221
209 25
101 25
26 25
101 18
95 18
14 57
57 56
143 57
178 4
250 4
117 4
119 4
57 69
69 67
250 34
34 47
109 128
157 109
253 4
282 253
39
4 13
152 4
152 75
152 128
14 152
75 87
232 75
32 4
32 119
32 117
23 128
26 23
23 25
26 18
209 23
5 23
5 51
5 95
101 5
196 75
302 196
115 4
115 250
155 128
157 155
152 69
143 69
14 223
223 275
68 69
68 67
24 23
24 221
119 34
34 47
57 4
57 56
32 253
282 253
43
95 21
21 51
18 21
25 21
101 21
99 21
26 99
209 26
25 127
14 127
128 127
108 25
108 75
76 75
76 87
232 76
85 76
302 85
57 127
57 137
143 137
147 137
250 147
147 34
117 34
16 34
16 13
117 29
119 29
68 57
68 67
24 25
24 221
223 76
223 276
276 275
25 60
60 3
157 3
34 47
57 56
253 34
282 253
