3
19
10 0
11 0
125 11
11 194
25 11
25 273
11 69
150 69
108 25
218 108
108 75
272 75
234 75
32 69
32 308
308 270
11 127
14 127
14 268
21
150 57
57 127
125 127
159 127
194 159
24 57
24 74
234 74
24 23
23 273
54 74
10 54
23 78
218 78
75 74
272 75
177 74
177 34
270 34
269 34
269 268
25
10 2
2 25
25 126
125 126
23 25
23 273
23 79
218 79
23 69
69 137
150 137
84 126
76 84
234 76
139 69
139 159
194 159
223 76
269 223
269 268
147 137
147 34
270 34
76 75
272 75
