3
29
32 69
140 69
69 67
23 69
198 23
23 192
152 69
152 176
152 259
23 78
215 78
178 176
178 276
23 1
101 1
1 17
32 147
279 147
32 197
197 230
1 0
3 0
156 3
152 294
295 294
295 41
6 32
54 6
54 264
32
14 13
14 176
14 259
14 57
57 140
14 223
223 276
24 57
198 24
24 192
24 219
215 219
24 19
19 17
101 19
68 57
68 67
223 76
85 76
85 264
16 13
16 40
41 40
76 197
197 230
54 85
261 54
261 260
156 260
4 13
147 4
279 147
37
198 26
26 192
26 18
101 18
18 17
24 26
24 109
215 109
24 138
138 137
140 137
24 74
177 74
177 176
177 259
54 74
54 84
84 264
178 74
178 275
276 275
26 88
68 88
68 67
147 137
279 147
26 197
197 230
152 177
152 44
44 45
42 45
41 42
54 196
261 196
261 260
156 260
