3
50
54 289
54 231
54 74
236 74
197 74
197 230
24 74
24 211
24 206
32 197
32 117
32 28
32 308
24 138
287 138
24 25
101 25
178 74
178 275
178 278
25 127
159 127
169 127
158 127
127 123
174 127
163 127
125 127
263 125
108 25
218 108
101 18
111 18
95 18
130 74
130 38
38 37
134 38
117 34
16 34
16 45
42 45
193 42
41 42
41 267
314 41
41 50
50 280
50 48
49 48
60
11 69
169 11
174 11
11 163
158 11
11 123
39 11
39 37
134 39
23 69
211 23
206 23
23 78
218 78
23 1
101 1
95 1
139 69
139 159
223 11
223 275
152 69
152 278
223 76
236 76
152 4
117 4
4 28
152 44
44 45
76 168
263 168
146 69
146 287
85 76
85 289
196 289
196 231
4 13
15 13
267 15
18 1
111 18
34 28
270 34
308 270
267 65
266 65
266 49
281 266
281 280
76 197
197 230
15 63
64 63
241 64
241 193
44 40
41 40
314 41
70
23 128
169 128
174 128
158 128
128 123
5 23
101 5
5 95
26 23
211 26
206 26
200 26
200 287
23 79
218 79
152 128
152 177
177 278
152 46
46 45
152 75
236 75
126 128
84 126
84 289
222 126
263 222
196 75
196 231
11 128
11 163
11 194
194 159
178 128
178 276
276 275
128 38
39 38
39 37
134 39
177 34
116 34
116 31
31 117
31 28
270 34
308 270
5 18
111 18
26 197
197 230
14 152
14 13
15 13
293 15
307 293
267 307
152 294
295 294
295 41
314 41
15 63
65 63
266 65
266 49
281 266
281 280
64 63
241 64
241 193
