3
46
1 0
106 1
18 1
25 1
20 1
214 25
24 25
209 25
25 127
24 219
160 127
168 127
215 219
14 127
14 278
14 13
15 13
4 0
4 182
3 0
3 58
267 15
267 307
253 4
282 253
156 3
156 260
157 3
288 157
62 3
310 62
24 57
57 140
219 78
78 77
14 223
269 223
108 25
108 75
272 75
196 75
196 285
196 299
41 267
41 42
193 42
60
34 182
269 34
177 34
14 177
177 278
177 74
24 74
24 214
24 209
54 74
54 285
54 299
24 19
106 19
19 1
19 20
106 18
24 109
215 109
219 109
261 54
261 260
109 11
11 160
11 0
11 127
25 11
109 79
79 77
11 69
140 69
76 74
76 168
19 8
8 58
109 128
155 128
288 155
75 74
272 75
253 34
282 253
54 196
196 309
310 309
16 34
16 40
41 40
41 50
50 48
49 48
266 49
266 65
65 63
15 63
293 15
307 293
64 63
241 64
241 193
67
23 1
214 23
23 25
24 23
209 23
5 1
5 0
106 5
5 18
106 20
23 78
215 78
23 79
219 79
23 128
128 127
79 77
152 128
14 152
152 278
305 152
305 269
25 60
60 58
305 222
168 222
23 69
69 137
140 137
11 128
11 160
53 1
53 85
85 299
85 285
278 147
147 34
34 182
53 196
261 196
261 260
60 3
155 3
288 155
62 58
309 62
310 309
152 75
272 75
32 69
32 253
282 253
152 294
295 294
295 41
41 50
50 280
281 280
281 266
266 65
65 63
15 63
293 15
307 293
64 63
241 64
241 193
