3
22
11 0
161 11
11 123
173 11
39 11
135 39
1 0
19 1
4 0
4 86
57 4
57 56
152 4
152 294
152 75
75 237
295 294
295 41
41 50
50 280
41 42
193 42
28
4 86
178 4
178 128
128 123
173 128
128 38
135 38
178 74
237 74
128 127
161 127
24 74
24 19
223 178
296 223
296 294
57 127
57 56
4 13
15 13
15 63
64 63
241 64
241 193
65 63
266 65
281 266
281 280
33
126 38
126 123
173 126
135 38
84 126
84 8
19 8
76 84
76 237
127 123
161 127
126 128
152 128
296 152
296 294
14 127
14 57
57 56
76 257
257 4
4 86
16 152
16 40
41 40
41 267
267 65
266 65
281 266
281 280
65 63
64 63
241 64
241 193
