3
17
108 75
218 108
75 74
54 74
54 248
197 74
197 230
152 75
152 128
220 128
152 69
153 69
152 46
46 45
42 45
193 42
241 193
21
2 25
26 25
200 26
200 153
26 78
218 78
25 128
220 128
26 197
197 230
2 196
196 249
249 247
248 247
2 0
4 0
4 13
15 13
15 63
64 63
241 64
26
157 3
157 109
109 79
218 79
24 109
24 145
145 153
62 3
62 247
248 247
109 128
220 128
130 79
197 130
197 230
109 11
223 11
296 223
296 294
295 294
295 41
41 267
267 65
65 63
64 63
241 64
