3
24
251 4
152 4
311 152
152 75
75 237
234 75
108 75
81 108
81 80
108 25
208 25
25 192
25 110
210 25
32 4
32 197
197 230
196 75
196 309
310 309
152 294
295 294
295 41
314 41
26
24 208
24 192
24 110
24 210
24 74
75 74
237 74
234 74
197 74
197 230
177 74
296 177
311 296
177 34
251 34
24 109
81 109
81 80
157 109
157 3
62 3
310 62
16 34
16 40
41 40
314 41
29
85 8
85 76
76 75
76 237
234 76
76 197
197 27
208 27
27 192
27 110
210 27
6 8
6 32
251 32
223 76
296 223
311 296
8 58
62 58
310 62
197 230
78 27
81 78
81 80
296 46
46 45
42 45
41 42
314 41
