3
28
4 86
178 4
178 277
178 259
178 128
165 128
172 128
25 128
25 192
109 128
217 109
72 128
72 190
26 25
26 18
116 4
116 31
155 128
155 181
181 180
152 4
152 44
44 45
25 1
53 1
52 53
19 1
274 19
29
14 13
14 259
14 277
16 13
16 45
14 127
25 127
165 127
172 127
60 127
190 60
5 25
5 18
108 25
217 108
5 51
52 51
25 27
27 192
4 13
4 118
31 118
4 86
5 19
274 19
60 3
157 3
157 181
181 180
30
18 21
25 21
25 11
165 11
172 11
23 25
23 192
23 78
217 78
25 60
190 60
11 69
152 69
152 259
152 277
152 46
46 45
32 69
32 28
31 28
21 51
52 51
32 4
4 86
19 21
274 19
109 11
157 109
157 181
181 180
