3
19
4 0
121 4
11 0
109 11
170 11
11 163
152 4
152 46
157 109
288 157
57 4
145 57
146 57
57 137
148 137
1 0
102 1
152 75
232 75
22
109 128
170 128
24 109
24 145
178 128
178 4
24 19
102 19
145 137
146 137
128 127
163 127
148 137
24 74
232 74
32 4
32 121
155 128
288 155
152 128
296 152
296 46
28
23 78
109 78
5 23
102 5
23 69
146 69
23 25
170 25
153 69
145 153
130 78
76 130
232 76
76 257
257 4
34 257
121 34
25 127
163 127
16 34
16 45
46 45
5 0
3 0
155 3
288 155
69 137
148 137
