3
24
19 8
8 9
24 19
24 113
24 110
24 74
238 74
236 74
76 74
76 224
24 57
57 139
223 76
269 223
24 109
81 109
157 109
288 157
296 223
296 294
295 294
295 41
41 50
50 48
29
9 0
1 0
19 1
23 1
23 113
23 110
23 69
139 69
23 78
81 78
3 0
155 3
288 155
152 69
152 75
236 75
238 75
305 152
305 269
305 222
222 224
4 0
4 13
15 13
267 15
267 65
266 65
266 49
49 48
34
5 0
5 19
9 0
5 25
25 113
25 110
25 203
139 203
108 25
81 108
11 0
39 11
224 39
108 75
76 75
76 238
236 76
76 257
34 257
269 34
25 128
155 128
288 155
16 34
16 45
42 45
193 42
241 193
241 64
64 63
65 63
266 65
266 49
49 48
