3
22
92 5
5 97
5 25
284 25
2 25
2 196
196 75
225 75
152 75
305 152
76 75
76 224
16 152
16 34
119 34
252 34
16 40
42 40
253 34
282 253
16 13
15 13
27
119 4
252 4
4 118
34 118
178 4
305 178
305 222
222 225
222 224
178 128
23 128
23 97
24 23
24 284
23 1
92 1
53 1
53 196
253 4
282 253
152 4
152 44
44 45
42 45
41 42
41 267
267 15
35
54 196
54 74
177 74
177 34
76 74
76 225
296 177
305 296
225 39
224 39
54 6
6 21
97 21
92 21
6 32
252 32
32 119
24 74
24 284
32 253
282 253
296 294
295 294
295 41
41 50
50 48
49 48
266 49
266 65
65 63
15 63
64 63
241 64
241 193
193 42
