3
21
117 4
57 4
143 57
147 4
279 147
57 127
166 127
24 57
198 24
24 27
27 18
103 18
103 300
54 300
54 265
4 13
15 13
267 15
267 65
266 65
266 49
22
18 1
23 1
198 23
23 69
143 69
23 128
166 128
32 69
32 117
53 1
53 196
196 265
196 300
32 147
279 147
152 69
152 294
295 294
295 41
41 50
50 48
49 48
22
5 18
5 25
198 25
25 11
166 11
25 126
85 126
85 265
85 300
11 69
69 137
143 137
147 137
147 34
117 34
279 147
16 34
16 40
41 40
41 50
50 48
49 48
