3
20
6 18
20 18
93 18
6 32
258 32
54 6
54 248
6 8
244 8
32 69
69 137
23 69
23 79
79 107
11 69
125 11
258 34
16 34
16 40
43 40
22
43 40
44 40
152 44
152 4
258 4
152 128
125 128
147 4
147 137
109 128
109 107
109 79
4 0
1 0
20 1
93 1
8 0
244 8
3 0
62 3
62 247
248 247
25
125 127
57 127
57 137
25 127
108 25
108 79
108 107
25 21
20 21
93 21
57 4
258 4
2 25
2 8
244 8
2 196
196 249
249 247
248 247
4 13
15 13
267 15
41 267
41 40
43 40
