3
28
5 18
20 18
5 12
5 96
90 18
5 51
5 0
4 0
27 18
99 27
124 27
124 158
174 124
116 4
116 34
57 4
57 140
152 4
152 294
152 75
236 75
196 75
196 309
295 294
295 41
41 50
50 280
281 280
33
72 128
124 128
158 128
174 128
178 128
178 4
23 128
5 23
23 99
23 1
20 1
90 1
1 12
96 1
23 69
140 69
178 177
177 34
178 74
236 74
296 177
296 294
5 21
21 51
72 3
62 3
309 62
4 13
15 13
15 63
65 63
266 65
281 266
38
251 4
251 34
257 4
76 257
236 76
147 4
147 137
140 137
85 76
53 85
53 51
85 126
124 126
158 126
174 126
53 1
5 1
53 21
96 21
20 21
90 21
99 21
1 12
269 34
296 269
296 294
85 8
8 58
62 58
310 62
310 309
16 34
16 40
41 40
41 267
267 65
266 65
281 266
