3
40
15 63
65 63
64 63
241 64
15 13
4 13
4 70
32 4
32 308
122 32
308 270
32 197
26 197
197 130
208 26
26 78
26 192
215 78
109 78
26 18
100 18
95 18
109 128
220 128
72 128
158 128
76 197
85 76
223 76
108 78
291 108
72 3
61 3
57 4
144 57
57 137
148 137
4 0
2 0
2 313
46
2 25
25 192
208 25
26 25
25 11
109 11
72 11
158 11
215 109
223 11
25 27
78 27
130 78
2 8
85 8
2 21
95 21
100 21
11 69
32 69
144 69
32 70
8 58
61 58
2 313
34 70
270 34
308 270
108 25
291 108
69 137
148 137
25 128
220 128
32 28
33 28
122 33
16 34
16 40
41 40
41 267
267 15
267 65
42 40
193 42
241 193
59
6 0
6 32
1 0
95 1
100 1
23 1
23 192
208 23
26 23
23 78
23 79
215 79
109 79
130 79
54 6
54 85
124 26
124 158
124 127
72 127
14 127
14 223
3 0
59 3
61 59
116 32
116 29
122 29
32 147
147 137
144 137
116 34
34 70
270 34
148 137
308 270
108 79
291 108
23 128
220 128
10 0
10 2
2 313
14 13
16 13
16 45
42 45
193 42
241 193
41 42
41 50
50 48
49 48
266 49
266 65
267 65
267 307
307 293
293 15
