3
37
24 74
24 19
24 204
19 20
92 19
24 109
246 109
217 109
109 107
24 25
2 25
54 74
54 265
54 83
177 74
177 34
177 278
254 34
250 34
296 177
312 296
24 138
287 138
25 60
185 60
228 34
228 227
109 78
78 77
76 74
76 168
306 168
16 34
16 40
41 40
41 50
50 280
44
19 8
2 8
85 8
85 265
19 1
20 1
92 1
85 82
83 82
23 1
23 204
23 79
79 77
217 79
79 107
23 69
152 69
152 278
312 152
146 69
146 287
278 147
147 34
250 147
32 69
32 227
254 32
23 128
72 128
185 72
109 79
246 109
85 126
222 126
303 222
303 306
152 294
295 294
295 41
41 267
267 65
266 65
281 266
281 280
47
2 0
5 0
5 19
92 5
92 20
2 196
196 265
5 25
25 204
4 0
254 4
250 4
108 25
108 107
217 108
4 118
34 118
178 4
178 278
152 4
312 152
108 79
79 77
32 4
32 227
26 25
200 26
200 287
11 0
72 11
185 72
84 265
84 82
83 82
108 109
246 109
305 178
305 222
303 222
303 306
4 13
15 13
15 63
65 63
266 65
281 266
281 280
