3
33
161 11
169 11
165 11
11 69
69 67
32 69
32 257
32 227
152 69
152 277
32 4
4 86
152 75
235 75
57 69
57 56
196 75
53 196
196 265
196 299
196 309
309 62
196 300
103 300
39 11
39 38
132 38
152 294
295 294
295 41
41 50
50 280
50 48
38
155 128
169 128
165 128
128 127
161 127
178 128
178 277
155 3
62 3
178 74
235 74
178 4
257 4
54 74
54 265
54 299
54 53
228 257
228 227
32 228
53 1
103 1
4 86
128 38
132 38
57 127
68 57
68 67
57 56
4 13
15 13
267 15
267 65
266 65
281 266
281 280
266 49
49 48
47
4 118
32 118
34 118
34 257
177 34
177 277
6 32
6 21
53 21
103 21
53 85
85 265
85 299
85 126
169 126
165 126
177 74
235 74
169 127
161 127
6 8
8 58
62 58
228 34
228 227
4 86
126 38
132 38
57 4
57 56
25 21
25 88
68 88
68 67
16 34
16 45
42 45
193 42
241 193
241 64
64 63
65 63
266 65
266 49
49 48
281 266
281 280
