3
20
152 44
152 75
76 75
152 4
4 70
115 4
108 75
291 108
196 75
196 243
108 25
198 25
196 300
103 300
25 11
11 160
44 40
41 40
41 50
50 48
25
257 4
76 257
32 4
32 70
250 4
115 250
85 76
85 243
57 4
57 127
160 127
24 57
198 24
24 19
103 19
24 219
108 219
291 108
4 13
15 13
15 63
65 63
266 65
266 49
49 48
27
23 128
198 23
23 1
103 1
23 113
115 113
128 127
160 127
168 127
76 168
76 84
84 243
152 128
16 152
16 34
34 70
109 128
108 109
291 108
152 294
295 294
295 41
41 267
267 65
266 65
266 49
49 48
