3
67
14 277
14 268
14 259
14 179
14 127
159 127
163 127
89 127
127 129
124 127
164 127
139 159
168 127
304 168
25 127
206 25
25 22
24 25
213 25
25 113
25 1
207 25
104 1
106 1
105 1
89 126
85 126
302 85
11 127
39 11
39 37
60 127
60 58
187 60
59 58
185 60
302 196
196 249
196 75
75 87
232 75
62 58
310 62
139 137
148 137
150 137
146 137
14 13
16 13
16 40
43 40
4 13
117 4
4 70
256 4
117 33
41 40
314 41
24 109
246 109
15 13
15 63
64 63
66 63
241 64
109 78
78 77
77
241 64
241 193
193 42
42 40
42 45
16 45
43 40
16 34
34 70
117 34
256 34
16 152
152 259
152 277
152 179
152 75
152 69
150 69
139 69
146 69
75 74
24 74
74 87
232 74
24 206
24 22
24 113
213 24
24 207
54 74
54 302
54 85
24 19
106 19
104 19
105 19
19 1
225 75
225 39
11 69
11 163
89 11
11 129
164 11
124 89
39 38
38 37
72 11
185 72
72 187
269 34
269 268
72 3
59 3
3 58
62 3
62 249
11 194
194 159
309 62
310 309
222 225
304 222
34 28
33 28
109 11
246 109
109 79
79 77
69 137
148 137
41 42
314 41
41 267
267 65
65 63
66 63
91
223 178
178 277
178 259
178 179
223 76
76 87
85 76
76 75
232 76
76 224
224 39
178 128
89 128
124 128
128 129
164 128
23 128
24 23
23 22
213 23
23 113
23 1
207 23
206 23
5 23
106 5
104 5
105 5
24 57
150 57
57 139
146 57
85 8
8 58
76 84
302 84
61 58
61 59
178 4
32 4
32 70
32 117
32 256
4 118
118 33
223 11
11 163
222 224
304 222
72 128
185 72
72 187
269 223
269 268
152 128
152 44
44 40
16 152
128 38
38 37
23 79
79 77
54 84
54 248
248 247
249 247
43 40
54 196
196 309
310 309
11 194
194 159
57 137
148 137
109 128
246 109
152 294
295 294
295 41
314 41
41 42
193 42
241 193
241 64
41 50
50 48
49 48
266 49
266 65
65 63
66 63
