3
17
274 19
5 19
19 8
84 8
24 19
24 109
109 107
24 57
144 57
57 4
4 70
4 13
15 13
267 15
41 267
41 50
50 48
25
5 23
23 79
79 107
23 69
144 69
32 69
32 70
103 5
103 300
300 84
103 19
274 19
152 69
152 46
46 45
42 45
193 42
241 193
241 64
64 63
15 63
65 63
266 65
266 49
49 48
30
5 25
108 25
108 107
25 126
84 126
24 25
24 145
145 137
144 137
147 137
147 34
34 70
5 1
19 1
274 19
16 34
16 40
42 40
193 42
241 193
241 64
64 63
65 63
267 65
267 307
307 293
293 15
266 65
266 49
49 48
