3
62
34 182
251 34
269 34
34 257
251 32
254 34
269 268
16 34
16 40
42 40
76 257
233 76
76 84
76 238
84 289
84 8
41 40
295 41
314 41
84 126
126 123
165 126
173 126
162 126
126 128
72 128
72 71
25 126
25 192
25 99
114 25
25 273
284 25
5 25
5 98
94 5
5 18
102 5
100 18
93 5
196 289
196 249
249 247
11 126
11 163
39 11
39 131
32 69
153 69
141 69
177 34
177 297
8 58
61 58
72 60
184 60
138 153
138 175
109 128
157 109
81 109
81 80
69
141 57
24 57
24 99
114 24
24 192
24 284
24 74
233 74
238 74
57 127
165 127
72 127
173 127
162 127
128 127
127 123
163 127
72 3
157 3
61 3
57 4
257 4
4 182
251 4
32 4
254 4
24 19
93 19
94 19
19 8
102 19
93 18
19 100
24 23
23 273
128 38
131 38
39 38
54 74
54 289
54 84
62 3
62 249
62 247
14 57
14 268
14 297
72 71
14 223
269 223
145 57
145 153
145 175
99 21
98 21
60 127
184 60
152 128
152 294
295 294
152 44
44 40
44 45
42 45
41 42
314 41
23 78
81 78
81 80
90
23 79
23 99
23 192
23 128
128 123
165 128
162 128
173 128
11 128
72 11
23 1
18 1
94 1
98 1
102 1
100 1
93 1
6 18
6 32
6 8
32 257
254 32
155 128
157 155
23 273
178 128
178 297
85 8
85 289
305 178
305 269
85 195
84 195
23 113
114 113
108 79
108 75
238 75
233 75
225 75
225 39
178 4
251 4
4 182
54 6
54 248
248 247
155 3
59 3
61 59
14 178
14 268
24 113
24 284
11 127
163 127
24 145
145 175
200 145
200 153
145 137
141 137
305 296
296 294
295 294
3 58
62 58
62 249
72 71
130 79
130 38
131 38
60 3
184 60
81 79
81 80
296 46
46 45
44 45
44 40
4 13
15 13
15 63
64 63
241 64
241 193
193 42
267 15
41 267
314 41
