3
21
115 4
57 4
57 140
57 56
152 4
312 152
57 127
165 127
24 57
24 99
24 204
99 21
98 21
21 51
16 152
16 40
43 40
41 40
41 50
50 48
49 48
25
5 51
5 98
5 23
23 99
23 204
23 128
165 128
23 113
115 113
23 69
140 69
152 128
296 152
312 296
57 69
57 56
152 44
44 40
43 40
42 40
41 42
41 267
267 65
266 65
266 49
31
11 0
165 11
1 0
98 1
25 11
25 204
25 99
53 1
53 51
4 0
250 4
115 250
11 69
69 137
140 137
223 11
296 223
312 296
57 137
57 56
4 13
15 13
15 63
65 63
266 65
266 49
296 46
46 45
42 45
42 40
43 40
