3
20
57 4
116 4
178 4
178 259
24 57
24 110
24 109
217 109
157 109
288 157
57 127
72 127
72 71
178 74
54 74
261 54
4 13
15 13
15 63
66 63
24
16 34
116 34
16 152
152 259
14 152
14 57
152 128
23 128
23 110
155 128
288 155
23 78
217 78
152 75
196 75
261 196
72 128
72 71
16 40
41 40
41 267
267 65
65 63
66 63
28
11 69
57 69
25 11
25 110
32 69
116 32
108 25
217 108
223 11
14 223
14 259
72 11
72 71
72 3
156 3
156 260
261 260
155 3
288 155
152 69
152 44
44 40
42 40
193 42
241 193
241 64
64 63
66 63
