3
21
6 0
4 0
4 28
152 4
54 6
54 285
34 28
269 34
261 54
261 260
3 0
62 3
60 3
190 60
185 60
157 3
157 181
181 180
11 0
39 11
134 39
22
72 3
72 190
185 72
156 3
156 260
72 128
152 128
3 58
62 58
128 38
134 38
305 152
305 269
8 58
6 8
85 8
85 285
6 32
32 28
155 3
155 181
181 180
31
156 3
156 260
154 3
133 154
133 38
134 38
126 38
84 126
84 285
11 126
11 69
152 69
223 11
269 223
72 11
72 190
185 72
25 126
25 21
6 21
196 285
196 309
309 62
32 69
116 32
116 29
29 28
126 128
155 128
155 181
181 180
