3
23
14 179
14 223
269 223
14 57
151 57
57 4
24 57
24 113
24 74
24 19
93 19
19 95
24 109
246 109
54 74
54 265
14 127
127 123
14 13
15 13
293 15
16 13
16 45
27
151 69
23 69
23 113
11 69
11 123
223 11
23 1
95 1
93 1
305 223
305 269
223 76
76 74
152 69
152 179
152 4
152 44
44 45
85 76
85 265
109 11
246 109
44 40
41 40
41 267
267 307
307 293
32
109 128
128 123
178 128
178 74
178 179
223 178
178 4
296 223
296 269
25 128
25 113
296 46
46 45
25 21
93 21
95 21
147 4
147 137
151 137
126 128
84 126
84 265
246 109
42 45
193 42
241 193
241 64
64 63
65 63
267 65
267 307
307 293
