3
18
14 177
14 268
14 127
159 127
124 127
11 127
39 11
177 74
54 74
54 242
54 51
177 34
250 34
271 250
16 34
16 40
41 40
41 50
25
53 51
53 85
85 242
85 126
124 126
126 38
39 38
11 126
11 194
194 159
223 11
269 223
269 268
269 34
228 34
271 228
14 223
14 13
15 13
267 15
267 65
266 65
281 266
281 280
50 280
32
16 152
152 128
124 128
152 69
139 69
139 159
152 75
225 75
225 39
126 128
84 126
84 242
25 128
25 21
21 51
32 69
32 228
271 228
305 152
305 269
269 268
16 45
42 45
193 42
241 193
241 64
64 63
65 63
266 65
266 49
49 48
50 48
