3
57
15 13
16 13
14 13
14 179
4 13
117 4
258 4
256 4
14 127
160 127
128 127
162 127
147 4
279 147
60 127
184 60
189 60
186 60
25 127
25 22
108 25
25 205
25 239
216 108
25 221
25 203
210 25
2 25
4 0
7 0
108 75
272 75
75 73
32 4
32 197
5 25
102 5
5 12
92 5
76 75
76 224
147 137
148 137
150 137
145 137
145 175
168 127
306 168
263 168
15 63
64 63
241 64
85 76
85 264
128 38
131 38
134 38
66
134 39
39 131
224 39
39 11
162 11
11 160
11 128
72 11
72 189
186 72
152 128
152 179
16 152
222 224
263 222
11 0
2 0
109 11
108 109
216 109
216 203
24 109
24 221
24 205
24 145
24 210
24 22
16 34
258 34
117 34
256 34
24 138
138 175
24 74
74 73
197 74
10 0
10 7
11 69
150 69
54 74
54 264
23 128
23 239
1 0
1 12
92 1
102 1
303 222
303 306
72 60
184 60
147 34
279 147
152 75
272 75
138 137
148 137
16 40
42 40
193 42
241 193
241 64
41 40
41 267
267 15
80
32 69
258 32
32 117
32 256
57 69
145 57
150 57
23 69
23 205
23 203
210 23
23 22
23 79
216 79
108 79
23 25
25 128
162 128
23 239
25 21
102 21
92 21
2 21
178 128
178 179
125 128
263 125
23 27
197 27
76 197
76 73
76 84
84 264
72 128
72 189
186 72
10 2
10 7
25 11
11 160
23 1
1 12
24 57
24 221
138 57
138 175
197 225
225 39
39 131
134 39
222 225
222 224
152 69
152 44
44 45
16 45
303 222
303 306
225 75
272 75
42 45
193 42
241 193
241 64
25 60
184 60
69 137
148 137
32 147
279 147
41 42
41 50
50 280
281 280
281 266
266 65
267 65
267 307
307 293
293 15
