3
18
223 11
173 11
11 69
69 137
68 69
223 76
236 76
109 11
108 109
290 108
85 76
53 85
53 55
14 223
14 13
15 13
267 15
267 65
24
14 178
223 178
14 57
57 137
68 57
14 127
173 127
178 74
236 74
54 74
54 51
55 51
25 127
108 25
290 108
14 152
152 294
295 294
295 41
41 50
50 280
281 280
281 266
266 65
25
5 23
23 88
68 88
23 128
173 128
5 51
55 51
152 128
305 152
305 223
152 75
236 75
23 69
139 69
139 137
108 75
290 108
16 152
16 40
42 40
193 42
241 193
241 64
64 63
65 63
