3
43
11 69
39 11
32 69
32 227
6 32
223 11
269 223
14 223
39 38
132 38
25 11
25 201
25 273
25 204
198 25
5 25
25 60
102 5
185 60
108 25
290 108
108 75
146 69
146 287
5 51
52 51
133 39
133 154
116 32
116 33
196 75
196 309
11 127
168 127
306 168
261 196
261 260
152 69
152 294
295 294
295 41
41 50
50 48
53
305 269
305 222
168 222
305 152
152 75
14 152
303 222
303 306
222 126
11 126
222 224
224 39
72 11
185 72
72 60
72 3
154 3
11 0
6 0
5 0
156 3
156 260
5 23
23 204
23 273
198 23
23 27
201 27
62 3
309 62
1 0
102 1
200 27
200 287
53 1
52 53
269 34
117 34
117 33
228 34
228 227
126 38
132 38
109 11
108 109
290 108
14 13
15 13
15 63
65 63
266 65
266 49
49 48
60
5 1
1 21
6 21
102 21
23 1
23 128
11 128
24 23
24 201
198 24
24 204
24 74
75 74
24 138
287 138
76 74
76 168
225 75
225 39
23 273
128 127
60 127
14 127
14 268
269 268
60 3
154 3
72 128
185 72
53 21
52 53
76 257
228 257
228 227
257 4
4 118
118 33
60 58
62 58
310 62
310 309
156 3
156 260
222 225
303 222
303 306
128 38
132 38
23 79
108 79
290 108
152 128
152 44
44 40
41 40
41 267
267 65
266 65
266 49
49 48
