3
19
26 25
5 25
5 97
104 5
108 25
290 108
25 60
184 60
108 75
235 75
60 3
59 3
2 25
2 313
25 127
14 127
14 13
168 127
304 168
23
2 21
104 21
97 21
18 21
26 18
2 313
26 197
197 74
235 74
2 0
4 0
4 13
197 225
222 225
304 222
2 8
8 58
59 58
60 58
184 60
26 78
108 78
290 108
27
1 0
104 1
23 1
26 23
23 97
3 0
61 3
61 59
23 69
152 69
16 152
16 13
24 23
24 74
235 74
305 152
305 222
304 222
23 79
108 79
290 108
10 0
10 2
2 313
72 3
72 60
184 60
