3
35
5 0
5 97
4 0
255 4
147 4
5 23
23 199
23 78
130 78
78 107
130 38
131 38
38 37
116 4
116 33
76 130
76 237
85 76
5 18
111 18
3 0
156 3
152 4
152 294
295 294
295 41
41 42
193 42
41 50
50 48
49 48
4 13
15 13
15 63
66 63
40
16 34
255 34
147 34
34 28
33 28
16 152
152 75
75 237
108 75
108 78
108 107
108 25
25 199
225 75
225 130
25 21
97 21
225 39
39 37
39 131
25 126
85 126
18 21
111 18
16 40
41 40
295 41
196 75
261 196
261 260
156 260
41 267
267 65
266 65
266 49
65 63
66 63
64 63
241 64
241 193
40
23 97
26 23
26 78
26 199
23 79
130 79
79 107
130 74
237 74
54 74
54 85
23 69
32 69
32 255
32 147
32 119
119 33
11 69
39 11
39 37
39 131
261 54
261 260
156 260
26 18
111 18
152 69
152 44
44 40
41 40
295 41
41 267
267 65
266 65
266 49
65 63
66 63
64 63
241 64
241 193
