3
36
4 70
250 4
178 4
178 277
152 4
152 294
312 152
178 128
158 128
172 128
166 128
128 129
25 128
25 21
25 36
94 21
19 21
21 51
52 51
128 38
134 38
38 37
178 74
74 87
16 152
16 40
197 74
197 230
41 40
41 267
267 65
266 65
281 266
4 0
3 0
3 35
45
1 21
19 1
94 1
53 1
52 53
23 1
23 36
1 0
11 0
158 11
172 11
166 11
11 129
39 11
134 39
39 37
223 11
296 223
312 296
296 294
223 76
76 87
14 223
14 277
296 152
152 44
44 40
76 197
197 230
32 197
32 70
32 228
250 228
72 11
72 3
3 35
14 13
15 13
15 63
65 63
295 294
295 41
41 50
50 280
281 280
47
5 21
5 19
94 5
24 19
24 36
53 21
52 53
5 25
25 127
158 127
172 127
166 127
127 129
24 74
75 74
75 87
177 74
177 277
177 34
34 70
250 34
296 177
312 296
225 75
225 39
134 39
39 37
16 34
16 45
42 45
42 40
197 225
197 230
41 42
295 41
295 294
193 42
241 193
241 64
64 63
65 63
25 60
60 3
3 35
41 50
50 280
281 280
