3
55
62 3
62 249
62 247
60 3
183 60
186 60
196 249
261 196
196 299
196 301
299 84
84 264
25 60
25 205
25 128
25 204
25 221
125 128
210 25
124 128
5 25
106 5
5 18
5 12
5 95
152 128
152 46
108 25
290 108
2 196
2 313
152 4
252 4
57 4
121 4
252 34
34 47
147 4
279 147
4 13
15 13
196 75
238 75
145 57
145 175
152 69
69 67
267 15
267 65
266 65
281 266
281 280
46 45
42 45
193 42
68
27 22
27 18
205 27
204 27
210 27
124 27
95 18
124 125
106 18
18 1
1 12
24 22
24 221
24 57
1 0
3 0
68 57
68 67
72 3
186 72
72 128
72 183
24 74
238 74
24 138
138 175
54 74
54 301
54 299
54 84
54 264
261 54
54 248
248 247
249 247
3 58
62 58
177 74
296 177
296 46
177 34
121 34
34 47
32 121
252 32
2 0
2 313
147 34
279 147
78 27
108 78
290 108
296 294
295 294
295 41
41 50
50 280
50 48
49 48
266 49
41 267
267 307
307 293
293 15
15 63
64 63
241 64
241 193
78
33 28
121 33
32 28
6 32
6 18
32 69
57 69
6 8
84 8
301 84
26 18
26 210
26 205
26 204
124 26
11 69
11 128
125 11
155 128
155 3
85 8
85 264
85 299
76 84
76 238
6 21
95 21
106 21
252 32
24 26
24 221
72 11
72 183
186 72
138 57
138 175
68 69
68 67
156 3
156 260
261 260
1 21
1 12
54 6
54 196
196 309
309 62
223 11
296 223
296 46
54 248
248 247
249 247
34 28
34 47
2 8
2 313
32 147
279 147
109 11
108 109
290 108
16 34
16 40
41 40
41 50
50 280
50 48
49 48
266 49
41 267
267 307
307 293
293 15
15 63
64 63
241 64
241 193
