3
20
4 0
120 4
11 0
39 11
3 0
61 3
25 11
25 204
208 25
25 27
109 11
219 109
60 3
184 60
4 13
15 13
267 15
267 65
266 65
281 266
21
16 34
120 34
120 32
32 197
197 27
208 27
204 27
24 27
24 219
197 225
225 39
24 25
25 60
184 60
60 58
61 58
16 40
41 40
41 50
50 280
281 280
25
39 38
128 38
23 128
208 23
23 27
23 204
23 78
219 78
72 128
72 3
59 3
61 59
152 128
152 4
4 118
118 33
120 33
72 60
184 60
152 294
295 294
295 41
41 50
50 280
281 280
