3
19
16 152
152 177
152 69
149 69
32 69
32 308
23 69
23 78
23 79
116 32
116 33
152 75
196 75
196 285
196 231
16 40
42 40
193 42
241 193
20
14 177
14 57
149 57
177 74
54 74
54 231
54 285
130 74
130 79
130 78
177 34
34 28
33 28
270 34
308 270
14 13
15 13
15 63
64 63
241 64
28
4 118
118 33
178 4
178 177
147 4
147 137
149 137
178 128
109 128
109 78
109 79
126 128
84 126
84 285
54 84
54 231
34 118
270 34
308 270
152 4
152 294
295 294
295 41
41 267
267 65
65 63
64 63
241 64
