3
38
178 4
252 4
250 4
178 259
57 4
150 57
4 13
15 13
178 128
170 128
253 4
282 253
32 4
32 197
32 308
305 178
305 269
197 27
202 27
128 38
132 38
27 18
18 91
103 18
111 18
23 128
23 273
109 128
81 109
81 80
267 15
267 65
266 65
18 21
21 51
52 51
54 51
54 302
48
6 21
103 21
91 21
25 21
170 25
25 273
26 25
26 197
53 21
52 53
6 32
252 32
53 196
302 196
32 69
150 69
252 34
269 34
250 34
270 34
308 270
152 69
152 259
197 74
178 74
25 27
202 27
32 253
282 253
6 18
111 18
108 25
81 108
81 80
25 126
126 38
132 38
16 34
16 40
41 40
41 267
267 307
307 293
293 15
41 50
50 280
281 280
281 266
54
25 22
25 1
103 1
25 273
25 11
170 11
223 11
223 178
269 223
223 76
76 197
14 223
14 259
85 76
302 85
1 21
91 21
11 69
69 137
150 137
147 137
250 147
53 1
52 53
147 34
252 34
270 34
308 270
253 34
282 253
18 1
111 18
27 22
202 27
39 11
39 38
132 38
78 27
81 78
81 80
296 223
296 294
295 294
295 41
41 50
50 48
49 48
266 49
41 42
193 42
241 193
241 64
64 63
15 63
