3
24
39 11
226 39
11 0
9 0
1 0
105 1
100 1
4 0
4 182
57 4
145 57
4 13
15 13
15 63
64 63
16 13
16 45
42 45
109 11
109 78
218 78
157 109
157 181
229 181
32
8 9
19 8
105 19
19 100
24 19
24 145
24 219
108 219
218 108
24 74
177 74
177 34
34 182
152 177
152 44
44 45
44 40
42 40
193 42
241 193
241 64
41 40
41 267
267 65
65 63
152 128
155 128
155 181
229 181
128 38
39 38
226 39
39
5 23
105 5
23 79
218 79
5 18
100 18
23 69
69 137
145 137
152 69
152 46
46 45
147 137
147 34
34 182
5 0
8 0
8 9
152 294
295 294
295 41
41 42
193 42
241 193
241 64
41 50
50 48
49 48
266 49
266 65
65 63
130 79
225 130
225 39
226 39
3 0
155 3
155 181
229 181
