3
17
2 196
2 21
97 21
196 75
232 75
76 75
76 168
108 75
218 108
168 127
158 127
14 127
14 13
15 13
267 15
15 63
64 63
22
24 74
232 74
24 23
23 97
54 74
54 196
23 128
158 128
23 78
218 78
126 128
222 126
168 222
152 128
16 152
16 40
41 40
41 267
42 40
193 42
241 193
241 64
30
11 0
158 11
5 0
5 97
223 11
223 76
232 76
109 11
109 79
218 79
125 11
263 125
263 168
1 0
53 1
53 196
296 223
296 294
295 294
295 41
41 50
50 280
281 280
281 266
266 65
267 65
41 42
193 42
241 193
241 64
