3
49
3 0
60 3
10 0
9 0
25 60
8 0
25 21
284 25
97 21
25 22
25 128
166 128
158 128
108 25
290 108
216 108
215 108
81 108
81 80
152 128
311 152
152 69
312 152
144 69
152 44
128 38
134 38
84 8
76 84
302 84
84 195
84 243
32 69
32 227
32 256
4 0
115 4
32 228
271 228
4 13
15 13
109 128
246 109
15 63
66 63
44 40
41 40
41 50
50 280
61
72 3
72 128
72 60
72 11
25 11
11 0
166 11
11 69
158 11
23 128
23 97
23 22
39 11
134 39
25 113
115 113
2 25
10 2
2 21
2 8
8 9
115 250
271 250
2 196
196 195
302 196
196 243
250 228
228 227
24 25
24 284
109 11
216 109
215 109
246 109
250 4
256 4
223 11
223 76
69 137
144 137
296 223
312 296
311 296
81 109
81 80
296 46
46 45
44 45
108 109
290 108
42 45
41 42
41 267
267 15
267 65
266 65
281 266
281 280
65 63
66 63
70
27 22
25 27
124 27
124 128
124 166
124 158
78 27
215 78
216 78
25 127
60 127
5 25
5 97
5 0
5 21
60 58
8 58
3 58
8 9
85 8
302 85
85 243
85 195
85 76
57 127
144 57
57 69
7 0
10 7
76 257
34 257
256 34
24 22
24 284
250 34
271 250
115 250
228 257
228 227
16 34
16 45
44 45
177 34
296 177
311 296
312 296
76 224
224 39
134 39
109 78
246 109
108 78
290 108
81 78
81 80
16 40
42 40
193 42
241 193
241 64
64 63
66 63
65 63
267 65
267 307
307 293
293 15
266 65
281 266
281 280
