3
26
60 3
186 60
25 60
25 221
101 25
25 203
60 127
124 127
5 25
5 96
125 127
263 125
57 127
57 56
57 4
255 4
178 4
178 275
116 4
116 29
122 29
250 4
271 250
157 3
157 181
181 180
29
29 28
32 28
122 32
32 255
32 228
271 228
6 32
6 21
96 21
101 21
32 197
26 197
124 26
26 203
24 26
24 221
76 197
223 76
223 275
76 168
263 168
124 128
72 128
186 72
24 57
57 56
155 128
155 181
181 180
33
89 11
89 203
124 89
72 11
186 72
11 126
222 126
263 222
223 11
223 276
276 275
11 0
1 0
101 1
96 1
4 0
120 4
120 29
31 120
31 122
120 34
255 34
24 203
24 221
228 34
271 228
11 69
57 69
57 56
72 3
155 3
155 181
181 180
