3
45
14 268
14 176
14 127
167 127
127 129
158 127
168 127
171 127
173 127
163 127
25 127
206 25
198 25
25 221
25 113
115 113
72 127
72 71
72 188
76 168
236 76
76 197
76 84
76 225
76 75
14 152
152 294
60 127
60 58
5 25
92 5
92 20
32 197
32 308
32 228
228 34
34 182
14 57
149 57
144 57
108 25
108 245
216 108
225 39
133 39
50
92 19
19 20
19 8
84 8
8 58
84 126
126 129
173 126
158 126
171 126
167 126
126 38
133 38
222 126
168 222
222 225
197 225
225 75
236 75
152 75
152 176
24 19
24 113
198 24
24 221
24 206
11 126
11 163
152 69
144 69
149 69
152 4
115 4
4 182
296 152
296 294
250 4
250 228
250 34
24 109
245 109
216 109
270 34
308 270
296 269
269 268
72 11
72 71
72 60
188 60
61
3 58
154 3
133 154
60 3
188 60
3 0
11 0
167 11
11 129
158 11
173 11
171 11
1 0
20 1
92 1
23 1
206 23
198 23
23 113
23 78
216 78
11 163
130 78
225 130
197 130
108 78
108 75
130 74
236 74
54 74
54 84
177 74
177 34
177 176
147 34
147 228
147 137
149 137
144 137
250 147
115 250
4 0
4 182
109 11
245 109
24 23
24 221
125 11
263 125
263 168
269 34
269 268
270 34
308 270
72 3
72 71
16 34
16 40
41 40
295 41
295 294
