3
21
95 1
106 1
92 1
25 1
25 126
26 25
25 239
25 60
186 60
85 126
85 283
53 1
52 53
23 1
23 69
140 69
32 69
32 253
282 253
32 228
271 228
22
5 0
5 95
106 5
92 5
5 23
23 239
26 23
11 0
11 126
5 51
52 51
84 126
84 283
72 11
186 72
4 0
250 4
271 250
57 4
57 140
253 4
282 253
25
54 283
54 6
6 18
95 18
106 18
92 18
26 18
124 26
124 126
54 51
52 51
124 128
72 128
186 72
23 128
23 239
6 32
32 147
147 137
140 137
250 147
271 250
147 34
253 34
282 253
