3
30
106 18
27 18
197 27
213 27
124 27
32 197
124 171
32 70
76 197
223 76
76 75
236 76
196 75
124 127
159 127
72 127
72 71
72 3
61 3
197 225
222 225
303 222
34 70
16 34
16 40
16 45
41 40
41 50
50 280
281 280
38
171 11
223 11
171 128
124 128
11 194
194 159
25 11
213 25
152 128
152 75
236 75
124 26
26 197
152 44
44 40
44 45
152 4
4 70
32 4
42 40
41 42
25 1
106 1
2 25
2 196
72 11
72 71
25 60
60 58
61 58
41 267
267 65
266 65
281 266
171 127
168 127
306 168
303 306
45
106 5
5 23
213 23
23 69
32 69
139 69
139 159
23 128
178 128
223 178
126 128
171 126
124 126
178 74
236 74
75 74
197 74
54 74
54 196
152 69
152 46
46 45
178 4
4 70
152 294
295 294
295 41
42 45
42 40
5 0
3 0
59 3
61 59
72 128
72 71
222 126
168 222
306 168
303 306
4 13
15 13
15 63
65 63
266 65
281 266
