3
20
7 0
4 0
121 4
4 182
1 0
1 12
19 1
23 1
208 23
53 1
53 55
152 4
152 75
75 237
14 152
14 268
11 0
72 11
72 71
72 189
22
5 19
5 12
5 25
208 25
5 51
55 51
25 60
189 60
24 19
24 74
237 74
5 0
10 0
10 7
177 74
177 34
121 34
34 182
269 34
269 268
72 60
72 71
27
24 208
24 25
25 21
19 21
6 21
6 32
32 121
5 21
5 12
10 6
10 7
32 197
76 197
76 237
21 51
55 51
223 76
269 223
269 268
25 127
60 127
189 60
116 32
116 34
34 182
72 127
72 71
