3
38
2 8
2 25
25 110
25 273
25 99
2 196
196 289
108 25
216 108
26 25
124 26
200 26
124 158
26 18
112 18
196 75
235 75
236 75
25 60
72 60
152 75
296 152
25 113
115 113
152 69
143 69
196 309
310 309
14 152
14 268
152 46
46 45
14 13
15 13
261 196
261 260
115 250
271 250
43
16 45
16 34
228 34
271 228
177 34
296 177
269 34
269 268
177 74
235 74
236 74
24 74
24 110
24 99
54 74
54 289
24 27
200 27
124 27
24 57
143 57
24 23
23 273
124 128
158 128
72 128
24 19
19 8
24 109
216 109
57 4
115 4
72 3
62 3
310 62
156 3
156 260
27 18
112 18
42 45
41 42
41 267
267 15
50
115 4
4 0
8 0
11 0
72 11
158 11
84 8
84 289
174 11
174 124
223 11
296 223
76 84
236 76
1 0
23 1
23 99
23 110
23 273
23 203
216 203
147 4
147 137
143 137
145 137
200 145
269 223
269 268
147 228
271 228
152 4
152 44
44 45
76 74
235 74
8 58
62 58
310 62
18 1
112 18
3 0
156 3
156 260
44 40
42 40
193 42
241 193
241 64
64 63
15 63
