3
23
4 0
254 4
1 0
93 1
98 1
23 1
23 192
23 203
147 4
279 147
57 4
146 57
141 57
11 0
171 11
3 0
3 35
39 11
39 37
152 4
152 44
44 45
42 45
25
93 5
5 98
5 25
25 203
25 192
25 126
171 126
126 38
38 37
5 23
23 69
141 69
146 69
32 69
254 32
32 4
32 147
279 147
25 60
60 3
3 35
152 69
16 152
16 40
42 40
29
93 21
98 21
25 21
26 25
26 203
26 192
25 128
171 128
178 128
178 4
139 203
139 137
141 137
146 137
178 177
177 34
254 34
128 38
38 37
147 137
279 147
152 128
152 294
295 294
295 41
41 42
72 128
72 3
3 35
