3
22
4 0
57 4
121 4
57 140
141 57
146 57
146 287
152 4
152 294
312 152
152 277
121 34
34 47
152 75
235 75
3 0
59 3
1 0
18 1
112 18
53 1
52 53
28
6 32
32 4
32 121
32 69
140 69
57 69
141 69
153 69
287 153
178 4
178 277
178 74
235 74
152 69
296 152
296 294
312 296
6 18
112 18
6 8
8 58
59 58
6 21
21 51
52 51
116 32
116 34
34 47
34
121 29
29 28
4 28
34 28
177 34
177 277
14 177
14 57
57 137
140 137
141 137
145 57
287 145
177 74
235 74
296 177
312 296
34 47
54 74
54 51
52 51
14 127
60 127
60 58
61 58
61 59
16 34
16 40
41 40
295 41
295 294
5 51
5 18
112 18
