3
104
188 60
187 60
25 60
114 25
25 22
212 25
108 25
284 25
208 25
108 245
25 239
25 126
25 1
81 108
158 126
126 38
95 1
104 1
94 1
130 38
108 219
167 126
106 1
165 126
76 130
169 126
108 109
76 257
233 76
246 109
85 126
257 4
232 76
225 130
134 38
1 17
157 109
85 283
116 4
57 4
228 257
39 38
256 4
116 31
116 30
146 57
149 57
57 56
4 86
57 140
143 57
4 13
228 227
16 13
25 36
25 205
125 126
222 126
263 125
303 222
172 126
213 25
25 199
25 192
131 38
117 4
253 4
147 4
2 25
101 25
23 25
23 97
54 85
261 54
54 6
54 248
108 75
272 75
60 3
62 3
154 3
197 130
197 230
16 40
43 40
15 13
293 15
15 63
64 63
60 127
159 127
223 76
223 275
296 223
296 294
1 0
7 0
34 257
270 34
41 40
41 50
50 280
50 48
49 48
124
31 117
32 117
32 227
32 4
32 257
6 32
32 228
116 32
32 256
32 253
32 147
32 308
308 270
4 86
6 21
97 21
95 21
106 21
104 21
21 17
1 21
94 21
2 21
101 21
23 1
23 22
212 23
23 239
208 23
23 36
23 205
23 192
23 199
213 23
23 128
158 128
125 128
167 128
126 128
165 128
128 38
109 128
169 128
81 109
245 109
219 109
172 128
133 38
133 154
133 39
39 131
134 39
225 39
222 225
76 225
263 222
85 76
72 128
72 187
72 60
72 188
32 69
57 69
146 69
143 69
149 69
140 69
225 75
232 75
233 75
23 79
130 79
108 79
152 4
152 294
296 152
16 152
14 57
14 13
10 6
10 7
60 58
62 58
246 109
57 56
62 247
248 247
24 23
24 284
114 24
139 69
139 159
178 4
178 275
31 28
30 28
2 196
261 196
196 283
272 75
155 128
157 155
32 197
197 230
168 222
306 168
303 306
152 44
44 40
43 40
42 40
193 42
241 193
241 64
41 42
41 267
267 307
307 293
267 65
65 63
266 65
266 49
281 266
281 280
137
178 276
276 275
178 177
296 177
178 74
233 74
232 74
130 74
76 74
24 74
24 212
24 22
24 109
24 57
24 208
24 219
24 36
24 205
24 192
24 199
213 24
76 168
263 168
24 113
114 113
23 113
109 11
158 11
125 11
167 11
165 11
11 126
169 11
172 11
39 11
23 239
5 23
5 97
5 95
106 5
104 5
5 1
5 17
94 5
101 5
57 137
146 137
147 137
140 137
143 137
147 228
149 137
130 78
81 78
108 78
53 1
53 85
245 109
11 0
6 0
4 0
2 0
177 34
16 34
117 34
116 34
256 34
253 34
119 4
119 30
31 119
134 39
3 0
157 3
54 74
54 283
24 284
11 194
194 159
197 74
197 225
39 37
38 37
39 131
305 178
305 222
72 11
72 187
72 183
183 60
72 188
10 0
10 7
156 3
156 260
261 260
53 196
196 249
62 249
32 119
32 257
32 227
249 247
248 247
14 178
14 13
197 230
246 109
57 56
4 86
133 39
133 154
32 308
308 270
306 168
303 306
75 74
272 75
16 45
42 45
41 42
295 41
295 294
193 42
241 193
241 64
42 40
43 40
41 267
267 65
65 63
267 307
307 293
266 65
266 49
281 266
281 280
