3
203
10 0
4 0
5 0
9 0
10 54
147 4
121 4
106 5
5 98
54 74
261 54
54 248
54 283
54 285
54 264
75 74
5 96
5 97
24 74
54 300
261 260
5 19
24 284
24 138
121 30
198 24
24 191
138 175
279 147
24 110
138 153
24 201
24 99
236 74
74 73
286 138
248 247
54 84
121 33
54 302
84 126
120 4
57 4
126 38
173 126
166 126
57 139
141 57
149 57
222 126
126 123
57 142
146 57
4 118
237 74
200 138
162 126
38 37
132 38
4 13
5 51
24 199
89 126
39 38
15 13
253 4
24 36
24 205
104 5
263 222
52 51
267 15
164 126
197 74
5 17
103 5
170 126
106 20
41 267
250 4
5 95
274 19
54 289
76 74
171 126
177 74
223 76
5 21
177 179
41 42
223 276
68 57
91 21
57 140
126 128
169 126
57 127
147 137
42 45
220 128
72 128
160 127
148 137
68 67
72 183
186 72
155 128
60 127
177 277
288 155
157 155
193 42
46 45
155 181
72 189
185 72
181 180
262 189
254 4
269 223
161 127
256 4
101 5
269 268
116 4
3 0
54 195
54 292
105 5
225 75
90 19
296 177
24 210
24 214
24 145
24 211
16 13
84 82
168 222
55 51
24 88
3 35
306 168
311 296
296 294
32 4
252 4
32 308
54 85
308 270
238 74
165 126
54 53
108 75
272 75
217 108
218 108
108 79
255 4
4 70
24 208
108 245
291 108
79 77
6 0
108 78
216 108
4 28
54 242
4 86
5 23
23 239
23 273
267 65
266 65
62 247
310 62
125 126
125 240
147 34
34 47
2 0
2 313
8 0
244 8
41 40
43 40
11 0
11 194
41 50
50 48
50 280
5 18
112 18
111 18
24 27
202 27
81 108
81 80
15 63
66 63
24 109
246 109
220
157 3
155 3
60 3
157 181
72 3
183 60
72 127
288 157
165 127
173 127
166 127
162 127
164 127
169 127
128 127
127 123
128 38
186 60
168 127
171 127
76 168
189 60
76 84
236 76
76 75
76 73
84 283
84 285
84 264
302 84
300 84
76 237
76 197
84 289
170 127
76 238
103 300
32 197
103 19
103 20
120 32
32 147
254 32
32 121
32 256
116 32
250 147
32 118
106 19
120 30
24 19
103 21
104 19
120 33
21 51
98 21
96 21
54 51
24 57
99 21
101 19
138 57
6 32
32 255
19 95
97 21
105 19
57 137
85 76
139 137
142 137
141 137
146 137
85 126
149 137
252 32
32 253
10 6
140 137
53 21
85 82
52 53
145 57
53 55
200 145
145 175
145 153
185 60
286 145
84 242
19 17
90 20
32 28
263 168
76 225
84 292
222 225
32 70
89 127
225 39
84 195
39 37
89 88
68 88
14 127
14 179
14 268
14 177
14 223
14 277
14 13
296 223
296 269
296 46
156 3
156 260
25 60
5 25
25 110
108 25
25 201
198 25
208 25
25 36
25 273
284 25
211 25
210 25
25 191
25 205
25 239
214 25
25 199
178 128
178 276
178 4
178 74
303 222
303 306
103 1
1 0
132 38
196 75
261 196
220 128
157 109
245 109
109 78
217 109
218 78
216 109
109 79
78 77
196 249
249 247
246 109
181 180
248 247
152 128
152 294
16 152
311 152
16 45
196 309
310 309
295 294
295 41
159 127
194 159
291 108
32 69
69 67
84 8
8 9
103 18
18 91
16 40
42 40
72 11
11 160
161 11
279 147
148 137
112 18
111 18
43 40
274 19
262 189
244 8
3 35
4 86
120 34
270 34
272 75
34 47
308 270
197 27
202 27
125 127
125 240
2 21
2 313
81 109
81 80
41 50
50 280
281 280
281 266
266 49
49 48
266 65
65 63
66 63
15 63
64 63
241 64
241 193
293 15
307 293
267 307
234
30 28
33 28
116 30
118 33
31 28
31 121
31 120
34 28
253 34
250 34
177 34
254 34
256 34
16 34
252 34
269 34
34 70
255 34
228 34
147 228
32 228
305 269
305 222
305 296
305 223
152 177
152 179
152 75
152 4
238 75
236 75
75 73
75 237
152 277
152 46
152 69
139 69
57 69
142 69
141 69
146 69
153 69
149 69
69 137
286 153
200 153
138 137
140 69
68 69
145 137
23 69
198 23
23 110
23 78
24 23
23 99
23 97
217 78
23 199
23 79
23 205
211 23
23 88
216 78
218 79
23 128
214 23
165 128
128 123
162 128
173 128
166 128
164 128
169 128
210 23
171 128
23 191
208 23
170 128
23 36
89 128
130 78
225 130
130 38
197 130
130 74
76 130
23 1
1 17
101 1
106 1
96 1
19 1
98 1
104 1
5 1
95 1
1 21
53 1
6 21
53 51
90 1
53 85
54 6
85 195
302 85
85 283
85 285
85 264
85 289
85 300
105 1
85 292
20 1
85 242
311 152
78 77
85 301
301 84
152 44
44 45
200 26
26 201
69 67
223 11
11 126
11 127
39 11
270 34
11 160
223 275
276 275
53 55
145 175
78 107
108 107
39 37
54 83
83 82
152 294
161 11
52 53
125 128
263 125
304 222
304 168
19 8
8 58
60 58
3 58
72 60
189 60
186 60
185 60
2 8
10 2
8 9
183 60
10 7
7 0
155 3
14 152
14 13
14 268
18 1
18 91
103 18
44 40
42 40
23 25
284 25
25 239
25 273
53 196
261 196
109 128
245 109
157 109
288 157
157 181
139 159
194 159
181 180
62 58
309 62
310 309
62 249
249 247
2 313
295 294
295 41
308 270
43 40
132 38
34 47
248 247
244 8
272 75
125 240
3 35
279 147
112 18
4 86
303 222
303 306
220 128
274 19
262 189
148 137
246 109
156 3
156 260
291 108
111 18
200 27
202 27
81 78
81 80
41 50
50 280
281 280
281 266
266 49
49 48
266 65
65 63
15 63
66 63
293 15
307 293
267 307
64 63
241 64
241 193
