3
25
267 15
15 13
4 13
255 4
4 0
6 0
57 4
150 57
54 6
54 298
24 57
24 36
6 18
18 91
90 18
24 109
109 107
54 74
74 73
157 109
157 181
181 180
41 267
41 50
50 48
32
6 32
32 255
6 21
90 21
91 21
25 21
25 36
32 69
150 69
108 25
108 107
108 75
75 73
196 75
298 196
25 128
155 128
155 181
181 180
255 34
16 34
16 45
42 45
193 42
241 193
241 64
64 63
65 63
267 65
266 65
266 49
49 48
40
90 1
23 1
23 36
23 78
78 107
23 69
69 137
150 137
1 0
8 0
6 8
85 8
298 85
85 76
76 73
1 21
91 21
147 137
147 34
255 34
3 0
155 3
155 181
181 180
152 69
16 152
16 40
42 40
193 42
241 193
241 64
64 63
15 63
293 15
307 293
267 307
267 65
266 65
266 49
49 48
