3
24
158 126
84 126
25 126
25 201
25 22
25 99
213 25
25 110
25 60
25 36
5 25
92 5
103 5
126 128
109 128
152 128
152 259
152 4
258 4
4 118
147 4
16 152
16 40
43 40
27
84 8
8 58
60 58
19 8
92 19
103 19
24 19
24 22
24 201
24 109
213 24
24 110
24 36
24 99
60 127
158 127
14 127
14 259
14 278
278 147
32 147
258 32
32 118
14 152
152 44
44 40
43 40
30
158 11
109 11
72 11
72 60
25 11
26 25
26 36
26 201
26 22
213 26
26 99
26 110
25 1
92 1
103 1
103 300
300 84
11 69
69 137
147 137
147 34
258 34
34 118
177 34
177 259
16 34
16 45
42 45
42 40
43 40
