3
20
5 23
5 51
23 239
23 113
94 5
214 23
23 78
109 78
54 51
261 54
54 6
23 69
143 69
6 32
122 32
32 4
4 13
15 13
15 63
65 63
25
16 152
152 128
23 128
109 128
25 128
25 239
25 113
214 25
25 21
21 51
6 21
94 21
152 75
196 75
261 196
152 4
57 4
143 57
116 4
116 30
122 30
16 40
41 40
41 267
267 65
33
6 0
11 0
109 11
1 0
23 1
94 1
24 109
24 214
24 113
53 1
53 51
25 11
25 239
11 69
69 137
143 137
4 0
120 4
120 29
122 29
3 0
156 3
156 260
261 260
152 69
152 294
295 294
295 41
41 50
50 280
281 280
281 266
266 65
