3
24
152 4
120 4
152 46
46 45
152 75
76 75
272 75
196 75
196 231
4 0
9 0
54 196
54 248
1 0
102 1
106 1
25 1
284 25
25 60
183 60
189 60
42 45
41 42
314 41
28
24 284
24 19
102 19
106 19
24 74
76 74
19 8
8 9
54 74
54 231
8 58
60 58
72 60
72 183
72 189
75 74
272 75
62 58
62 247
248 247
177 74
177 34
120 34
16 34
16 45
16 40
41 40
314 41
35
5 0
102 5
106 5
3 0
60 3
6 0
6 32
120 32
32 197
76 197
72 3
72 189
72 183
54 6
54 231
8 0
8 9
32 69
152 69
152 44
44 45
5 23
24 23
24 284
62 3
62 249
249 247
248 247
197 225
225 75
272 75
152 294
295 294
295 41
314 41
