3
24
2 25
25 221
101 25
2 196
196 299
196 231
196 195
196 75
76 75
75 73
2 21
106 21
152 75
152 44
44 40
41 40
25 60
189 60
262 189
42 40
193 42
241 193
241 64
64 63
27
24 25
24 221
25 1
106 1
101 1
24 74
76 74
74 73
54 74
54 299
54 231
54 195
25 128
152 128
152 46
46 45
44 45
42 45
41 42
41 267
267 15
15 63
72 128
72 189
262 189
64 63
241 64
33
85 8
85 76
85 299
85 195
76 73
19 8
101 19
106 19
54 85
54 231
24 19
24 221
223 76
296 223
296 294
295 294
295 41
296 152
16 152
16 45
44 45
41 50
50 48
49 48
266 49
266 65
65 63
223 11
72 11
72 189
262 189
64 63
241 64
