3
34
235 75
196 75
196 249
152 75
14 152
152 44
44 45
14 127
159 127
127 129
60 127
25 127
214 25
152 278
278 147
5 25
5 98
5 0
152 69
149 69
250 147
271 250
225 75
225 39
226 39
222 225
303 222
108 75
108 78
78 77
14 13
15 13
15 63
65 63
38
3 0
60 3
62 3
62 249
4 0
147 4
11 0
11 129
1 0
98 1
178 4
14 178
147 228
271 228
178 74
235 74
57 4
149 57
23 1
214 23
11 194
194 159
23 79
79 77
152 4
16 152
16 45
16 40
44 40
39 11
226 39
41 40
41 267
267 65
11 127
168 127
306 168
303 306
47
24 74
24 214
177 74
14 177
24 25
25 60
177 34
147 34
25 21
98 21
25 126
126 129
235 74
147 137
149 137
2 25
2 0
139 137
139 159
228 34
271 228
152 177
152 46
46 45
130 74
130 79
79 77
42 45
42 40
44 40
54 74
54 248
248 247
249 247
41 42
41 50
50 48
49 48
266 49
266 65
126 38
39 38
226 39
76 74
76 168
306 168
303 306
