3
22
10 0
7 0
3 0
156 3
4 0
178 4
250 4
32 4
32 308
62 3
62 249
1 0
106 1
23 1
23 204
23 79
23 203
81 79
81 80
152 4
152 44
44 45
25
106 5
5 25
25 204
25 203
25 128
178 128
2 25
10 2
10 7
108 25
108 79
2 196
196 249
152 128
16 152
16 45
16 34
250 34
270 34
308 270
81 108
81 80
261 196
261 260
156 260
29
177 34
178 177
147 34
250 147
177 74
54 74
10 54
24 74
24 204
24 203
10 7
24 19
106 19
130 74
130 79
54 248
248 247
249 247
152 177
152 46
46 45
270 34
308 270
261 54
261 260
156 260
24 109
81 109
81 80
