3
22
156 3
62 3
309 62
60 3
189 60
196 309
196 195
25 60
284 25
72 3
72 71
108 25
291 108
26 25
200 26
3 0
7 0
4 0
250 4
252 4
4 86
271 250
32
10 2
10 7
10 54
54 195
10 6
6 32
252 32
32 228
250 228
271 228
32 4
4 86
2 25
25 27
200 27
24 25
24 284
25 11
72 11
72 189
72 71
261 54
261 260
156 260
78 27
108 78
291 108
2 8
8 58
62 58
310 62
310 309
34
34 257
250 34
252 34
76 257
85 76
85 195
228 257
271 228
257 4
57 4
138 57
200 138
24 57
24 284
4 86
57 127
72 127
72 189
72 71
85 8
8 0
10 0
10 7
76 75
108 75
291 108
196 75
261 196
261 260
156 260
196 249
62 249
310 62
310 309
