3
92
16 13
16 45
16 34
251 34
34 182
270 34
254 34
34 70
34 47
269 34
120 34
269 268
305 269
269 223
223 275
177 34
177 74
177 176
177 277
24 74
238 74
213 24
24 36
24 203
24 145
24 23
286 145
287 145
145 153
23 97
177 179
24 192
5 23
177 259
102 5
5 51
5 96
5 12
102 20
24 27
5 95
124 27
106 5
124 172
54 74
92 5
54 84
54 85
84 8
124 127
8 58
159 127
62 58
54 299
310 62
124 171
54 265
23 78
78 77
108 78
78 107
291 108
16 40
41 40
305 222
263 222
222 224
72 127
72 187
72 71
72 189
262 189
41 50
50 48
23 128
220 128
155 128
155 181
288 155
5 18
112 18
18 91
24 19
274 19
224 39
133 39
24 57
151 57
250 34
271 250
49 48
266 49
109
49 48
266 49
266 65
267 65
41 267
267 15
15 13
41 42
42 45
14 13
14 127
14 223
14 277
172 127
305 223
14 268
14 176
14 179
14 259
171 127
4 13
120 4
251 4
4 182
254 4
4 70
25 127
25 203
5 25
108 25
213 25
25 36
23 25
24 25
5 97
25 192
108 107
25 27
25 1
102 1
92 1
106 1
96 1
95 1
1 12
20 1
23 69
151 69
153 69
286 153
287 153
25 21
91 21
21 51
54 51
14 178
178 74
178 275
223 76
85 76
76 224
76 84
76 238
85 265
85 8
85 299
4 118
34 118
125 127
263 125
124 125
228 34
271 228
34 47
60 127
187 60
60 58
60 3
155 3
62 3
157 3
157 181
288 157
14 57
145 57
139 203
139 159
309 62
310 309
154 3
133 154
291 108
296 223
296 269
108 79
79 77
128 127
220 128
27 18
112 18
5 19
274 19
189 60
262 189
72 60
72 71
32 4
32 308
308 270
124
4 0
5 0
8 0
4 182
152 4
152 277
305 152
152 176
152 179
152 259
1 0
23 1
23 192
213 23
23 36
23 203
23 27
152 75
75 74
108 75
238 75
11 0
171 11
11 127
172 11
223 11
200 27
200 153
286 200
200 145
200 287
152 128
124 128
196 75
196 299
196 265
299 84
54 196
128 38
133 38
196 249
62 249
53 1
53 51
53 85
11 194
194 159
223 276
276 275
168 127
263 168
5 21
102 21
92 21
97 21
95 21
106 21
20 21
96 21
91 21
116 4
116 34
145 137
151 137
116 32
32 70
251 32
120 32
254 32
23 79
79 107
23 22
24 22
4 13
79 77
3 0
3 58
152 44
44 45
1 12
32 228
271 228
108 109
157 109
157 155
157 181
288 157
152 294
295 294
295 41
14 152
14 268
76 75
76 224
196 309
310 309
296 152
296 269
220 128
25 11
25 60
187 60
291 108
32 308
308 270
34 47
72 11
72 71
19 8
274 19
18 1
112 18
189 60
262 189
44 40
42 40
193 42
241 193
241 64
64 63
65 63
266 65
266 49
49 48
