3
62
21 51
106 21
98 21
90 21
103 21
20 21
92 21
18 21
111 18
25 21
207 25
108 25
25 201
217 108
25 273
216 108
54 51
54 83
54 231
54 299
54 195
25 11
161 11
11 69
171 11
39 11
69 67
141 69
142 69
143 69
152 69
152 176
152 4
255 4
4 70
25 127
168 127
223 11
223 275
81 108
81 80
72 11
72 71
27 18
202 27
72 3
59 3
3 35
72 189
262 189
39 38
132 38
157 3
288 157
261 54
261 260
157 181
181 180
229 181
16 152
16 40
43 40
72
23 273
207 23
23 69
23 78
108 78
217 78
216 78
23 1
90 1
106 1
103 1
20 1
98 1
18 1
92 1
69 137
141 137
142 137
143 137
111 18
23 128
171 128
32 69
32 4
32 255
32 70
178 128
178 176
178 275
128 127
161 127
23 27
201 27
68 69
68 67
155 128
288 155
202 27
108 75
196 75
196 195
196 231
196 299
76 75
76 168
225 75
225 39
155 3
3 35
61 3
61 59
156 3
156 260
155 181
181 180
229 181
84 195
84 82
83 82
81 78
81 80
128 38
132 38
72 128
72 71
60 127
189 60
262 189
152 128
152 44
44 40
43 40
80
72 71
72 127
171 127
57 127
57 4
57 142
57 69
141 57
143 57
161 127
24 57
24 201
24 207
24 19
106 19
92 19
90 19
103 19
19 20
106 18
24 109
217 109
108 109
216 109
5 19
5 98
14 127
14 176
68 57
68 67
171 126
84 126
299 84
222 126
168 222
85 126
85 195
222 224
224 39
4 118
34 118
34 70
255 34
85 82
83 82
72 60
60 58
59 58
24 23
23 273
178 4
178 276
276 275
103 300
196 300
196 231
111 18
157 109
157 155
288 155
81 109
81 80
60 3
156 3
156 260
3 35
24 27
202 27
126 38
132 38
155 181
181 180
229 181
189 60
262 189
16 34
16 45
42 45
42 40
43 40
