3
21
11 0
3 0
59 3
25 11
25 88
213 25
157 3
157 181
4 0
4 118
8 0
84 8
84 243
299 84
152 4
152 294
295 294
4 13
15 13
15 63
66 63
24
16 34
34 118
16 40
41 40
295 41
16 152
152 128
11 128
23 128
213 23
23 88
155 128
155 181
152 75
196 75
196 299
196 243
155 3
61 3
61 59
41 267
267 65
65 63
66 63
28
24 19
213 24
24 88
24 109
109 11
19 8
85 8
85 299
85 243
8 58
59 58
11 69
32 69
32 118
157 109
157 155
155 181
152 69
152 44
44 45
42 45
41 42
295 41
193 42
241 193
241 64
64 63
66 63
