3
25
2 0
2 196
196 300
300 84
4 0
57 4
178 4
11 0
11 163
170 11
39 11
135 39
39 38
2 25
207 25
25 27
101 25
72 11
72 188
196 249
249 247
4 13
15 13
15 63
64 63
29
16 152
152 128
128 38
178 128
170 128
135 38
23 128
207 23
23 27
128 127
163 127
57 127
126 128
84 126
23 1
101 1
1 0
60 127
188 60
85 126
85 300
54 84
54 248
248 247
16 40
42 40
193 42
241 193
241 64
31
14 13
14 178
14 57
14 127
170 127
24 57
24 27
24 207
163 127
170 126
126 38
24 19
101 19
135 38
5 19
5 0
19 8
84 8
103 19
103 300
3 0
62 3
62 247
60 3
188 60
16 13
16 45
42 45
193 42
241 193
241 64
