3
20
102 21
104 21
6 21
25 21
212 25
25 191
25 11
223 11
269 223
54 6
261 54
54 195
25 127
168 127
306 168
296 223
296 294
295 294
295 41
41 50
27
2 0
6 0
2 196
261 196
196 195
1 0
104 1
102 1
23 1
23 191
212 23
4 0
178 4
223 178
305 178
305 269
305 222
303 222
303 306
4 13
15 13
15 63
65 63
266 65
266 49
49 48
50 48
32
6 8
19 8
102 19
104 19
24 19
24 191
24 212
85 8
85 195
85 76
223 76
76 257
34 257
269 34
8 0
3 0
156 3
156 260
261 260
85 126
222 126
303 222
303 306
16 34
16 40
41 40
41 267
267 65
266 65
281 266
281 280
50 280
