3
16
196 75
298 196
76 75
76 224
76 168
168 127
159 127
160 127
25 127
25 110
76 257
32 257
32 308
152 75
152 294
295 294
21
16 40
41 40
295 41
16 34
270 34
308 270
16 152
305 152
305 222
168 222
222 224
222 126
84 126
298 84
11 126
11 160
11 194
194 159
152 69
23 69
23 110
25
57 4
24 57
24 110
57 139
139 159
24 74
54 74
54 298
57 127
125 127
263 125
263 168
11 127
39 11
224 39
11 160
4 13
15 13
267 15
41 267
295 41
4 118
34 118
270 34
308 270
