3
226
2 8
2 196
6 8
84 8
196 299
53 196
298 196
84 242
84 82
196 249
196 195
196 75
62 249
196 300
234 75
238 75
233 75
310 62
103 300
235 75
75 237
62 3
83 82
75 87
154 3
60 3
6 32
157 3
59 3
32 69
32 308
32 28
157 181
69 67
153 69
30 28
32 255
143 69
157 109
145 153
32 118
32 197
138 153
109 79
215 109
81 109
32 256
109 78
245 109
197 130
217 109
184 60
130 38
188 60
251 32
38 37
131 38
134 38
132 38
29 28
229 181
246 109
57 69
187 60
32 257
286 153
122 32
57 56
142 69
14 57
225 75
156 3
14 223
14 268
14 13
223 275
305 223
254 32
16 13
120 32
140 69
16 45
190 60
33 28
258 32
44 45
53 51
3 35
32 228
116 32
250 228
2 25
2 313
14 176
14 177
32 117
271 228
25 199
212 25
135 38
213 25
170 25
24 109
32 4
25 203
25 113
211 25
25 205
14 179
4 86
25 221
60 127
32 253
103 20
32 121
94 20
252 32
200 153
92 20
207 25
161 127
25 273
125 127
206 25
172 127
125 240
160 127
90 20
104 20
173 127
95 20
127 123
167 127
102 20
166 127
106 20
100 20
198 25
25 239
165 127
282 253
25 204
164 127
105 20
25 22
174 127
158 127
159 127
209 25
25 192
194 159
196 231
152 75
171 127
222 225
150 69
72 3
101 25
32 227
69 137
232 75
16 40
79 77
284 25
103 5
75 73
196 289
152 294
312 152
303 222
5 96
5 97
43 40
303 306
41 40
304 222
148 137
5 98
41 267
41 50
295 294
267 307
50 280
50 48
307 293
61 3
272 75
52 53
84 126
75 74
8 58
196 285
14 278
281 280
155 3
281 266
236 75
25 201
2 21
244 8
91 21
76 84
196 309
189 60
262 189
39 38
226 39
109 128
220 128
19 8
274 19
34 28
34 47
54 196
54 248
108 75
290 108
42 45
193 42
241 193
32 147
279 147
197 27
202 27
6 18
111 18
249
156 260
261 260
261 196
261 54
54 74
54 6
54 299
54 84
238 74
233 74
54 53
54 298
237 74
197 74
54 51
54 242
54 300
54 195
54 83
74 87
234 74
197 225
54 231
54 285
54 289
236 74
74 73
235 74
130 74
6 21
130 79
130 78
92 21
98 21
90 21
104 21
100 21
102 21
105 21
96 21
81 79
215 79
106 21
5 51
232 74
94 21
217 79
20 21
103 21
78 77
76 74
24 74
76 257
223 76
198 24
24 209
24 206
228 257
24 203
24 211
24 207
24 204
24 221
76 75
24 57
24 113
24 212
57 137
143 57
57 127
213 24
57 142
170 127
14 127
24 22
57 140
24 145
97 21
200 145
24 201
24 138
24 284
24 205
95 21
52 51
257 4
286 145
254 4
4 28
258 4
255 4
120 4
256 4
4 13
120 30
250 4
116 4
253 4
117 4
120 33
170 126
121 4
125 126
158 126
126 38
171 126
165 126
126 123
172 126
164 126
167 126
252 4
4 118
251 4
120 29
173 126
166 126
101 21
228 227
174 126
24 199
122 30
271 250
177 74
150 57
177 176
72 127
177 278
72 60
72 188
72 187
60 58
177 179
61 58
62 58
59 58
3 58
309 62
72 190
310 309
14 152
25 21
305 152
16 152
152 44
222 126
24 192
44 40
152 69
54 85
85 82
85 8
132 38
152 46
46 45
76 168
304 168
306 168
133 38
133 154
108 79
108 245
108 109
148 137
303 306
184 60
43 40
290 108
223 11
11 160
161 11
11 194
42 40
41 42
295 41
178 74
178 275
225 39
135 39
39 37
134 39
39 131
296 223
296 294
312 296
23 79
23 273
23 239
226 39
246 109
10 54
10 2
282 253
119 4
32 119
15 13
267 15
293 15
267 65
266 65
307 293
281 266
266 49
49 48
18 21
18 91
62 247
249 247
248 247
272 75
287 145
287 153
68 57
68 67
3 35
128 127
155 128
157 155
155 181
220 128
111 18
229 181
281 280
50 48
125 240
57 56
244 8
4 86
2 313
139 203
139 159
269 223
269 268
147 228
279 147
19 21
274 19
34 257
34 47
270 34
308 270
72 189
262 189
15 63
64 63
241 64
241 193
78 27
202 27
255
92 18
105 18
90 18
104 18
102 18
106 18
5 18
94 18
20 18
103 18
100 18
5 21
95 18
21 51
53 21
101 18
5 25
25 126
25 60
24 25
25 127
27 18
27 192
212 27
198 27
203 27
211 27
207 27
204 27
27 22
213 27
206 27
27 113
201 27
205 27
209 27
199 27
200 27
286 200
200 138
138 137
138 57
142 137
143 137
145 137
140 137
150 137
57 4
152 4
152 278
152 179
152 177
152 176
152 44
25 128
125 128
174 128
173 128
158 128
164 128
165 128
128 123
170 128
128 38
167 128
171 128
166 128
72 128
172 128
177 34
256 34
254 34
252 34
16 34
255 34
34 118
120 34
250 34
116 34
258 34
228 34
116 30
116 29
121 34
251 34
253 34
117 34
118 33
122 29
18 91
53 85
298 85
85 285
85 299
85 242
85 195
85 300
85 76
85 289
234 76
76 238
233 76
76 237
298 84
76 87
236 76
76 73
76 130
232 76
76 225
76 197
44 40
5 23
23 97
23 69
23 78
81 78
217 78
215 78
25 11
109 11
78 77
178 4
14 178
305 178
223 178
305 222
161 11
178 74
85 82
5 0
6 0
8 0
3 0
2 0
72 187
11 160
72 188
85 265
196 265
23 273
23 239
4 13
4 70
32 70
18 1
96 1
98 1
235 74
11 194
178 276
276 275
24 221
3 58
34 257
62 58
24 284
309 62
59 58
61 59
310 309
76 75
31 118
31 28
228 227
155 128
271 250
288 155
288 157
52 51
155 181
72 190
24 219
219 79
68 69
68 67
168 127
304 168
306 168
139 137
139 159
200 287
287 153
108 25
108 245
296 152
312 296
296 294
39 11
39 131
135 39
39 37
134 39
54 265
54 231
54 83
269 34
269 268
296 46
46 45
133 39
133 154
57 56
246 109
220 128
4 86
226 39
229 181
270 34
308 270
290 108
244 8
184 60
132 38
202 27
272 75
62 247
248 247
249 247
148 137
111 18
42 40
41 42
295 41
282 253
34 47
2 313
303 306
3 35
43 40
125 240
15 13
293 15
307 293
92 19
274 19
15 63
65 63
267 65
266 65
64 63
241 64
281 266
266 49
49 48
281 280
50 48
241 193
147 137
279 147
72 189
262 189
261 54
261 260
156 260
