3
95
244 8
84 8
84 242
84 264
84 243
84 126
166 126
173 126
125 126
170 126
166 127
72 127
72 71
76 84
76 224
76 257
76 87
57 127
57 56
149 57
138 57
57 139
57 140
141 57
68 57
139 203
68 88
287 138
203 27
202 27
27 22
205 27
78 27
207 27
217 78
219 78
218 78
14 127
14 176
14 278
14 179
278 147
14 268
250 147
279 147
269 268
19 8
101 19
105 19
274 19
19 21
19 95
102 19
53 21
92 19
52 53
103 19
19 100
54 84
261 54
54 231
126 38
132 38
134 38
257 4
4 182
4 118
119 4
256 4
108 78
290 108
222 126
304 222
81 78
81 80
72 3
3 35
14 152
152 44
11 126
11 194
44 40
43 40
223 76
223 276
41 40
41 267
41 50
50 48
50 280
267 65
266 65
157 3
157 181
181 180
111
2 21
105 21
101 21
102 21
95 21
92 21
103 21
100 21
2 196
53 196
196 243
196 231
261 196
2 25
25 22
25 203
25 88
25 127
25 205
173 127
125 127
170 25
207 25
25 27
25 126
168 127
304 168
108 25
217 108
218 108
108 219
290 108
25 11
166 11
72 11
159 127
139 159
194 159
223 11
269 223
11 69
140 69
149 69
141 69
68 69
269 34
256 34
250 34
34 118
34 182
147 34
34 257
119 34
269 268
279 147
21 51
52 51
223 178
178 278
178 179
178 176
178 276
200 27
200 287
200 138
39 11
134 39
224 39
54 196
54 264
54 242
103 300
300 84
202 27
72 71
196 75
75 87
26 25
26 78
81 108
81 80
2 8
244 8
16 34
16 45
44 45
39 38
132 38
16 13
15 13
267 15
57 69
57 56
16 40
43 40
2 0
3 0
3 35
15 63
65 63
266 65
266 49
49 48
281 266
281 280
1 21
19 1
274 19
155 3
155 181
181 180
127
3 35
60 3
72 60
60 127
170 127
25 60
25 21
101 25
72 128
125 128
166 128
126 128
173 128
23 25
23 22
23 203
23 88
23 205
23 78
207 23
23 27
152 128
152 179
152 278
152 176
25 1
105 1
53 1
92 1
103 1
100 1
102 1
95 1
24 25
24 138
24 219
85 126
85 264
85 242
85 243
23 79
218 79
217 79
138 137
141 137
149 137
139 137
147 137
140 137
147 228
228 257
250 228
32 147
32 256
32 118
32 119
24 145
287 145
305 152
305 269
85 195
84 195
305 222
222 224
24 74
74 87
156 3
156 260
261 260
168 222
304 168
53 51
52 51
196 195
196 231
228 34
34 182
178 128
178 275
276 275
23 69
69 67
68 67
72 71
152 46
46 45
44 45
222 225
225 39
134 39
139 159
194 159
269 268
279 147
202 27
108 79
290 108
24 19
274 19
85 8
244 8
128 38
132 38
24 57
57 56
81 79
81 80
42 45
42 40
43 40
155 128
155 181
181 180
193 42
241 193
241 64
64 63
15 63
293 15
307 293
267 307
65 63
266 65
266 49
49 48
281 266
281 280
