3
17
7 0
11 0
72 11
10 0
10 54
54 196
109 11
108 109
157 109
4 0
253 4
282 253
4 13
15 13
15 63
64 63
241 64
24
2 0
2 196
3 0
72 3
157 3
10 2
10 7
2 25
108 25
6 0
54 6
6 32
32 253
282 253
253 34
16 34
16 40
42 40
193 42
241 193
41 40
41 267
267 65
65 63
29
53 196
54 53
196 75
108 75
152 75
152 128
72 128
155 128
157 155
53 21
6 21
10 6
10 7
152 44
44 45
42 45
193 42
241 193
152 177
177 34
253 34
282 253
41 42
41 50
50 48
49 48
266 49
266 65
65 63
