3
22
4 0
4 182
11 0
11 123
170 11
250 4
250 228
8 0
84 8
244 8
3 0
62 3
154 3
61 3
157 3
157 181
4 13
15 13
15 63
66 63
267 15
267 307
27
16 34
34 182
228 34
16 152
152 128
128 123
170 128
155 128
155 181
126 128
84 126
128 38
133 38
133 154
155 3
3 58
61 58
62 58
8 58
244 8
16 40
41 40
41 267
267 307
267 65
65 63
66 63
45
59 3
61 59
72 3
72 127
127 123
170 127
168 127
76 168
76 84
76 257
228 257
34 257
34 182
76 75
196 75
196 249
62 249
72 11
39 11
133 39
133 154
109 11
157 109
157 155
155 181
85 76
85 8
244 8
152 75
152 44
44 45
42 45
193 42
241 193
241 64
64 63
66 63
41 42
41 50
50 48
49 48
266 49
266 65
267 65
267 307
