3
46
10 7
10 54
54 283
54 301
54 83
54 298
10 2
2 313
2 25
25 239
207 25
114 25
108 25
25 127
25 22
217 108
25 11
209 25
5 25
25 88
103 5
5 17
5 18
111 18
57 127
150 57
57 4
145 57
145 175
11 69
69 67
32 4
122 32
122 30
54 74
237 74
235 74
25 60
184 60
25 128
155 128
155 181
4 13
15 13
15 63
66 63
56
11 0
4 0
11 127
7 0
5 0
109 11
217 109
108 109
24 109
114 24
24 25
24 207
24 22
24 209
24 88
108 75
235 75
75 237
24 138
138 175
196 75
196 301
196 283
298 196
1 0
18 1
103 1
1 17
157 109
157 181
68 88
68 67
111 18
138 137
150 137
5 23
23 239
116 4
116 30
116 29
122 29
301 84
84 82
83 82
60 127
184 60
2 0
2 313
152 4
16 152
16 40
41 40
41 267
267 65
65 63
66 63
63
2 21
25 21
5 21
103 21
21 17
18 21
23 25
207 23
23 22
209 23
23 88
170 25
170 127
170 11
23 69
150 69
23 79
217 79
108 79
23 239
25 113
114 113
115 113
115 4
119 4
119 30
31 119
31 122
2 8
84 8
84 283
298 84
76 84
76 237
85 8
85 301
8 0
7 0
85 82
83 82
68 69
68 67
76 75
235 75
111 18
3 0
157 3
157 181
57 69
138 57
138 175
2 313
60 3
184 60
152 69
152 44
44 45
42 45
193 42
241 193
241 64
64 63
66 63
