3
58
90 1
53 1
95 1
53 51
1 0
11 0
109 11
89 11
81 109
108 109
39 11
290 108
291 108
225 39
109 78
76 225
78 27
76 84
232 76
27 22
84 82
84 283
76 168
84 243
298 84
206 27
84 242
204 27
3 0
154 3
155 3
24 109
24 138
24 284
114 24
4 0
258 4
116 4
32 4
32 227
72 11
186 72
53 196
196 249
11 69
140 69
150 69
68 69
143 69
108 75
272 75
11 128
220 128
4 13
15 13
293 15
267 15
267 65
73
2 0
2 196
196 283
196 243
298 196
2 25
25 204
25 11
25 89
114 25
206 25
108 25
25 22
81 108
284 25
25 27
108 78
196 75
232 75
76 75
225 75
25 60
186 60
25 127
168 127
291 108
25 128
109 128
155 128
57 127
150 57
143 57
57 140
68 57
138 57
2 21
95 21
90 21
21 51
53 21
54 196
54 242
54 84
272 75
76 224
224 39
220 128
133 39
133 154
85 283
85 82
290 108
196 309
309 62
62 249
6 0
6 32
116 32
258 32
32 228
228 227
152 75
16 152
16 40
41 40
41 267
267 307
307 293
41 50
50 280
281 280
281 266
266 65
82
116 34
258 34
34 257
76 257
85 76
85 243
298 85
53 85
85 242
85 126
89 126
84 126
11 126
76 74
232 74
222 126
168 222
222 225
54 85
54 51
54 283
24 74
24 204
24 22
24 206
24 27
24 19
90 19
19 95
200 27
200 138
24 113
114 113
24 219
108 219
219 109
219 78
81 78
138 137
150 137
143 137
140 137
54 83
83 82
85 8
8 0
89 88
68 88
157 109
157 155
126 38
39 38
228 34
228 227
54 248
248 247
249 247
133 38
133 154
25 126
284 25
89 127
60 127
186 60
291 108
290 108
75 74
272 75
126 128
220 128
16 34
16 45
42 45
193 42
241 193
241 64
64 63
65 63
41 42
41 267
267 307
307 293
