3
23
178 4
178 176
223 178
178 74
235 74
32 4
32 308
308 270
75 74
196 75
298 196
223 11
161 11
24 74
24 212
72 11
185 72
24 19
274 19
4 13
15 13
267 15
267 307
30
16 152
152 176
16 34
270 34
152 75
235 75
14 152
14 223
308 270
14 127
161 127
60 127
185 60
25 127
212 25
2 25
2 196
54 196
54 298
25 1
19 1
274 19
16 40
41 40
41 267
267 65
65 63
15 63
293 15
307 293
35
293 15
307 293
15 63
64 63
241 64
241 193
193 42
42 45
46 45
296 46
296 223
296 177
177 176
223 76
76 84
298 84
84 195
196 195
177 34
270 34
76 197
26 197
212 26
76 75
235 75
26 25
25 60
185 60
308 270
76 168
168 127
161 127
84 8
19 8
274 19
