3
18
147 4
279 147
57 4
151 57
150 57
145 57
200 145
152 4
152 75
236 75
272 75
152 128
128 38
131 38
4 13
15 13
267 15
267 307
24
147 34
279 147
147 137
151 137
150 137
138 137
200 138
34 257
76 257
236 76
76 75
272 75
76 224
224 39
39 131
16 34
16 40
41 40
41 267
267 65
65 63
15 63
293 15
307 293
26
293 15
307 293
15 63
64 63
241 64
241 193
193 42
42 45
46 45
152 46
152 69
151 69
150 69
153 69
200 153
152 177
177 74
236 74
11 69
39 11
39 131
75 74
272 75
152 278
278 147
279 147
