3
56
16 34
34 28
228 34
120 34
177 34
177 74
177 278
130 74
75 74
130 78
237 74
215 78
78 107
78 27
27 22
124 27
209 27
27 192
124 169
124 167
27 18
204 27
18 17
92 18
90 18
94 18
124 126
18 21
97 21
197 74
197 230
222 126
303 222
222 224
24 74
24 221
130 38
134 38
269 34
269 268
24 57
57 142
57 140
16 40
44 40
196 75
196 249
62 249
41 40
41 50
147 34
279 147
85 126
85 82
50 280
281 280
69
21 17
92 21
90 21
94 21
25 21
209 25
25 22
25 221
25 192
25 27
25 204
25 126
169 126
167 126
26 25
26 78
124 26
26 18
197 27
197 130
108 25
108 75
108 107
75 237
215 108
32 197
120 32
32 28
32 228
152 75
152 44
152 177
152 278
32 69
140 69
142 69
5 17
5 97
84 126
84 82
14 152
14 268
76 197
76 74
76 224
116 32
116 34
224 39
134 39
197 230
32 147
279 147
25 60
60 3
62 3
62 247
249 247
76 168
306 168
303 306
14 13
15 13
15 63
65 63
266 65
281 266
266 49
49 48
50 48
77
79 107
130 79
215 79
23 79
209 23
23 22
23 97
23 192
23 78
23 27
23 204
23 128
124 128
126 128
167 128
169 128
23 1
1 17
92 1
90 1
94 1
18 1
1 21
178 128
178 278
178 177
178 74
76 130
76 75
76 237
278 147
147 228
76 257
34 257
147 137
142 137
140 137
178 4
4 28
120 4
54 74
54 83
83 82
14 178
14 268
54 196
196 309
309 62
23 25
25 221
54 248
248 247
249 247
152 128
16 152
16 45
44 45
225 130
225 39
224 39
134 39
279 147
197 225
197 230
128 127
168 127
306 168
303 306
42 45
41 42
41 267
267 65
266 65
281 266
266 49
49 48
50 48
