3
18
9 0
4 0
152 4
152 176
11 0
109 11
4 13
15 13
25 11
25 27
208 25
25 239
200 27
72 11
185 72
32 4
32 308
308 270
23
16 152
16 34
270 34
14 152
14 176
152 128
109 128
23 128
208 23
23 27
23 239
26 23
200 26
14 127
60 127
185 60
60 58
8 58
8 9
16 40
41 40
41 267
267 15
27
8 9
19 8
24 19
24 208
24 27
24 109
24 138
200 138
24 74
177 74
177 176
152 177
177 34
270 34
24 23
23 239
24 25
25 60
185 60
152 44
44 40
42 40
193 42
241 193
241 64
64 63
15 63
