3
25
3 0
59 3
11 0
158 11
89 11
10 0
10 54
54 299
54 51
54 248
39 11
224 39
125 11
125 240
11 69
153 69
286 153
152 69
152 294
295 294
295 41
41 50
50 280
50 48
49 48
30
57 4
145 57
286 145
57 127
158 127
89 127
257 4
76 257
76 224
85 76
85 299
54 85
53 85
53 51
125 127
125 240
60 127
60 58
59 58
62 58
62 247
248 247
4 13
15 13
267 15
267 65
266 65
266 49
281 266
281 280
37
2 196
196 299
54 196
2 21
21 51
2 25
25 89
25 126
158 126
222 126
222 224
25 27
200 27
286 200
2 8
8 58
61 58
61 59
196 249
249 247
248 247
125 126
125 240
196 75
152 75
16 152
16 45
42 45
193 42
241 193
241 64
64 63
65 63
266 65
266 49
281 266
281 280
