3
31
25 27
108 25
25 192
108 75
225 75
236 75
196 75
196 231
196 195
196 301
225 39
226 39
25 11
11 0
223 11
165 11
223 275
7 0
152 75
152 278
152 44
4 0
4 118
44 45
42 45
193 42
25 128
155 128
288 155
155 181
181 180
41
108 109
157 109
288 157
24 109
24 27
24 192
24 74
75 74
236 74
197 27
197 225
54 74
54 195
54 231
54 301
32 197
32 118
178 74
178 278
178 275
223 178
10 54
10 7
10 0
109 128
165 128
157 181
181 180
109 11
39 11
226 39
34 118
16 34
16 40
44 40
16 13
15 13
15 63
64 63
241 64
241 193
48
54 85
85 195
85 301
54 231
54 6
6 0
85 76
76 75
223 76
236 76
76 225
6 18
27 18
27 192
14 223
14 278
78 27
108 78
223 276
276 275
85 126
165 126
10 6
10 7
6 32
32 28
33 28
118 33
3 0
157 3
288 157
76 224
224 39
226 39
157 181
181 180
296 223
296 294
295 294
295 41
41 40
44 40
41 267
267 65
65 63
64 63
241 64
241 193
