3
26
106 1
23 1
23 273
23 22
103 1
103 300
23 69
151 69
54 300
54 242
54 248
248 247
62 247
23 128
128 38
38 37
23 27
197 27
197 230
152 69
152 46
46 45
42 45
41 42
41 267
267 307
29
5 0
106 5
3 0
62 3
5 25
25 22
25 273
62 249
249 247
196 249
196 300
300 84
84 242
11 0
39 11
39 37
4 0
57 4
151 57
26 25
26 197
197 230
4 13
15 13
293 15
307 293
16 13
16 40
42 40
41
152 44
152 75
76 75
85 76
85 242
85 300
196 75
196 309
309 62
75 74
24 74
24 22
24 19
106 19
24 25
25 273
24 57
57 137
151 137
225 75
225 39
39 37
196 249
249 247
76 197
197 230
44 40
41 40
41 50
50 48
49 48
266 49
266 65
65 63
64 63
241 64
241 193
193 42
15 63
293 15
307 293
