3
23
105 19
105 18
24 19
24 138
24 23
213 24
23 239
19 8
244 8
23 128
169 128
84 8
301 84
178 128
178 276
178 277
178 259
178 4
4 70
72 128
72 189
305 178
305 269
25
2 25
23 25
213 25
25 239
25 60
189 60
25 11
169 11
2 21
18 21
105 21
223 11
269 223
223 276
269 34
34 70
14 223
14 259
14 277
14 57
138 57
2 196
196 301
2 8
244 8
28
23 1
18 1
105 1
213 23
25 1
25 239
25 126
169 126
85 126
85 301
23 69
69 137
138 137
152 69
152 277
152 259
296 152
296 269
32 69
32 70
296 223
223 275
276 275
25 127
60 127
189 60
85 8
244 8
