3
27
121 4
152 4
312 152
152 297
178 4
178 74
152 69
69 67
139 69
54 74
54 301
152 128
171 128
24 74
24 19
274 19
155 128
155 181
181 180
4 13
15 13
15 63
66 63
267 15
41 267
41 50
50 280
36
3 0
11 0
171 11
8 0
84 8
301 84
76 84
76 74
177 74
177 297
296 177
312 296
177 34
121 34
11 69
68 69
68 67
69 137
139 137
19 8
274 19
157 3
157 181
181 180
296 46
46 45
42 45
193 42
241 193
241 64
64 63
66 63
65 63
266 65
281 266
281 280
38
11 127
171 127
14 127
14 297
57 127
57 139
14 152
152 75
75 74
196 75
196 301
68 57
68 67
296 152
312 296
57 4
32 4
32 121
25 11
25 1
19 1
274 19
109 11
157 109
157 181
181 180
16 152
16 40
42 40
193 42
241 193
241 64
64 63
66 63
65 63
266 65
281 266
281 280
