3
35
94 21
18 21
25 21
208 25
108 25
25 201
216 108
215 108
25 126
84 126
125 126
158 126
167 126
222 126
304 222
25 11
11 69
303 222
303 306
39 11
226 39
152 69
152 294
152 177
152 176
25 60
60 3
156 3
16 152
16 40
43 40
41 40
41 50
50 48
49 48
42
49 48
266 49
266 65
267 65
41 267
295 41
295 294
296 294
296 177
177 176
296 152
152 75
108 75
152 128
125 128
167 128
158 128
108 78
215 78
216 78
26 78
26 18
208 26
94 18
26 201
23 128
23 69
76 75
76 84
76 168
304 168
306 168
196 75
261 196
261 260
156 260
225 75
225 39
226 39
41 42
42 40
43 40
46
14 13
14 177
14 176
14 127
158 127
125 127
167 127
14 57
57 69
24 57
24 208
24 201
24 19
94 19
24 109
216 109
215 109
108 109
19 8
84 8
24 27
27 18
168 127
306 168
304 168
14 223
296 223
296 294
54 84
261 54
261 260
156 260
15 13
15 63
65 63
266 65
266 49
49 48
128 127
128 38
39 38
226 39
14 152
152 44
44 40
43 40
