3
32
150 69
68 69
150 137
148 137
32 69
251 32
23 69
23 79
23 239
210 23
23 128
220 128
72 128
164 128
128 38
132 38
72 3
156 3
178 128
178 275
178 176
178 179
3 0
9 0
125 128
125 240
23 1
19 1
274 19
6 32
54 6
54 83
37
76 130
130 79
223 76
223 275
223 11
72 11
164 11
14 223
14 176
14 179
14 57
68 57
150 57
57 4
251 4
25 11
210 25
25 239
57 137
148 137
130 38
132 38
85 76
85 8
8 9
85 82
83 82
125 11
125 240
19 8
274 19
11 128
220 128
54 85
261 54
261 260
156 260
43
24 19
24 210
24 88
68 88
24 219
219 79
24 57
150 57
57 127
72 127
164 127
24 74
177 74
177 176
177 179
177 34
251 34
178 74
178 276
276 275
24 25
25 239
274 19
2 25
2 8
8 9
84 8
84 82
83 82
125 127
125 240
128 127
220 128
2 196
261 196
261 260
156 260
24 138
138 137
148 137
164 126
126 38
132 38
