3
73
72 11
72 127
25 11
171 11
206 25
208 25
25 99
25 27
11 126
25 201
25 21
114 25
96 21
104 21
92 21
105 21
94 21
20 21
223 11
269 223
223 178
178 259
178 4
178 277
117 4
116 4
117 33
117 29
120 4
121 4
108 25
291 108
218 108
81 108
108 219
57 127
145 57
141 57
143 57
145 175
57 140
85 126
85 242
85 301
85 292
85 265
196 301
196 309
310 309
309 62
72 3
154 3
296 223
311 296
296 294
295 294
27 18
111 18
72 60
184 60
295 41
41 40
197 27
197 230
197 225
41 267
267 65
266 65
281 266
65 63
66 63
223 76
76 238
88
49 48
266 49
50 48
50 280
281 280
41 50
41 42
42 40
295 41
16 40
16 152
311 152
152 259
152 294
152 4
152 277
16 34
269 34
120 34
117 34
116 34
120 33
121 34
120 29
152 128
25 128
72 128
171 128
11 128
126 128
178 128
128 127
25 1
1 21
96 1
20 1
94 1
105 1
92 1
99 21
104 1
99 27
206 27
208 27
201 27
84 126
301 84
84 242
84 292
84 265
196 292
152 69
141 69
143 69
140 69
196 249
62 249
310 62
78 27
218 78
81 78
219 78
152 75
238 75
225 75
24 25
24 145
114 24
24 138
138 175
309 62
108 78
291 108
128 38
133 38
133 154
18 1
111 18
25 60
184 60
32 4
32 197
197 230
16 13
15 13
15 63
65 63
66 63
95
138 137
141 137
143 137
140 137
145 137
138 57
57 4
69 137
11 69
11 127
25 127
171 127
25 126
14 57
14 178
14 259
14 277
32 69
116 32
120 32
32 117
116 33
32 121
116 29
5 25
105 5
5 96
104 5
94 5
92 5
5 21
105 20
24 57
24 208
24 206
24 99
24 219
24 27
24 201
25 113
114 113
219 79
218 79
81 79
14 268
269 268
138 175
2 25
2 196
196 265
178 74
238 74
54 196
54 242
54 301
54 292
39 11
225 39
14 152
311 152
152 44
44 40
152 294
60 127
190 60
72 190
60 3
62 3
310 62
133 39
133 154
309 62
184 60
197 74
197 230
5 18
111 18
108 79
291 108
44 45
42 45
41 42
295 41
41 50
50 280
281 280
50 48
49 48
266 49
193 42
241 193
241 64
64 63
65 63
66 63
