3
23
2 313
2 25
25 273
24 25
25 204
108 25
81 108
24 74
238 74
2 0
4 0
255 4
253 4
251 4
258 4
4 13
15 13
293 15
267 15
267 65
266 65
41 267
41 50
27
16 34
255 34
253 34
251 34
258 34
16 152
152 75
238 75
152 128
109 128
81 109
24 109
24 204
23 128
23 273
16 40
41 40
41 50
50 48
49 48
266 49
196 75
2 196
2 313
41 267
267 307
307 293
29
5 23
24 23
23 204
23 273
23 79
81 79
23 69
32 69
32 255
32 253
251 32
258 32
130 79
76 130
76 238
5 21
2 21
2 313
152 69
152 294
295 294
295 41
41 50
50 280
281 280
281 266
41 267
267 307
307 293
