3
27
152 4
152 294
312 152
121 4
57 4
57 56
57 127
11 127
72 127
186 72
72 189
39 11
136 39
109 11
216 109
4 0
9 0
152 75
238 75
157 109
157 181
196 75
196 309
24 57
24 27
24 19
274 19
33
14 127
14 13
4 13
60 127
186 60
189 60
25 127
25 27
25 11
32 4
32 121
108 25
216 108
60 58
8 58
8 9
62 58
309 62
19 8
274 19
14 57
57 56
128 127
128 38
136 38
155 128
155 181
14 177
296 177
312 296
296 294
177 74
238 74
41
84 126
11 126
76 84
76 238
124 126
124 27
124 127
76 257
257 4
203 27
216 203
34 257
121 34
126 38
136 38
84 8
8 9
25 126
25 60
186 60
189 60
223 11
296 223
312 296
60 3
62 3
310 62
310 309
155 3
155 181
16 34
16 40
41 40
295 41
295 294
25 1
19 1
274 19
11 69
57 69
57 56
