3
27
21 17
20 21
97 21
6 21
6 32
116 32
32 69
153 69
287 153
11 69
125 11
263 125
109 11
219 109
157 109
157 181
54 6
54 74
235 74
232 74
261 54
261 260
116 34
16 34
16 40
41 40
42 40
30
155 3
155 181
156 3
156 260
155 128
125 128
23 128
23 97
23 78
219 78
23 1
1 17
20 1
152 128
152 75
235 75
232 75
152 4
32 4
116 4
152 294
295 294
295 41
41 42
126 128
222 126
263 222
23 27
200 27
200 287
36
4 118
32 118
31 118
116 31
57 4
57 127
125 127
146 57
146 287
168 127
263 168
24 57
24 219
76 168
232 76
24 19
19 17
19 20
5 19
5 97
76 75
235 75
4 13
15 13
267 15
41 267
16 13
16 45
42 45
4 0
3 0
157 3
157 155
155 181
156 3
156 260
