3
24
23 273
23 69
143 69
23 1
93 1
152 69
14 152
152 278
152 75
272 75
152 294
295 294
196 75
261 196
23 27
124 27
295 41
314 41
197 27
197 230
32 69
258 32
41 40
43 40
26
258 34
177 34
14 177
177 278
14 127
124 127
14 57
143 57
25 127
25 273
25 21
93 21
177 74
54 74
261 54
75 74
272 75
197 74
197 230
16 34
16 40
43 40
42 40
41 42
314 41
295 41
34
5 0
93 5
4 0
258 4
178 4
14 178
178 278
178 128
124 128
147 4
147 137
143 137
5 25
25 273
3 0
156 3
156 260
261 260
108 25
108 75
272 75
32 4
32 197
197 230
152 4
152 44
44 40
43 40
4 13
15 13
267 15
41 267
295 41
314 41
