3
16
4 0
4 86
252 4
57 4
146 57
146 287
4 13
15 13
267 15
267 307
41 267
41 42
3 0
155 3
155 181
181 180
22
4 86
32 4
252 32
32 69
153 69
287 153
152 4
16 152
16 40
42 40
11 69
109 11
157 109
157 181
181 180
193 42
241 193
241 64
64 63
15 63
293 15
307 293
28
293 15
307 293
15 63
65 63
266 65
281 266
281 280
50 280
41 50
41 40
44 40
44 45
42 45
16 45
16 34
252 34
147 34
147 137
145 137
287 145
147 4
4 86
152 44
152 128
155 128
157 155
157 181
181 180
