3
17
4 0
4 13
4 70
57 4
143 57
34 70
270 34
145 57
200 145
1 0
20 1
15 13
15 63
66 63
3 0
60 3
186 60
22
16 13
16 152
152 69
143 69
153 69
200 153
32 69
32 70
32 308
308 270
200 26
26 18
20 18
152 128
72 128
186 72
16 40
41 40
41 267
267 65
65 63
66 63
26
14 13
14 57
57 137
143 137
138 57
200 138
24 57
24 19
19 20
14 127
72 127
186 72
147 137
32 147
32 70
32 308
308 270
14 152
152 44
44 45
42 45
193 42
241 193
241 64
64 63
66 63
