3
127
10 7
10 54
54 85
261 54
54 196
54 264
54 84
54 289
85 76
76 224
76 197
76 237
197 230
236 76
232 76
196 75
272 75
152 75
235 75
152 128
312 152
174 128
220 128
128 123
164 128
109 128
171 128
215 109
109 78
81 109
24 109
78 77
218 78
81 80
114 24
24 36
24 199
198 24
24 22
24 210
24 88
24 99
24 207
24 57
24 211
141 57
57 139
24 201
57 137
99 21
148 137
20 21
21 17
100 21
102 21
104 21
103 21
18 21
57 140
96 21
98 21
91 21
101 21
32 197
254 32
32 227
32 256
252 32
32 28
32 253
116 32
33 28
32 117
29 28
258 32
282 253
32 308
308 270
152 69
153 69
69 67
155 128
288 155
155 181
229 181
223 76
269 223
223 276
85 8
8 58
244 8
8 9
60 58
184 60
183 60
186 60
189 60
147 137
279 147
197 27
202 27
23 128
23 239
23 273
16 152
16 40
16 45
43 40
42 40
193 42
72 128
72 71
41 40
41 50
50 48
224 39
226 39
76 168
263 168
49 48
266 49
11 128
11 194
266 65
65 63
15 63
293 15
143
222 224
263 222
222 126
85 126
126 128
174 126
126 123
85 264
84 126
164 126
171 126
85 289
76 84
196 289
261 196
25 126
25 273
207 25
198 25
25 36
210 25
25 199
25 22
25 88
24 25
25 21
211 25
25 239
25 99
25 201
114 25
101 25
25 60
101 20
101 18
100 20
102 20
18 91
103 20
104 20
20 17
68 88
68 67
68 57
24 145
145 153
145 137
140 137
141 137
139 137
76 74
237 74
236 74
235 74
197 74
232 74
220 128
305 222
305 152
305 269
197 230
57 4
253 4
256 4
252 4
258 4
117 4
254 4
117 29
117 33
4 28
116 4
11 126
109 11
152 44
44 40
44 45
42 45
282 253
109 79
79 77
215 79
81 79
218 79
215 78
43 40
81 80
157 109
288 157
157 181
72 60
72 189
72 183
186 72
139 159
194 159
4 0
7 0
9 0
10 0
178 128
178 276
184 60
229 181
72 71
269 34
270 34
25 1
98 1
96 1
228 34
228 227
305 296
312 296
148 137
60 3
3 58
25 27
202 27
147 4
279 147
84 8
244 8
39 11
226 39
76 75
272 75
4 13
15 13
15 63
267 15
267 307
307 293
64 63
241 64
241 193
267 65
266 65
281 266
281 280
50 280
266 49
49 48
160
43 40
44 40
44 45
46 45
152 46
296 46
296 269
14 152
14 57
312 296
14 127
128 127
174 127
164 127
127 123
60 127
171 127
138 57
138 153
138 137
24 138
125 127
263 125
57 69
141 69
140 69
139 69
24 26
26 197
207 26
198 26
26 36
26 22
26 210
26 88
26 18
211 26
100 18
102 18
103 18
104 18
18 17
26 78
26 199
81 78
26 99
26 201
20 18
5 18
5 96
5 21
101 5
5 98
103 300
300 84
85 300
196 300
84 264
84 289
6 18
10 6
24 219
215 219
219 109
24 113
114 113
108 78
218 108
18 91
108 75
75 237
236 75
232 75
197 225
76 225
72 127
72 189
72 183
186 72
5 0
9 0
7 0
25 127
25 239
25 273
296 223
223 275
276 275
152 177
177 34
252 34
256 34
253 34
117 34
254 34
34 28
116 34
258 34
116 29
116 33
270 34
68 69
68 67
24 74
235 74
222 225
222 224
159 127
194 159
196 309
309 62
62 58
219 79
79 77
72 3
157 3
288 157
157 181
156 3
156 260
261 260
282 253
81 80
220 128
184 60
272 75
229 181
148 137
197 230
152 294
295 294
295 41
41 42
72 71
32 69
32 228
228 227
225 39
226 39
41 267
267 307
307 293
6 8
244 8
24 27
202 27
147 34
279 147
267 15
15 63
267 65
266 65
64 63
241 64
241 193
281 266
281 280
50 280
266 49
49 48
