3
78
1 0
101 1
11 0
6 0
169 11
89 11
10 0
166 11
125 11
125 240
4 0
121 4
4 118
254 4
115 4
120 4
253 4
3 0
62 3
155 3
62 249
155 181
196 249
229 181
302 196
154 3
39 11
136 39
39 131
134 39
152 4
312 152
16 152
152 278
296 152
14 152
14 268
53 1
52 53
72 11
72 190
72 71
23 1
23 79
24 23
26 23
216 79
217 79
23 110
81 79
79 107
24 74
24 201
76 74
238 74
76 168
11 69
69 67
146 69
150 69
2 0
2 313
11 127
159 127
16 40
42 40
41 40
43 40
295 41
24 138
286 138
193 42
241 193
18 1
111 18
241 64
64 63
66 63
94
72 128
11 128
169 128
89 128
155 128
166 128
25 128
25 201
25 1
24 25
101 25
26 25
25 110
2 25
10 2
2 196
10 6
24 57
150 57
146 57
14 57
14 278
10 54
54 302
54 74
223 11
223 76
296 223
76 238
312 296
54 51
52 51
269 223
269 268
296 294
295 294
6 32
32 118
254 32
32 121
120 32
32 253
72 60
190 60
109 128
217 109
216 109
109 79
81 109
109 107
72 127
168 127
25 113
115 113
128 38
131 38
136 38
134 38
68 57
68 67
157 155
157 181
11 194
194 159
14 13
16 13
229 181
5 25
5 0
72 71
16 45
42 45
41 42
133 38
133 154
24 145
286 145
2 313
196 309
309 62
62 247
249 247
101 18
111 18
125 128
125 240
44 45
44 40
43 40
15 13
15 63
66 63
64 63
241 64
107
54 6
54 196
54 85
85 76
302 85
6 8
8 0
196 75
238 75
75 74
6 18
26 18
26 201
24 26
26 110
85 126
11 126
169 126
166 126
89 126
6 21
101 21
1 21
108 75
216 108
217 108
81 108
108 79
108 107
177 74
177 278
296 177
14 177
177 34
34 118
254 34
121 34
16 34
120 34
253 34
8 58
62 58
7 0
10 7
250 34
115 250
312 296
222 126
168 222
200 26
286 200
200 287
146 287
146 137
150 137
139 137
139 159
296 269
269 268
21 51
52 51
60 58
190 60
126 38
131 38
136 38
134 38
26 88
68 88
68 67
39 38
133 39
133 154
24 109
157 109
157 181
288 157
288 155
229 181
111 18
54 248
248 247
249 247
152 75
152 294
295 294
2 8
2 313
125 126
125 240
3 58
72 3
72 71
250 4
4 13
15 13
267 15
41 267
41 42
267 65
65 63
66 63
152 44
44 40
43 40
64 63
241 64
