3
299
10 0
4 0
8 0
11 0
10 54
121 4
258 4
257 4
253 4
11 69
54 283
54 53
11 123
158 11
282 253
144 69
116 4
164 11
76 257
141 69
252 4
170 11
54 196
76 75
76 73
150 69
76 87
169 11
161 11
54 248
119 4
109 11
165 11
171 11
54 242
246 109
109 78
54 299
54 300
54 298
157 109
54 51
78 77
68 69
288 157
140 69
173 11
54 264
26 78
153 69
26 110
219 109
72 11
26 36
26 113
145 153
198 26
207 26
24 109
26 99
26 191
76 237
23 69
114 113
213 26
272 75
24 284
26 22
24 221
81 109
23 273
72 187
149 69
214 26
81 80
23 239
72 60
72 188
216 109
26 192
186 72
228 257
26 201
52 53
211 26
26 199
228 227
184 60
26 205
235 75
72 183
26 18
185 72
39 11
196 309
217 109
76 225
108 75
23 97
152 4
212 26
72 190
111 18
152 44
68 88
18 17
133 39
248 247
218 78
109 107
104 18
136 39
76 197
287 153
18 91
39 37
39 38
14 152
133 154
20 18
132 38
135 39
152 46
291 108
44 40
102 18
44 45
309 62
152 176
100 18
14 268
41 40
95 18
72 71
152 297
286 153
269 268
152 177
43 40
145 175
152 277
295 41
41 267
90 18
105 18
305 152
42 40
222 225
267 307
267 15
267 65
152 259
266 65
197 230
281 266
263 222
314 41
304 222
193 42
266 49
281 280
303 222
15 63
241 193
106 18
303 306
66 63
64 63
39 131
296 152
41 50
152 179
226 39
152 278
54 195
215 109
101 18
53 55
206 26
54 74
76 238
11 127
54 285
121 29
109 79
236 76
72 189
76 224
69 137
121 30
26 203
54 83
196 249
245 109
233 76
11 126
26 210
19 8
117 4
142 69
251 4
54 231
25 11
78 27
146 69
31 121
69 67
208 26
76 168
16 152
143 69
209 26
92 18
234 76
157 181
271 228
124 123
26 204
138 153
310 309
54 301
152 294
134 39
274 19
93 18
159 127
262 189
229 181
122 29
148 137
112 18
181 180
312 152
83 82
94 18
1 0
57 4
147 4
53 21
89 11
261 54
11 160
174 11
121 33
54 292
54 265
4 86
8 58
125 11
3 0
178 4
167 11
54 302
54 289
121 34
244 8
223 11
139 69
11 163
11 128
178 275
220 128
34 47
270 34
178 276
61 58
3 35
308 270
98 1
120 4
256 4
166 11
172 11
250 4
255 4
9 0
84 8
115 4
4 182
162 11
1 12
59 58
156 3
279 147
96 1
4 13
85 8
4 70
6 0
4 28
103 300
261 260
57 56
254 4
7 0
54 243
125 240
2 0
2 313
306
5 0
106 5
5 17
103 5
105 5
104 5
92 5
5 1
5 95
102 5
53 1
5 51
100 1
53 196
52 51
106 20
196 299
196 75
196 283
196 300
75 87
196 243
196 301
298 196
234 75
196 289
75 73
101 5
93 5
5 25
2 196
25 113
198 25
170 25
207 25
284 25
10 2
25 22
213 25
25 191
214 25
25 201
114 25
211 25
26 25
2 8
25 128
25 204
124 170
210 25
173 128
158 128
128 123
169 128
25 36
72 128
109 128
165 128
164 128
209 25
25 99
24 25
25 127
162 128
24 57
24 219
161 127
160 127
57 140
68 57
219 78
149 57
57 69
215 219
81 78
128 38
57 137
171 128
131 38
134 38
136 38
24 138
150 57
163 127
57 139
138 175
286 138
208 25
168 127
135 38
144 57
168 222
115 113
304 168
222 224
143 57
217 78
263 168
108 25
57 142
8 9
10 6
305 222
115 250
54 6
305 296
224 39
133 38
305 269
296 177
271 250
68 67
306 168
177 176
177 277
296 294
177 179
177 259
177 278
177 297
218 108
295 294
305 223
312 296
296 46
223 76
223 276
46 45
108 245
223 275
38 37
42 45
16 45
287 138
41 42
16 40
250 34
16 13
26 197
255 34
116 34
34 257
252 34
119 34
116 31
116 33
116 30
34 182
256 34
258 34
120 34
15 13
116 29
147 137
251 34
254 34
34 70
31 122
78 107
34 28
302 196
196 231
299 84
25 27
84 242
84 264
167 128
146 57
141 57
25 88
139 159
253 34
5 97
225 75
5 18
196 195
219 79
25 273
206 25
24 145
75 74
238 75
25 89
25 221
79 77
174 128
25 60
235 74
172 128
25 239
25 192
216 78
250 228
14 127
84 82
25 199
125 128
117 34
60 58
189 60
188 60
190 60
185 60
183 60
186 60
62 58
187 60
62 249
62 247
10 7
152 75
5 19
310 62
72 3
178 128
61 3
157 3
5 12
233 75
154 3
59 3
25 126
25 205
196 265
25 203
212 25
5 98
5 23
53 85
196 292
236 75
196 285
166 128
75 237
5 21
90 1
91 21
261 196
55 51
5 96
25 110
94 5
83 82
310 309
220 128
282 253
274 19
34 47
155 128
155 181
288 155
229 181
314 41
125 240
181 180
269 268
32 69
32 308
32 121
32 4
32 227
279 147
43 40
112 18
197 230
246 109
248 247
4 86
148 137
111 18
41 50
50 280
308 270
261 260
156 260
81 80
272 75
2 313
244 8
72 71
291 108
44 45
3 35
184 60
50 48
49 48
281 280
293 15
307 293
57 56
128 129
11 129
303 306
262 189
200 26
200 153
266 49
226 39
132 38
15 63
65 63
64 63
241 64
267 65
66 63
241 193
309
5 0
5 12
94 5
94 21
94 20
98 21
105 21
104 21
103 21
21 51
95 21
100 21
53 51
102 21
92 21
94 1
94 19
6 21
25 21
6 8
97 21
2 21
93 21
106 21
23 1
99 21
23 113
198 23
207 23
214 23
23 78
213 23
23 22
23 191
211 23
26 23
23 128
23 204
209 23
170 128
124 26
208 23
124 162
124 173
124 164
124 158
124 169
124 165
124 171
90 21
212 23
215 78
23 27
124 167
197 27
201 27
23 88
108 78
152 128
108 109
108 219
152 69
108 107
197 225
23 205
217 108
23 199
225 39
126 128
124 125
222 126
126 123
23 203
23 192
139 203
84 126
263 125
76 84
84 283
298 84
84 243
84 195
301 84
300 84
84 289
216 108
54 84
302 84
84 292
84 265
24 19
89 128
114 24
124 172
81 108
139 137
85 126
143 137
140 137
141 137
149 137
85 299
85 264
144 137
138 137
85 242
126 38
145 137
142 137
286 145
287 145
146 137
85 82
150 137
138 57
128 127
124 166
72 127
14 57
174 124
14 177
14 176
14 13
14 277
14 259
14 179
14 278
14 223
177 34
278 147
269 223
16 34
84 285
14 297
296 223
228 34
250 147
60 127
14 178
60 3
21 17
3 58
62 3
23 79
197 74
206 23
234 74
74 87
74 73
237 74
218 79
23 36
233 74
236 74
101 21
238 74
210 23
23 110
96 21
305 178
18 21
115 250
59 3
61 59
16 45
79 77
185 60
16 40
42 45
189 60
34 118
118 33
4 118
33 28
119 33
30 28
31 118
117 33
122 33
29 28
120 33
134 38
6 32
32 257
251 32
258 32
32 253
252 32
32 70
32 255
254 32
116 32
32 256
186 60
15 13
25 239
133 38
32 308
284 25
32 121
190 60
38 37
188 60
155 3
157 155
310 62
163 127
271 250
131 38
136 38
161 127
91 21
55 51
224 39
155 181
223 275
276 275
68 57
135 38
34 182
138 175
46 45
10 6
41 42
10 7
232 76
232 75
25 273
32 227
68 67
196 285
183 60
261 196
25 221
312 296
196 231
296 294
62 247
249 247
295 294
288 155
108 245
263 168
154 3
304 168
306 168
160 127
235 74
187 60
8 9
52 51
200 27
200 153
124 129
11 129
11 194
194 159
314 41
248 247
220 128
44 45
81 80
282 253
244 8
226 39
111 18
34 47
246 109
3 35
262 189
310 309
181 180
132 38
291 108
43 40
261 260
156 260
308 270
269 268
2 313
41 50
50 280
15 63
65 63
229 181
57 56
83 82
267 65
281 280
4 86
274 19
50 48
49 48
66 63
272 75
112 18
279 147
125 240
148 137
184 60
64 63
241 64
303 306
197 230
241 193
293 15
307 293
72 71
266 49
