3
25
16 13
15 13
16 152
296 152
152 128
171 128
25 128
25 221
25 203
25 21
6 21
93 21
54 6
54 292
109 128
219 109
246 109
128 38
131 38
16 40
42 40
193 42
16 34
119 34
119 29
29
246 109
24 109
24 221
24 219
24 203
24 19
93 19
109 11
171 11
19 8
6 8
39 11
39 131
85 8
85 292
223 11
296 223
6 32
32 28
29 28
296 294
295 294
295 41
41 267
267 15
15 63
64 63
241 64
241 193
41
4 0
6 0
116 4
116 29
1 0
93 1
23 1
23 203
23 78
219 78
8 0
84 8
84 292
84 126
171 126
24 23
24 221
152 4
152 46
296 46
126 38
39 38
39 131
109 78
246 109
152 44
44 40
41 40
41 50
50 280
281 280
281 266
266 65
267 65
267 307
307 293
293 15
65 63
64 63
241 64
241 193
