3
18
14 13
15 13
267 15
267 65
14 57
24 57
24 203
24 109
215 109
24 19
19 95
24 74
237 74
54 74
54 301
157 109
157 181
181 180
23
15 63
65 63
293 15
307 293
267 307
41 267
41 40
44 40
152 44
152 75
75 237
108 75
215 108
196 75
196 301
108 25
25 203
25 1
95 1
152 128
155 128
155 181
181 180
26
5 0
5 95
5 23
23 203
23 78
215 78
8 0
84 8
301 84
76 84
76 237
4 0
152 4
152 294
295 294
295 41
41 267
41 50
50 280
281 280
281 266
266 65
3 0
155 3
155 181
181 180
