3
19
116 4
57 4
144 57
145 57
286 145
24 57
24 22
57 127
164 127
127 123
164 126
85 126
126 38
131 38
4 0
3 0
156 3
62 3
309 62
22
2 8
85 8
2 196
196 309
2 25
25 22
25 11
164 11
11 123
24 25
24 145
39 11
39 131
24 138
286 138
11 69
144 69
32 69
116 32
261 196
261 260
156 260
27
26 22
200 26
200 145
286 200
124 26
124 123
124 164
145 137
144 137
26 197
76 197
85 76
147 137
147 34
116 34
197 225
225 39
39 131
54 85
261 54
261 260
156 260
54 196
196 249
62 249
310 62
310 309
