3
28
6 0
8 0
4 0
251 4
11 0
109 11
162 11
217 109
25 11
25 203
57 4
68 57
72 11
186 72
54 6
261 54
54 285
250 4
271 250
84 8
84 82
4 13
15 13
267 15
267 65
41 267
41 50
50 280
34
16 34
251 34
228 34
271 228
251 32
6 32
6 8
32 69
68 69
85 8
85 285
85 82
196 285
261 196
23 69
23 203
85 126
162 126
23 78
217 78
109 78
8 58
60 58
186 60
16 40
42 40
193 42
241 193
241 64
64 63
65 63
266 65
281 266
281 280
42
10 0
10 6
9 0
8 9
3 0
157 3
157 109
109 128
162 128
109 79
217 79
24 109
24 203
24 88
68 88
60 3
186 60
156 3
156 260
261 260
10 54
54 83
83 82
54 84
84 285
152 128
152 4
32 4
251 32
32 228
271 228
152 44
44 45
42 45
193 42
241 193
241 64
64 63
65 63
266 65
281 266
281 280
