3
61
57 4
4 28
152 4
57 139
252 4
4 0
296 152
10 0
296 269
152 44
139 159
44 40
43 40
152 75
272 75
232 75
76 75
76 168
263 168
108 75
81 108
290 108
108 109
246 109
24 57
24 199
24 208
24 212
24 36
41 40
41 267
57 127
166 127
158 127
89 127
72 127
186 72
72 71
1 0
92 1
103 1
102 1
105 1
8 0
244 8
32 4
32 227
253 4
282 253
10 54
54 248
54 195
54 289
261 54
261 260
42 40
193 42
241 193
41 50
50 280
281 280
73
2 0
10 2
2 21
102 21
92 21
103 21
105 21
11 0
158 11
109 11
89 11
166 11
81 109
2 25
25 36
208 25
212 25
25 199
223 11
269 223
223 76
296 223
232 76
246 109
269 34
34 28
252 34
125 11
263 125
11 69
139 69
57 69
152 69
11 127
168 127
159 127
25 60
186 60
228 34
228 227
2 196
196 289
196 195
16 34
16 40
16 45
44 45
43 40
253 34
282 253
196 249
249 247
248 247
3 0
156 3
156 260
72 11
72 71
196 75
272 75
108 25
290 108
2 8
244 8
16 13
15 13
267 15
15 63
64 63
241 64
267 65
266 65
281 266
82
11 194
194 159
11 128
152 128
158 128
109 128
89 128
166 128
23 128
208 23
212 23
23 36
23 199
5 23
102 5
92 5
105 5
103 5
5 0
89 203
139 203
305 152
305 269
305 296
7 0
10 7
305 222
263 222
168 222
14 152
14 57
222 224
76 224
109 78
81 78
76 74
232 74
76 84
84 289
84 195
23 69
32 69
252 32
32 28
16 152
16 40
32 228
228 227
152 46
46 45
44 45
72 128
72 60
186 60
246 109
72 71
43 40
72 3
62 3
62 247
248 247
156 3
156 260
108 78
290 108
84 8
244 8
75 74
272 75
32 253
282 253
14 13
15 13
293 15
307 293
267 307
267 65
266 65
281 266
65 63
64 63
241 64
