3
26
295 41
41 50
50 280
281 280
295 294
152 294
152 277
152 4
253 4
282 253
116 4
116 33
152 128
124 128
124 27
27 22
209 27
27 18
111 18
125 128
263 125
263 168
306 168
155 128
155 181
181 180
33
4 0
4 118
118 33
178 4
178 277
1 0
23 1
23 27
23 22
209 23
18 1
111 18
305 178
305 222
263 222
303 222
303 306
305 296
296 294
295 294
32 4
32 253
282 253
3 0
157 3
157 181
181 180
4 13
15 13
267 15
267 65
266 65
281 266
37
16 34
34 28
33 28
177 34
177 277
32 28
32 197
197 27
26 197
26 22
209 26
197 225
222 225
263 222
303 222
303 306
26 18
111 18
253 34
282 253
296 177
296 294
295 294
24 27
24 109
157 109
157 181
181 180
16 40
42 40
193 42
241 193
241 64
64 63
65 63
266 65
281 266
