3
22
1 0
19 1
25 1
25 221
198 25
25 203
4 0
252 4
25 127
168 127
127 129
178 4
178 278
53 1
53 196
196 309
152 4
152 44
44 45
42 45
193 42
241 193
25
177 74
177 278
76 74
76 168
177 34
252 34
24 74
198 24
24 221
24 19
24 203
5 19
5 0
11 0
11 129
3 0
62 3
309 62
14 177
14 13
15 13
15 63
64 63
241 64
241 193
31
16 152
152 278
152 128
128 129
23 128
198 23
23 203
152 69
32 69
252 32
6 32
6 0
6 8
19 8
24 23
24 221
305 152
305 222
168 222
8 58
62 58
310 62
310 309
16 40
41 40
41 267
267 65
65 63
64 63
241 64
241 193
