3
19
147 4
116 4
279 147
57 4
146 57
24 57
24 206
24 219
24 74
236 74
57 127
160 127
60 127
188 60
125 127
125 240
130 74
130 38
136 38
20
206 25
25 60
108 25
108 219
25 11
11 160
72 60
72 188
39 11
136 39
11 69
146 69
108 75
236 75
32 69
116 32
32 147
279 147
125 11
125 240
25
206 23
23 78
219 78
23 69
69 137
146 137
147 137
147 34
116 34
130 78
76 130
236 76
23 128
72 128
72 188
72 3
60 3
11 128
11 160
225 130
225 39
136 39
279 147
125 128
125 240
