3
18
4 0
117 4
253 4
11 0
164 11
3 0
157 3
39 11
39 37
226 39
25 11
25 239
25 191
4 13
15 13
267 15
267 65
266 65
25
293 15
307 293
267 307
41 267
41 40
16 40
16 34
117 34
253 34
16 152
152 128
164 128
128 38
38 37
155 128
157 155
23 128
23 191
23 239
39 38
226 39
41 50
50 280
281 280
281 266
31
109 11
157 109
11 126
164 126
24 109
24 191
11 69
32 69
32 117
32 253
126 38
38 37
24 23
23 239
136 38
136 39
226 39
152 69
152 44
44 40
42 40
193 42
241 193
241 64
64 63
15 63
41 42
41 50
50 48
49 48
266 49
