3
16
55 51
21 51
94 21
25 21
25 88
25 127
159 127
168 127
306 168
25 128
152 128
152 294
155 128
288 155
155 3
59 3
21
1 0
94 1
53 1
53 55
23 1
23 88
3 0
157 3
288 157
3 58
59 58
11 0
11 194
194 159
223 11
296 223
296 294
11 126
222 126
303 222
303 306
27
57 4
57 139
139 159
24 57
24 88
24 19
94 19
24 109
157 109
288 157
19 21
53 21
53 55
19 8
8 58
61 58
61 59
152 4
16 152
16 40
41 40
295 41
295 294
305 152
305 222
303 222
303 306
