3
61
59 3
62 3
62 249
62 247
248 247
196 249
298 196
196 75
152 75
236 75
233 75
152 297
152 44
14 152
232 75
152 46
152 128
167 128
125 128
23 128
23 199
212 23
208 23
23 22
23 79
23 205
219 79
23 1
98 1
94 1
92 1
93 1
18 1
18 91
112 18
152 69
151 69
149 69
139 69
32 69
32 308
32 253
32 227
153 69
286 153
128 38
134 38
132 38
25 128
114 25
25 221
44 40
41 40
41 267
41 50
50 280
50 48
49 48
267 65
65 63
64 63
73
42 45
46 45
44 45
16 45
16 152
16 13
14 13
14 297
16 34
253 34
15 13
267 15
14 127
125 127
167 127
14 57
57 139
149 57
151 57
25 127
208 25
25 199
212 25
25 22
25 205
23 25
24 57
24 221
24 219
114 24
25 21
92 21
91 21
94 21
98 21
93 21
18 21
24 74
233 74
236 74
232 74
54 74
54 248
54 298
112 18
270 34
308 270
228 34
228 227
108 25
108 79
145 57
286 145
60 127
60 58
59 58
62 58
54 196
196 249
193 42
241 193
241 64
11 127
39 11
134 39
39 38
132 38
15 63
65 63
266 65
266 49
281 266
281 280
91
19 8
94 19
92 19
94 18
93 19
24 19
24 199
24 22
24 208
24 23
24 212
24 205
24 221
24 113
114 113
24 203
139 203
5 19
5 98
85 8
298 85
24 109
109 79
219 109
85 126
167 126
125 126
85 76
232 76
236 76
233 76
223 76
14 223
139 137
149 137
151 137
223 178
178 297
296 223
296 46
296 152
24 138
286 138
178 4
253 4
19 21
91 21
54 85
54 248
8 58
61 58
61 59
2 8
2 196
196 309
309 62
76 224
224 39
134 39
76 257
228 257
228 227
196 249
112 18
126 38
132 38
34 257
270 34
308 270
4 13
15 13
293 15
307 293
267 307
296 294
295 294
295 41
41 42
42 40
16 40
16 45
44 45
193 42
241 193
241 64
15 63
65 63
266 65
266 49
281 266
281 280
