3
25
11 0
72 11
223 11
11 163
173 11
109 11
3 0
62 3
59 3
25 11
25 203
212 25
25 221
4 0
250 4
253 4
282 253
4 13
15 13
267 15
267 65
15 63
64 63
241 64
241 193
32
24 212
24 203
24 109
24 221
109 128
72 128
173 128
178 128
223 178
128 127
163 127
72 3
3 58
59 58
62 58
24 113
115 113
115 250
250 34
253 34
282 253
16 34
16 45
42 45
193 42
241 193
41 42
41 50
50 280
281 280
281 266
266 65
39
14 223
14 127
72 127
173 127
163 127
89 127
89 203
23 203
212 23
216 203
216 109
24 23
24 221
14 278
278 147
250 147
60 127
60 3
61 3
61 59
14 152
152 75
196 75
196 309
309 62
152 44
44 40
42 40
193 42
241 193
32 147
32 253
282 253
41 40
41 50
50 48
49 48
266 49
266 65
