3
17
15 13
15 63
66 63
16 13
16 34
270 34
267 15
41 267
314 41
16 152
152 75
196 75
196 243
108 75
290 108
108 25
25 199
22
41 40
314 41
44 40
152 44
152 69
23 69
23 199
32 69
32 308
308 270
6 32
54 6
54 243
23 78
108 78
290 108
42 40
193 42
241 193
241 64
64 63
66 63
25
8 0
84 8
84 243
19 8
24 19
24 199
4 0
32 4
32 308
308 270
24 219
108 219
290 108
152 4
152 294
295 294
295 41
314 41
41 50
50 48
49 48
266 49
266 65
65 63
66 63
