3
48
225 75
108 75
238 75
235 75
290 108
108 78
152 75
78 77
296 152
81 108
152 4
117 4
4 13
57 4
15 13
57 137
150 57
108 25
25 99
25 22
25 1
25 113
114 25
95 1
25 205
25 21
91 21
152 128
165 128
196 75
302 196
196 265
196 309
310 309
155 128
155 181
222 225
303 222
152 69
153 69
57 127
161 127
267 15
267 65
197 225
197 230
25 60
188 60
59
23 1
23 22
23 113
23 99
23 78
23 205
114 113
81 78
23 69
69 137
150 69
57 69
18 1
18 91
95 18
14 57
14 13
14 152
145 137
145 153
14 177
296 177
32 69
32 117
177 74
238 74
235 74
11 69
161 11
165 11
54 74
54 302
54 265
72 11
72 188
23 79
108 79
79 77
290 108
32 197
197 230
72 3
62 3
310 62
157 3
157 181
14 127
168 127
306 168
303 306
16 13
16 40
41 40
41 267
267 307
307 293
293 15
15 63
65 63
68
108 109
109 78
81 109
24 109
24 113
24 22
24 99
24 205
114 24
24 57
24 138
138 137
138 153
150 137
24 19
19 1
19 95
109 11
11 127
165 127
223 11
296 223
161 11
223 76
76 238
305 223
305 152
85 76
85 265
302 85
24 74
235 74
16 152
16 13
16 34
117 34
157 109
157 181
72 127
72 188
109 79
79 77
26 78
26 18
18 91
290 108
76 197
197 230
19 8
8 58
62 58
310 62
76 168
306 168
303 306
16 45
42 45
193 42
241 193
241 64
64 63
15 63
41 42
41 50
50 280
281 280
281 266
266 65
