3
26
99 21
92 21
26 99
26 191
209 26
26 78
109 78
6 21
6 32
32 118
32 121
32 147
279 147
34 118
177 34
54 6
261 54
261 260
109 11
39 11
226 39
72 11
72 183
16 34
16 40
41 40
29
121 4
4 118
152 4
152 177
152 128
109 128
23 128
23 191
26 23
23 99
23 78
209 23
25 128
25 21
23 1
92 1
25 60
183 60
147 4
279 147
60 3
156 3
156 260
152 294
295 294
295 41
128 38
39 38
226 39
34
5 21
92 5
5 25
25 191
26 25
25 99
209 25
108 25
108 109
108 78
25 127
14 127
14 177
60 127
183 60
14 278
278 147
147 34
121 34
121 33
118 33
14 13
15 13
267 15
41 267
279 147
5 0
3 0
156 3
156 260
26 197
197 225
225 39
226 39
