3
32
2 0
8 0
84 8
4 0
4 182
115 4
147 4
279 147
152 4
312 152
152 259
54 84
54 248
54 83
2 25
211 25
206 25
208 25
25 127
159 127
26 25
200 26
11 0
109 11
246 109
157 109
157 181
181 180
4 13
15 13
15 63
66 63
42
11 194
194 159
11 126
84 126
84 82
83 82
25 11
25 113
115 113
25 27
206 27
211 27
200 27
208 27
25 21
2 21
115 250
250 147
250 34
34 182
279 147
177 34
177 259
296 177
312 296
2 196
196 249
249 247
248 247
11 128
109 128
246 109
155 128
155 181
181 180
16 34
16 40
41 40
41 267
267 65
65 63
66 63
46
76 84
76 74
24 74
24 206
24 211
24 208
24 138
200 138
178 74
178 259
138 137
147 137
139 137
139 159
147 34
34 182
85 76
85 8
2 8
85 82
83 82
178 4
250 4
115 250
279 147
223 76
296 223
312 296
24 109
246 109
8 58
62 58
62 247
248 247
3 58
155 3
155 181
181 180
296 46
46 45
42 45
193 42
241 193
241 64
64 63
66 63
