3
27
16 152
152 128
172 128
152 69
151 69
69 67
109 128
24 109
24 210
24 19
101 19
102 19
128 38
131 38
24 74
54 74
54 85
54 300
54 196
196 309
197 74
197 230
178 128
178 276
128 127
60 127
184 60
31
16 34
269 34
269 223
223 276
223 76
85 76
85 300
223 11
172 11
76 84
54 84
25 11
101 25
210 25
24 25
39 11
39 131
25 1
102 1
19 1
24 57
151 57
68 57
68 67
76 197
197 230
25 60
184 60
60 3
62 3
309 62
38
101 5
5 19
102 5
103 5
103 300
5 23
24 23
210 23
19 8
85 8
5 51
54 51
85 126
172 126
23 69
69 137
151 137
68 69
68 67
8 58
62 58
310 62
310 309
126 38
39 38
39 131
5 0
4 0
4 13
16 13
178 4
178 275
276 275
60 58
184 60
23 27
197 27
197 230
