3
33
57 4
4 13
24 57
68 57
253 4
57 137
57 127
60 127
168 127
128 127
184 60
220 128
11 127
11 194
24 74
237 74
234 74
54 74
54 298
54 53
14 57
14 268
189 60
262 189
197 74
197 230
4 0
2 0
15 13
15 63
65 63
266 65
281 266
40
281 280
50 280
41 50
41 267
267 65
41 40
16 40
16 13
16 34
253 34
16 152
152 128
269 34
269 268
152 69
68 69
57 69
69 137
152 75
75 237
234 75
196 75
53 196
298 196
2 196
72 128
72 60
76 75
76 168
23 128
24 23
184 60
220 128
72 189
262 189
139 69
139 159
194 159
76 197
197 230
46
2 21
53 21
2 25
24 25
25 60
25 128
53 85
298 85
25 88
68 88
24 138
138 57
138 137
85 76
76 237
234 76
25 126
222 126
168 222
25 127
14 127
14 13
6 21
6 32
32 253
159 127
194 159
184 60
220 128
223 76
269 223
269 268
32 197
197 230
72 127
72 189
262 189
14 152
152 294
295 294
295 41
41 267
267 65
41 50
50 280
281 280
