3
20
23 1
23 192
23 36
23 78
206 23
23 205
23 69
142 69
18 1
112 18
152 69
152 278
109 78
246 109
152 46
46 45
42 45
11 69
39 11
226 39
22
27 18
27 192
27 36
78 27
206 27
205 27
112 18
24 27
24 57
57 142
14 57
14 278
24 109
246 109
14 152
152 44
44 40
42 40
197 27
197 225
225 39
226 39
24
16 152
152 177
177 278
16 40
41 40
41 42
152 128
25 128
25 192
25 36
206 25
25 205
26 25
26 78
278 147
147 137
142 137
26 18
112 18
109 128
246 109
128 38
39 38
226 39
