3
42
304 222
222 224
222 126
126 123
126 129
158 126
85 126
85 195
85 299
85 8
244 8
126 128
72 128
72 188
19 8
94 19
152 128
152 177
152 176
152 4
251 4
255 4
4 70
4 86
258 4
152 69
144 69
69 67
143 69
153 69
286 153
109 128
246 109
108 109
245 109
152 75
235 75
94 18
111 18
155 128
155 181
181 180
46
54 6
54 195
54 299
6 32
32 70
32 255
258 32
251 32
6 21
94 21
54 74
177 74
235 74
177 176
76 74
76 224
25 21
108 25
108 245
25 60
188 60
72 60
25 11
11 123
11 129
158 11
76 168
304 168
109 11
246 109
6 18
111 18
32 4
4 86
57 4
144 57
143 57
145 57
286 145
68 57
68 67
6 8
244 8
157 109
157 181
181 180
52
1 0
94 1
11 0
72 11
11 127
127 123
127 129
158 127
14 127
14 177
14 176
177 34
34 70
255 34
258 34
251 34
39 11
224 39
11 69
69 137
143 137
144 137
138 137
286 138
60 127
188 60
8 0
84 8
84 195
299 84
68 69
68 67
168 127
304 168
23 1
23 79
108 79
108 245
244 8
14 178
178 74
235 74
18 1
111 18
4 0
4 86
109 79
246 109
3 0
157 3
157 181
181 180
