3
19
8 0
3 0
61 3
11 0
167 11
84 8
84 265
4 0
152 4
152 176
57 4
145 57
152 294
295 294
16 152
16 40
42 40
193 42
241 193
21
267 15
41 267
41 40
295 41
15 63
64 63
241 64
15 13
14 13
14 176
14 127
167 127
14 57
57 137
145 137
167 126
85 126
85 265
85 8
8 58
61 58
29
2 8
2 196
196 265
2 25
25 128
167 128
24 25
24 145
178 128
178 176
152 128
152 44
44 40
25 60
60 3
59 3
61 59
44 45
42 45
41 42
295 41
41 50
50 48
49 48
266 49
266 65
65 63
64 63
241 64
