3
18
274 19
24 19
24 210
24 23
23 239
24 138
200 138
138 137
23 128
128 38
152 128
305 152
152 294
295 294
19 8
85 8
302 85
85 292
22
25 1
25 239
210 25
25 27
200 27
25 126
126 38
200 145
145 137
84 126
302 84
84 292
222 126
305 222
19 1
274 19
69 137
152 69
152 44
44 40
41 40
295 41
24
54 302
54 292
54 74
130 74
130 38
178 74
305 178
24 74
24 26
26 210
200 26
24 57
57 137
24 25
25 239
5 25
5 19
274 19
178 4
4 13
15 13
267 15
41 267
295 41
