3
36
9 0
1 0
98 1
4 0
251 4
4 86
255 4
251 34
119 4
32 4
32 227
32 69
23 1
207 23
23 128
23 27
206 23
23 199
152 4
296 152
128 38
133 38
8 0
85 8
8 58
85 285
61 58
62 58
62 249
11 0
11 163
152 75
75 237
16 34
16 45
42 45
42
296 177
177 34
255 34
119 34
228 34
228 227
32 255
251 32
177 74
237 74
152 177
152 128
152 69
24 74
24 207
24 199
24 27
24 206
128 127
163 127
54 74
54 85
54 285
60 127
60 58
54 196
196 249
60 3
61 3
154 3
133 154
6 32
6 8
8 9
6 21
98 21
16 152
16 40
42 40
178 177
178 4
4 86
45
84 8
84 285
8 9
84 126
126 128
85 126
25 126
25 27
25 199
207 25
206 25
5 25
5 98
76 84
76 237
11 126
11 69
223 76
296 223
76 257
34 257
39 11
133 39
32 257
32 119
32 255
251 32
228 257
228 227
25 127
163 127
155 128
155 3
3 58
59 3
61 59
62 3
62 247
249 247
296 294
295 294
295 41
41 42
257 4
4 86
