3
22
20 1
23 1
23 110
23 199
23 69
151 69
149 69
152 69
152 277
69 137
147 137
279 147
152 46
46 45
42 45
193 42
41 42
41 50
50 280
281 280
50 48
49 48
23
14 13
14 277
14 57
151 57
149 57
24 57
24 199
24 110
24 19
19 1
19 20
4 13
147 4
279 147
15 13
15 63
65 63
266 65
266 49
281 266
64 63
241 64
241 193
29
1 0
104 1
104 20
25 1
25 199
25 110
4 0
178 4
178 277
57 4
57 137
151 137
149 137
250 4
250 147
279 147
152 4
16 152
16 40
41 40
41 267
267 65
266 65
281 266
266 49
65 63
64 63
241 64
241 193
