3
107
61 3
157 3
60 3
60 127
189 60
186 60
159 127
14 127
124 127
262 189
14 179
14 297
139 159
14 278
124 27
139 137
212 27
198 27
27 22
24 27
210 27
144 137
145 137
24 74
145 153
287 145
237 74
25 60
164 127
101 25
148 137
108 25
197 27
217 108
108 245
197 230
235 74
5 25
24 221
5 96
5 17
5 12
11 127
102 5
213 27
24 284
162 127
128 127
169 127
54 74
54 195
54 85
54 265
54 243
54 301
54 196
54 264
54 6
196 309
54 299
27 113
115 113
115 250
271 250
168 127
304 168
250 34
270 34
253 34
34 28
116 34
282 253
117 34
256 34
120 34
255 34
27 18
112 18
81 108
81 80
14 152
152 44
152 294
44 45
295 294
295 41
41 267
267 65
65 63
64 63
125 127
125 240
42 45
193 42
57 127
68 57
57 56
24 19
274 19
157 181
181 180
41 50
50 48
39 11
136 39
14 223
223 275
128
253 4
115 4
120 4
250 4
117 4
255 4
4 28
256 4
116 4
178 4
14 178
178 74
178 278
178 275
178 179
178 297
178 128
197 74
124 128
164 128
11 128
25 128
162 128
210 25
198 25
25 22
24 25
25 127
25 27
24 145
169 128
212 25
25 221
213 25
284 25
197 230
11 69
153 69
139 69
68 69
287 153
69 137
144 69
11 194
194 159
75 74
108 75
75 237
196 75
235 75
196 299
196 243
196 301
196 195
196 265
85 299
85 264
4 0
3 0
6 0
5 0
101 5
3 58
61 58
60 58
109 128
217 109
157 109
245 109
25 1
1 12
96 1
102 1
1 17
128 38
136 38
72 128
186 72
72 189
148 137
262 189
250 228
271 228
62 3
309 62
282 253
4 13
15 13
267 15
15 63
16 13
16 45
16 40
41 40
44 40
295 41
57 4
57 56
42 40
193 42
241 193
241 64
81 109
81 80
305 178
305 222
304 222
305 296
296 294
125 128
125 240
32 4
32 308
308 270
5 19
274 19
6 18
112 18
155 128
155 181
181 180
41 50
50 280
281 280
281 266
266 65
266 49
49 48
142
6 21
96 21
102 21
25 21
5 21
21 17
101 21
25 11
164 11
162 11
124 164
169 11
23 25
198 23
212 23
210 23
23 27
24 23
213 23
23 22
23 128
72 11
72 3
72 127
72 60
109 11
108 109
24 57
14 57
57 139
57 137
144 57
145 57
152 128
152 179
152 278
152 297
6 32
32 28
32 197
32 117
32 255
32 253
32 256
116 32
120 32
76 197
76 237
85 76
76 74
85 265
85 243
85 301
85 195
2 21
2 196
147 137
250 147
186 72
76 84
84 264
299 84
245 109
155 3
157 155
23 78
217 78
200 27
200 287
200 153
72 189
25 88
68 88
25 221
152 46
46 45
59 3
61 59
284 25
1 21
1 12
223 11
223 276
276 275
152 75
235 75
32 228
271 228
296 152
296 294
152 4
115 4
262 189
11 194
194 159
25 126
222 126
304 222
126 38
136 38
32 308
308 270
148 137
197 230
196 249
62 249
310 62
310 309
282 253
57 56
16 152
16 40
44 40
42 40
41 42
193 42
295 41
241 193
241 64
18 21
112 18
125 11
125 240
14 13
15 13
15 63
293 15
307 293
267 307
19 21
274 19
81 78
81 80
155 181
181 180
41 50
50 280
281 280
281 266
266 65
266 49
49 48
