3
20
10 6
6 18
95 18
6 32
32 227
27 18
213 27
54 6
54 302
124 27
124 166
32 4
4 13
15 13
267 15
267 307
41 267
314 41
41 50
50 280
31
10 2
2 21
95 21
6 21
2 196
302 196
2 25
213 25
25 11
166 11
11 69
32 69
32 228
228 227
152 69
152 294
295 294
295 41
314 41
41 42
193 42
241 193
241 64
64 63
15 63
293 15
307 293
65 63
266 65
281 266
281 280
31
16 152
152 128
166 128
23 128
213 23
23 1
95 1
1 0
6 0
10 0
126 128
84 126
302 84
16 34
228 34
228 227
16 40
41 40
314 41
42 40
193 42
241 193
241 64
64 63
15 63
293 15
307 293
65 63
266 65
281 266
281 280
