3
146
2 0
11 0
2 196
2 25
11 128
196 231
54 196
298 196
114 25
25 88
155 128
25 192
54 83
206 25
25 201
83 82
11 129
196 243
25 204
24 25
25 110
54 248
11 69
196 265
25 60
196 292
140 69
196 249
25 203
185 60
186 60
184 60
216 203
25 191
187 60
54 85
216 78
7 0
78 107
217 78
215 78
5 0
8 0
105 5
5 97
5 17
5 98
5 95
54 242
162 11
166 11
54 51
171 11
11 160
11 126
25 27
155 181
202 27
229 181
181 180
1 0
172 11
196 300
100 1
2 21
165 11
161 11
72 11
91 21
93 5
152 128
152 44
312 152
16 152
152 179
44 40
152 297
152 294
42 40
295 294
43 40
4 0
121 4
251 4
253 4
4 28
121 33
121 30
115 4
254 4
4 86
4 70
119 4
122 33
256 4
31 121
196 75
272 75
235 75
75 237
75 87
232 75
225 75
39 11
133 39
39 131
134 39
136 39
125 11
263 125
125 240
32 69
32 228
32 227
271 228
223 11
223 275
24 138
138 175
263 168
306 168
304 168
303 306
14 152
14 268
41 40
314 41
81 78
81 80
261 196
261 260
41 267
267 307
267 15
15 63
64 63
66 63
196 309
310 309
69 137
148 137
147 4
279 147
41 50
50 48
49 48
165
3 0
60 3
72 3
155 3
72 187
185 72
72 128
186 72
171 128
25 128
128 129
25 11
162 128
166 128
126 128
5 25
85 126
172 128
85 292
85 82
85 265
85 243
54 292
5 51
54 231
85 300
85 8
85 242
25 1
165 128
105 1
1 17
98 1
95 1
2 8
25 21
298 85
100 21
97 21
93 1
25 113
114 113
115 113
24 113
27 113
24 192
24 206
24 201
24 204
24 88
24 191
24 110
24 203
78 27
24 145
145 175
24 57
57 140
57 69
83 82
202 27
222 126
263 222
304 222
222 225
303 222
54 74
235 74
237 74
232 74
74 87
156 3
156 260
5 18
18 91
60 127
161 127
160 127
128 38
131 38
133 38
134 38
136 38
157 3
157 181
303 306
85 195
196 195
115 250
271 250
250 228
228 227
250 34
251 34
121 34
253 34
34 28
254 34
119 34
30 28
256 34
122 30
16 34
31 28
16 40
34 70
33 28
269 34
269 268
16 13
15 13
16 45
42 45
44 45
109 128
109 107
217 109
216 109
215 109
62 3
62 249
310 62
43 40
178 128
178 275
178 297
178 179
62 247
248 247
296 269
312 296
296 294
181 180
41 42
295 41
229 181
10 0
10 7
314 41
293 15
307 293
184 60
193 42
241 193
241 64
81 109
81 80
125 128
125 240
145 137
148 137
75 74
272 75
57 4
4 86
250 147
279 147
41 50
50 280
281 280
281 266
266 49
266 65
65 63
66 63
176
119 30
119 33
31 119
31 122
32 119
32 253
32 121
254 32
251 32
32 70
32 28
32 256
6 32
6 0
54 6
6 8
54 265
54 243
6 21
54 300
105 21
21 17
98 21
95 21
54 298
5 21
21 51
1 21
93 21
54 231
54 84
84 82
84 292
84 126
84 242
25 126
171 126
162 126
126 129
166 126
172 126
165 126
5 23
23 97
23 78
206 23
23 204
23 128
24 23
23 110
23 69
114 24
23 191
23 192
23 203
23 27
23 88
201 27
25 127
72 127
11 127
72 60
108 25
217 108
108 107
216 108
215 108
185 72
76 84
76 237
85 76
232 76
76 225
76 87
160 127
72 187
54 301
196 301
6 18
100 18
10 6
10 2
18 91
14 127
14 179
14 297
10 7
186 72
32 257
228 257
161 127
228 227
126 38
131 38
134 38
136 38
109 78
157 109
157 155
157 181
32 147
147 137
140 137
223 76
223 276
276 275
14 13
15 13
296 223
312 296
296 294
269 223
269 268
24 74
235 74
229 181
8 58
62 58
310 62
3 58
154 3
133 154
62 247
249 247
248 247
296 46
46 45
42 45
16 45
44 45
16 40
83 82
41 42
295 41
156 3
156 260
168 127
168 222
304 222
263 222
303 222
314 41
279 147
303 306
181 180
32 4
250 4
115 250
271 250
148 137
153 69
145 153
145 175
184 60
4 86
202 27
43 40
293 15
307 293
125 126
125 240
81 108
81 80
108 75
272 75
193 42
241 193
241 64
41 50
50 280
281 280
281 266
266 49
266 65
65 63
66 63
