3
21
4 86
57 4
146 57
57 139
139 203
57 127
173 127
168 127
304 168
11 127
39 11
76 168
233 76
223 11
269 223
85 76
85 195
85 82
196 195
53 85
53 55
23
4 86
152 4
296 152
296 269
152 75
196 75
233 75
225 75
225 39
54 196
54 195
222 225
304 222
152 128
173 128
54 84
84 82
23 128
23 203
152 69
146 69
54 51
55 51
27
53 196
54 53
54 74
233 74
54 83
83 82
24 74
24 203
130 74
130 38
39 38
126 38
173 126
84 126
84 195
178 74
305 178
305 269
24 57
57 137
146 137
222 126
304 222
53 51
55 51
178 4
4 86
