3
22
9 0
11 0
89 11
11 127
11 128
23 128
23 205
25 11
25 201
39 11
224 39
223 11
269 223
25 21
91 21
269 34
270 34
109 11
216 109
6 0
6 32
122 32
25
18 91
27 18
201 27
23 27
205 27
203 27
216 203
89 203
89 127
89 128
6 18
6 8
8 9
14 127
14 268
269 268
197 27
76 197
76 224
32 197
32 308
308 270
32 28
33 28
122 33
26
152 128
128 127
305 152
305 269
25 128
25 205
23 25
25 89
108 25
216 108
26 25
26 201
305 222
222 224
26 18
18 91
152 4
4 118
31 118
31 122
2 25
2 8
8 9
32 4
32 308
308 270
