3
51
218 108
291 108
108 75
75 87
234 75
108 25
24 25
25 273
25 205
284 25
152 75
311 152
16 152
152 44
25 60
60 3
59 3
25 11
167 11
11 123
152 4
250 4
252 4
147 4
116 4
178 4
116 31
257 4
4 86
125 11
125 240
5 25
5 98
94 5
106 5
196 75
261 196
196 249
25 203
139 203
76 75
76 84
84 8
76 168
304 168
76 197
197 230
189 60
262 189
32 4
32 308
59
16 13
14 13
14 178
16 34
252 34
250 34
34 257
147 34
116 34
16 45
44 45
178 74
234 74
74 87
24 74
24 284
24 205
24 23
23 273
14 127
127 123
167 127
23 1
98 1
94 1
106 1
14 57
57 139
54 74
261 54
54 84
23 78
218 78
72 127
72 3
34 28
31 28
62 3
62 249
3 58
59 58
8 58
270 34
308 270
197 74
197 230
125 127
125 240
305 178
305 222
304 222
305 296
311 296
4 13
4 86
72 189
262 189
108 78
291 108
69
5 0
8 0
3 0
5 19
24 19
94 19
106 19
61 3
61 59
5 23
23 205
5 21
98 21
23 273
23 128
167 128
128 123
178 128
23 69
139 69
24 284
32 69
252 32
32 257
32 147
116 32
250 147
76 257
76 87
234 76
126 128
84 126
23 79
218 79
122 32
31 122
156 3
156 260
261 260
222 126
304 222
152 128
296 152
311 296
61 58
62 58
62 247
249 247
152 46
46 45
42 45
42 40
16 40
44 40
4 0
4 86
108 79
291 108
32 197
197 230
125 128
125 240
178 177
177 34
270 34
308 270
72 128
72 189
262 189
