3
21
4 28
115 4
29 28
152 4
152 75
196 75
238 75
108 75
108 79
196 309
309 62
108 25
25 205
25 11
11 194
39 11
39 131
4 13
15 13
267 15
267 307
31
14 177
177 34
34 28
177 74
238 74
250 34
115 250
130 74
130 79
54 74
54 196
130 38
131 38
24 74
24 205
196 249
62 249
120 34
120 29
14 127
159 127
194 159
16 34
16 40
41 40
41 267
267 65
65 63
15 63
293 15
307 293
35
23 1
23 205
23 79
53 1
53 196
23 113
115 113
23 69
32 69
32 28
116 32
116 29
53 85
85 76
76 238
1 0
3 0
62 3
23 128
128 38
131 38
139 69
139 159
194 159
152 69
152 44
44 40
42 40
193 42
241 193
241 64
64 63
15 63
293 15
307 293
