3
19
1 0
100 1
25 1
1 12
4 0
152 4
152 278
116 4
116 31
250 4
271 250
152 46
46 45
152 75
233 75
42 45
41 42
41 50
50 280
23
16 45
16 34
228 34
271 228
34 28
31 28
177 34
177 278
177 74
233 74
24 74
24 25
24 19
19 100
5 25
5 12
16 13
15 13
15 63
65 63
266 65
281 266
281 280
25
4 118
31 118
178 4
178 278
178 128
25 128
25 21
100 21
257 4
76 257
233 76
5 21
5 12
228 257
271 228
152 128
152 44
44 45
44 40
41 40
41 267
267 65
266 65
281 266
281 280
