3
38
9 0
8 0
244 8
4 0
178 4
11 0
39 11
39 38
39 131
132 38
11 69
69 67
25 11
25 273
109 11
217 109
109 107
72 11
72 190
116 4
116 33
178 74
232 74
152 4
152 294
197 74
197 230
57 4
138 57
138 175
1 0
18 1
112 18
295 294
295 41
41 50
50 48
49 48
43
32 119
119 33
32 69
23 69
23 273
68 69
68 67
23 78
217 78
78 107
23 128
128 38
178 128
131 38
132 38
38 37
39 37
6 32
6 8
8 9
244 8
6 18
112 18
32 197
76 197
232 76
197 230
69 137
145 137
145 175
23 25
25 60
190 60
152 69
296 152
296 294
32 4
4 13
15 13
15 63
65 63
266 65
266 49
45
24 23
23 273
23 79
217 79
79 107
130 79
130 38
225 130
225 39
131 38
225 75
232 75
24 57
14 57
14 178
24 145
145 175
68 57
68 67
14 177
177 34
117 34
117 33
296 177
296 294
132 38
57 127
60 127
190 60
24 19
19 8
8 9
244 8
197 130
197 230
24 27
27 18
112 18
16 34
16 40
41 40
41 267
267 65
266 65
266 49
