3
243
3 0
154 3
59 3
6 0
9 0
1 0
6 18
6 21
25 1
20 1
96 1
19 1
112 18
206 25
25 113
25 192
25 89
100 1
115 113
198 25
170 25
274 19
25 36
115 250
2 0
133 154
25 128
2 196
2 313
125 128
172 128
196 285
165 128
196 265
196 243
196 75
220 128
298 196
25 203
196 301
263 125
75 74
75 73
216 203
128 129
272 75
196 289
238 75
139 203
263 168
216 78
152 128
125 240
171 128
57 139
152 277
84 285
152 278
152 176
152 294
57 142
149 57
138 57
57 56
151 57
141 57
152 46
312 152
150 57
57 140
145 57
311 152
295 294
68 57
84 82
144 57
143 57
68 67
83 82
25 273
104 1
174 128
302 196
81 78
84 264
139 137
81 80
296 152
148 137
46 45
213 25
196 309
42 45
306 168
310 309
42 40
193 42
303 306
250 34
241 193
225 75
258 34
252 34
121 34
253 34
254 34
34 47
121 30
304 168
217 78
296 269
287 138
164 128
286 138
31 121
232 75
305 152
152 297
120 34
197 74
269 268
14 152
251 34
162 128
25 110
85 285
25 22
124 89
255 34
197 230
158 128
25 199
250 228
196 195
166 128
34 118
25 88
208 25
207 25
119 34
173 128
167 128
228 227
235 75
34 182
34 257
196 249
122 30
7 0
6 32
249 247
94 1
16 152
95 1
248 247
32 308
11 0
1 17
92 1
11 163
161 11
11 160
157 3
61 3
288 157
157 181
102 1
229 181
98 1
210 25
111 18
105 1
196 283
78 107
114 25
90 1
250 147
25 127
25 126
271 250
18 91
26 18
178 128
27 18
279 147
178 276
178 275
108 25
99 21
290 108
291 108
156 3
93 1
156 260
1 12
155 3
53 1
106 1
52 53
53 55
25 204
62 3
5 0
109 128
246 109
295 41
314 41
4 0
4 86
60 3
189 60
188 60
184 60
190 60
187 60
185 60
183 60
186 60
262 189
133 39
135 39
134 39
224 39
39 37
226 39
39 131
41 50
50 280
50 48
281 280
49 48
41 267
267 307
267 65
307 293
65 63
66 63
72 3
72 71
8 0
244 8
133 38
132 38
255
10 0
10 2
10 6
10 7
2 21
2 25
94 21
100 21
20 21
96 21
19 21
18 21
1 21
104 21
95 21
21 17
25 11
92 21
170 11
109 11
11 127
89 11
172 11
109 107
161 127
11 129
171 11
168 127
57 127
125 11
11 128
174 11
158 11
108 109
57 137
81 109
108 75
89 88
142 137
141 137
149 137
151 137
150 137
143 137
68 88
152 75
155 128
144 137
167 11
288 155
155 181
138 137
140 137
102 21
105 21
98 21
173 11
160 127
216 109
89 203
109 78
25 99
165 11
157 109
93 21
25 27
166 11
213 27
27 192
198 27
27 36
207 27
208 27
27 22
145 137
91 21
286 145
210 27
26 25
199 27
124 170
27 110
53 21
106 21
53 196
11 126
53 85
84 126
85 265
298 85
85 82
302 85
85 264
85 289
163 127
85 195
27 113
14 127
85 283
14 277
14 278
14 176
14 268
85 243
14 178
147 137
178 74
147 34
32 147
238 74
287 145
269 34
258 32
232 74
204 27
305 178
32 118
122 32
32 227
32 121
32 119
120 32
32 255
305 296
119 30
296 46
312 296
296 294
311 296
197 27
147 228
197 225
271 228
235 74
16 34
74 73
16 45
16 40
32 253
254 32
32 257
252 32
85 301
14 297
251 32
31 118
90 21
5 21
206 27
164 11
5 12
162 11
114 113
217 109
57 56
246 109
72 11
72 183
72 188
185 72
72 189
186 72
72 187
72 190
57 4
4 182
250 4
115 4
128 38
135 38
134 38
38 37
131 38
133 38
168 222
263 222
303 222
304 222
222 224
34 47
133 154
272 75
41 40
41 42
2 313
23 25
23 273
2 8
8 9
72 71
303 306
295 41
314 41
8 58
3 58
61 58
62 58
59 58
310 62
62 249
62 247
309 62
11 69
69 67
139 69
132 38
279 147
148 137
223 11
223 276
223 275
4 86
125 240
10 54
54 285
54 83
54 248
262 189
21 51
55 51
52 51
197 230
81 80
270 34
308 270
244 8
112 18
290 108
261 196
261 260
291 108
156 260
229 181
111 18
220 128
274 19
39 11
226 39
14 13
15 13
293 15
15 63
307 293
65 63
66 63
266 65
266 49
281 266
49 48
281 280
64 63
241 64
241 193
25 60
184 60
261
3 58
60 58
60 127
170 127
125 127
89 127
172 127
127 129
171 127
173 127
128 127
174 127
158 127
167 127
162 127
166 127
165 127
124 127
164 127
170 126
124 27
124 26
85 126
213 26
26 192
198 26
26 36
99 27
203 27
78 27
27 88
26 210
207 26
108 78
208 26
81 108
26 199
26 22
216 108
26 110
206 26
26 204
26 197
26 113
32 197
108 107
217 108
32 228
228 34
228 257
85 8
6 8
19 8
84 8
94 19
19 100
19 20
92 19
106 19
298 84
94 18
104 19
84 265
18 1
302 84
19 95
84 243
19 17
84 289
102 19
105 19
84 195
93 19
90 19
301 84
5 19
84 283
5 25
5 96
25 21
5 98
85 76
76 75
76 74
76 238
76 168
76 224
232 76
76 73
76 225
32 4
258 4
4 118
254 4
121 4
251 4
120 4
255 4
31 120
178 4
31 122
178 278
178 176
119 4
252 4
253 4
178 277
147 4
152 4
178 297
120 30
115 4
250 4
152 44
44 45
44 40
223 76
269 223
305 223
296 223
14 223
14 57
24 27
114 24
24 109
24 138
24 145
312 296
4 182
32 69
68 69
142 69
151 69
144 69
150 69
143 69
69 137
141 69
140 69
149 69
160 127
235 74
4 13
16 13
54 85
54 264
54 196
54 53
69 67
54 285
54 248
161 127
32 227
271 228
127 123
11 123
157 109
157 155
296 46
223 275
276 275
288 155
296 294
8 9
163 127
155 181
2 8
85 82
5 12
14 268
311 296
54 83
159 127
139 159
200 27
200 287
286 200
91 21
59 58
61 59
62 58
309 62
310 62
62 249
62 247
222 126
263 222
303 222
304 222
72 60
72 183
72 188
185 72
186 72
72 187
72 189
72 190
5 51
52 51
55 51
261 54
261 260
23 128
23 273
126 38
134 38
135 38
38 37
131 38
197 230
4 86
229 181
274 19
10 54
10 0
10 7
290 108
34 47
57 56
279 147
148 137
72 71
2 313
220 128
111 18
15 13
293 15
15 63
41 40
41 42
262 189
303 306
125 240
64 63
241 64
307 293
272 75
156 260
65 63
241 193
314 41
295 41
266 65
266 49
281 266
246 109
184 60
270 34
308 270
244 8
81 80
291 108
49 48
281 280
132 38
112 18
66 63
133 38
133 154
225 39
226 39
