3
21
16 45
16 152
152 128
170 128
174 128
23 128
214 23
24 23
23 1
104 1
152 75
76 75
272 75
24 138
286 138
138 153
196 75
196 292
16 34
34 118
118 33
23
44 45
152 44
152 69
153 69
23 69
286 153
57 69
24 57
24 214
11 69
170 11
174 11
5 23
104 5
24 74
76 74
54 74
54 292
75 74
272 75
152 4
116 4
116 33
25
257 4
76 257
120 4
120 33
76 84
84 292
84 126
174 126
170 126
25 126
214 25
24 25
23 25
25 21
104 21
24 145
145 153
286 145
223 76
296 223
296 46
46 45
76 73
75 73
272 75
