3
19
11 0
172 11
11 194
25 11
223 11
223 276
4 0
115 4
252 4
1 0
53 1
52 53
18 1
111 18
54 53
54 292
109 11
109 78
78 77
23
32 4
252 32
178 4
178 276
250 4
115 250
178 128
172 128
25 128
128 127
159 127
194 159
25 21
21 51
52 51
126 128
84 126
84 292
23 128
23 79
79 77
18 21
111 18
25
5 25
25 126
172 126
25 113
115 113
85 126
85 292
5 51
52 51
85 76
223 76
223 275
276 275
76 257
34 257
252 34
108 25
108 79
79 77
5 18
111 18
25 203
139 203
139 159
194 159
