3
19
163 127
57 127
57 140
125 127
125 240
57 4
4 118
25 127
25 21
209 25
102 21
94 21
152 4
152 75
152 294
295 294
295 41
41 50
50 48
24
94 1
102 1
1 21
23 1
209 23
23 69
140 69
32 69
32 118
11 69
11 163
53 1
53 196
196 75
125 11
125 240
32 4
4 13
15 13
267 15
267 65
266 65
266 49
49 48
30
94 19
102 19
19 21
24 19
24 209
24 74
75 74
24 57
57 137
140 137
177 74
177 34
34 118
24 109
109 11
11 163
109 128
125 128
125 240
16 34
16 45
42 45
193 42
241 193
241 64
64 63
65 63
266 65
266 49
49 48
