3
29
244 8
84 8
84 195
54 84
84 126
162 126
165 126
162 127
60 127
57 127
144 57
24 57
141 57
24 207
24 113
57 140
57 4
251 4
4 13
15 13
126 38
132 38
131 38
152 4
312 152
267 15
41 267
41 50
50 280
40
8 58
60 58
85 8
85 195
54 85
25 60
207 25
24 25
25 127
25 113
165 127
25 11
162 11
244 8
39 11
39 131
11 69
140 69
141 69
144 69
32 69
251 32
32 4
223 11
296 223
312 296
39 38
132 38
296 46
46 45
42 45
193 42
241 193
241 64
64 63
15 63
65 63
266 65
281 266
281 280
47
39 37
39 131
38 37
128 38
162 128
165 128
128 127
72 128
72 60
178 128
178 4
23 128
23 113
24 23
207 23
4 0
8 0
178 74
54 74
54 195
147 4
147 137
140 137
141 137
144 137
147 34
251 34
152 128
296 152
312 296
132 38
244 8
16 34
16 40
42 40
193 42
241 193
241 64
64 63
65 63
267 65
267 307
307 293
293 15
266 65
281 266
281 280
