3
18
16 40
43 40
16 152
152 75
108 75
108 109
196 75
196 285
298 196
108 25
25 36
225 75
225 39
226 39
41 40
41 50
50 48
49 48
22
109 11
24 109
24 36
109 79
108 79
39 11
226 39
11 126
85 126
85 285
298 85
11 69
152 69
152 44
44 40
43 40
42 40
41 42
41 267
267 65
266 65
266 49
25
152 4
152 128
109 128
23 128
23 36
109 78
108 78
126 128
84 126
84 285
298 84
128 38
39 38
226 39
4 13
15 13
15 63
65 63
266 65
266 49
152 46
46 45
42 45
42 40
43 40
