3
213
102 1
1 12
96 1
100 1
90 1
23 1
106 1
23 239
213 23
24 23
212 23
206 23
207 23
24 138
24 145
23 273
23 27
200 138
24 57
138 137
202 27
14 57
146 57
57 142
14 268
14 259
211 23
23 99
24 284
57 56
269 268
24 74
23 203
24 201
14 179
269 34
235 74
232 74
34 182
250 34
256 34
254 34
117 34
115 250
271 250
32 256
117 29
117 33
32 308
122 32
74 73
14 178
34 257
296 269
178 275
234 74
296 46
311 296
312 296
23 97
296 294
124 27
76 74
295 294
124 169
124 173
124 166
295 41
124 165
124 158
76 168
314 41
41 50
76 225
304 168
263 168
50 280
16 34
174 124
281 280
225 39
23 88
121 34
41 40
281 266
226 39
39 38
41 267
46 45
39 131
124 164
124 172
168 222
267 307
267 15
6 32
135 39
54 74
74 87
303 222
15 63
54 298
44 40
54 83
54 301
6 8
54 283
261 54
54 242
244 8
124 125
124 123
138 175
8 58
141 57
57 127
14 223
133 39
54 195
62 58
54 265
261 260
60 58
62 249
161 127
159 127
61 58
184 60
62 247
72 127
310 62
156 260
187 60
189 60
190 60
54 300
309 62
262 189
183 60
54 248
14 278
54 231
54 285
66 63
8 9
23 79
75 74
270 34
252 34
151 57
255 34
14 176
57 140
57 4
169 11
89 203
10 6
34 28
39 37
23 204
24 109
114 24
149 57
306 168
54 299
59 58
81 79
79 77
79 107
246 109
272 75
81 80
215 79
10 7
3 58
194 159
14 277
101 1
120 34
197 27
144 57
26 23
14 13
24 221
210 23
155 3
197 230
50 48
288 155
155 181
3 35
214 23
53 1
19 1
94 1
23 69
274 19
23 192
23 36
1 21
253 34
282 253
108 79
291 108
290 108
18 1
111 18
64 63
241 64
23 128
220 128
2 8
2 313
229
2 21
10 2
102 21
96 21
100 21
90 21
97 21
99 21
106 21
24 99
99 27
24 211
213 24
24 212
24 206
24 207
24 214
24 203
201 27
24 88
53 21
10 54
24 192
24 210
24 204
200 27
24 36
200 145
89 88
145 57
145 137
145 175
138 57
146 137
142 137
124 89
89 127
6 21
14 127
173 127
165 127
168 127
169 127
174 127
166 127
89 11
141 137
72 11
11 194
72 183
72 189
72 3
125 127
61 3
59 3
263 125
62 3
263 222
158 127
304 222
222 225
127 123
223 11
39 11
269 223
223 275
296 223
223 178
223 76
178 278
178 179
234 76
178 74
76 73
76 257
178 277
57 69
149 137
178 259
232 76
32 257
72 190
32 28
32 121
32 117
254 32
33 28
29 28
72 187
156 3
122 33
32 255
197 225
178 176
60 127
109 11
178 4
109 79
215 109
4 182
115 4
256 4
81 109
250 4
94 21
109 107
4 13
26 99
16 13
144 137
16 40
15 13
16 45
76 87
44 45
140 137
151 137
172 127
164 127
19 21
120 32
19 8
252 32
101 21
161 11
225 75
235 75
2 196
196 231
298 196
196 300
196 195
196 249
196 309
196 265
196 301
310 309
261 196
196 299
196 283
196 285
249 247
248 247
14 152
152 46
152 294
312 152
311 152
89 128
128 38
155 128
135 38
131 38
133 38
38 37
78 27
78 77
23 78
2 0
7 0
1 0
9 0
228 257
271 228
228 34
184 60
2 25
114 25
25 239
25 221
25 273
284 25
53 85
85 242
306 168
303 306
157 3
288 157
157 181
226 39
85 82
83 82
274 19
81 80
42 40
41 42
57 56
270 34
308 270
197 230
139 203
139 159
293 15
307 293
5 21
5 12
3 35
244 8
193 42
241 193
295 41
314 41
269 268
272 75
2 313
3 58
220 128
202 27
262 189
156 260
246 109
32 253
282 253
108 109
291 108
290 108
18 21
111 18
241 64
64 63
65 63
267 65
266 65
66 63
266 49
49 48
281 266
50 48
281 280
237
197 74
26 197
76 197
32 197
213 26
24 26
26 88
212 26
206 26
207 26
213 27
211 26
26 201
26 203
214 26
124 26
26 192
124 127
26 36
26 210
200 26
26 204
32 69
11 127
146 69
142 69
173 11
165 11
149 69
174 11
141 69
11 123
76 75
69 137
234 75
232 75
57 137
75 73
125 11
158 11
169 125
32 4
144 69
254 4
117 4
257 4
140 69
4 28
172 11
166 11
75 87
151 69
120 4
164 11
120 33
120 29
255 4
24 19
122 29
102 19
19 100
90 19
252 4
121 4
94 19
106 19
101 19
130 74
130 38
130 79
225 130
26 113
115 113
114 113
23 113
76 84
84 242
298 84
300 84
84 195
84 265
84 8
84 285
301 84
54 84
84 283
299 84
54 53
54 6
256 4
168 127
4 182
26 78
215 78
81 78
109 78
78 107
177 74
177 34
14 177
177 259
177 278
178 177
177 179
177 277
296 177
177 176
152 69
152 44
16 152
305 178
305 269
305 222
305 223
152 46
44 45
304 222
263 222
312 152
11 0
3 0
10 0
60 3
72 60
5 19
5 96
5 97
5 1
62 3
5 12
156 3
154 3
133 154
72 183
59 3
61 59
72 189
200 287
287 145
287 138
9 0
178 276
276 275
235 75
135 38
16 13
26 25
25 99
25 21
25 89
25 239
25 273
284 25
15 13
152 294
25 221
145 175
32 228
250 228
161 11
131 38
271 228
72 187
76 224
224 39
157 109
157 155
38 37
288 157
157 181
311 152
72 190
78 77
7 0
11 194
42 45
41 42
42 40
139 69
139 159
196 75
196 249
196 231
261 196
196 309
249 247
310 309
248 247
84 82
83 82
293 15
307 293
244 8
262 189
272 75
81 80
193 42
241 193
274 19
226 39
270 34
308 270
3 58
57 56
246 109
269 268
295 41
202 27
197 230
306 168
303 306
156 260
184 60
3 35
314 41
108 75
290 108
291 108
26 18
111 18
124 128
220 128
253 4
282 253
2 25
2 313
241 64
64 63
65 63
267 65
266 65
66 63
281 266
266 49
49 48
281 280
50 48
