3
22
4 0
117 4
178 4
178 179
253 4
282 253
178 74
235 74
1 0
95 1
57 4
68 57
57 140
4 13
15 13
267 15
11 0
125 11
263 125
2 0
2 196
196 249
25
263 222
305 222
305 178
305 152
152 179
152 69
140 69
68 69
32 69
32 117
152 75
235 75
23 69
5 23
5 95
32 253
282 253
196 75
196 309
309 62
62 249
152 294
295 294
295 41
41 267
33
177 74
178 177
177 179
177 34
117 34
75 74
235 75
24 74
24 19
19 95
24 88
68 88
147 34
147 137
140 137
76 74
76 168
263 168
54 74
54 248
248 247
249 247
253 34
282 253
16 34
16 45
42 45
193 42
241 193
241 64
64 63
65 63
267 65
