3
22
16 152
152 69
14 152
152 177
305 152
305 222
222 224
263 222
16 34
120 34
16 40
42 40
193 42
152 75
196 75
196 243
196 283
196 231
108 75
291 108
108 25
101 25
27
24 57
57 69
14 57
14 177
24 19
101 19
57 4
120 4
24 74
76 74
76 224
54 74
54 283
54 231
54 243
76 168
263 168
168 222
24 219
108 219
291 108
14 13
15 13
15 63
64 63
241 64
241 193
33
295 41
295 294
296 294
296 177
296 223
14 223
223 11
11 69
11 126
222 126
39 11
224 39
84 126
84 243
84 283
32 69
120 32
125 11
263 125
11 0
1 0
101 1
54 84
54 231
109 11
108 109
291 108
41 267
267 65
65 63
64 63
241 64
241 193
