3
23
8 0
11 0
125 11
109 11
108 109
72 11
72 183
157 109
288 157
4 0
4 118
157 181
181 180
116 4
116 29
1 0
103 1
4 13
15 13
293 15
3 0
62 3
310 62
29
16 34
34 118
34 28
29 28
16 152
152 128
125 128
109 128
152 75
108 75
155 128
288 155
72 128
72 60
183 60
60 58
8 58
19 8
103 19
196 75
196 309
310 309
155 181
181 180
16 40
41 40
41 267
267 307
307 293
37
32 4
32 118
120 4
120 29
6 32
6 8
6 21
103 21
25 21
108 25
25 126
125 126
24 25
24 109
25 60
183 60
60 3
155 3
288 155
3 58
62 58
309 62
310 309
155 181
181 180
152 4
152 44
44 45
42 45
193 42
241 193
241 64
64 63
15 63
267 15
267 307
307 293
