3
306
9 0
4 0
3 0
10 0
32 4
4 118
119 4
61 3
115 4
32 228
154 3
255 4
3 35
122 32
271 228
254 4
155 3
118 33
10 54
7 0
258 4
54 53
54 298
54 292
54 289
54 265
52 53
54 248
54 84
251 4
248 247
84 82
76 84
152 4
120 4
232 76
76 168
76 238
152 259
152 179
152 176
296 152
76 237
152 44
305 152
311 152
168 127
168 222
44 45
127 123
25 127
42 45
159 127
169 127
160 127
26 25
25 273
211 25
209 25
41 42
165 127
26 78
108 25
25 27
173 127
295 41
78 107
25 239
54 83
16 152
78 77
291 108
217 78
24 25
108 245
108 79
124 127
24 145
25 99
170 127
171 127
290 108
167 127
145 153
25 201
200 26
23 25
26 18
139 159
210 25
215 78
296 269
233 76
163 127
18 17
114 25
112 18
105 18
111 18
103 18
286 145
104 18
162 127
269 268
172 127
127 129
90 18
284 25
25 36
18 91
314 41
81 78
145 175
25 110
54 74
164 127
25 88
14 152
216 78
208 25
24 19
41 267
174 127
81 80
25 191
194 159
25 204
25 22
152 277
236 76
54 85
41 50
102 18
267 65
212 25
235 74
25 203
287 145
106 18
267 15
25 192
50 280
93 18
266 65
24 138
267 307
146 287
293 15
281 280
266 49
50 48
65 63
109 78
274 19
145 137
64 63
66 63
100 18
141 137
148 137
143 137
151 137
144 137
150 137
149 137
246 109
142 137
241 64
202 27
140 137
256 4
54 285
152 177
44 40
206 25
213 25
43 40
125 127
161 127
25 205
223 76
53 21
158 127
166 127
152 297
198 25
89 127
54 231
25 199
76 225
152 278
303 222
54 196
152 294
219 78
218 78
207 25
76 87
54 195
84 126
23 97
92 18
94 18
263 168
53 55
261 54
59 3
60 3
25 221
193 42
54 283
155 128
54 51
54 302
115 113
234 76
133 154
249 247
34 118
152 46
214 25
223 276
96 21
196 309
183 60
34 47
220 128
126 38
189 60
186 60
310 309
270 34
187 60
134 38
135 38
136 38
38 37
131 38
132 38
98 21
190 60
262 189
119 29
72 3
312 152
76 73
4 182
250 4
32 308
119 30
32 227
54 299
288 155
304 168
54 300
32 197
3 58
54 301
157 3
54 264
4 86
31 118
54 242
306 168
185 60
225 39
261 260
72 71
197 230
226 39
188 60
184 60
32 69
125 240
252 4
257 4
147 4
253 4
57 4
155 181
62 3
4 70
4 13
116 4
223 275
69 67
229 181
279 147
181 180
57 56
117 4
121 4
4 28
6 0
178 4
76 130
282 253
1 0
11 0
1 12
2 0
2 313
8 0
244 8
76 75
272 75
309
5 0
94 5
92 5
5 25
102 5
5 96
5 23
170 25
5 18
5 19
23 79
23 88
23 273
23 192
124 170
79 77
90 19
23 110
174 124
124 123
124 169
124 165
124 173
23 78
209 23
124 167
19 100
108 78
109 79
124 172
93 5
245 109
106 5
23 69
213 23
206 23
141 69
143 69
149 69
153 69
142 69
69 137
200 153
23 203
124 125
200 145
23 205
152 69
138 153
124 166
214 23
212 23
287 153
130 79
5 51
25 113
23 22
52 51
53 51
114 113
130 38
23 191
53 85
39 38
25 128
298 85
85 82
85 265
39 37
83 82
85 289
225 130
85 292
298 84
85 76
128 127
222 225
208 23
85 285
305 222
135 39
85 242
305 296
133 38
134 39
296 177
178 128
311 296
177 179
177 297
85 299
85 195
305 269
177 176
177 259
178 275
178 276
296 46
304 222
177 34
39 131
286 153
263 125
55 51
46 45
34 182
228 34
119 34
255 34
254 34
250 34
252 34
34 70
119 33
16 34
130 74
16 13
85 283
14 127
271 250
236 74
136 39
15 13
32 119
16 40
238 74
15 63
32 118
42 40
115 250
122 33
74 87
232 74
14 268
122 29
41 40
237 74
177 278
258 34
251 34
120 34
253 34
256 34
34 28
216 79
177 277
31 119
122 30
116 34
74 73
234 74
157 109
85 264
302 85
157 155
76 257
23 204
140 69
124 164
105 5
5 1
104 5
5 98
81 79
138 175
85 301
25 60
124 129
60 58
2 25
61 58
62 58
59 58
10 2
309 62
62 247
10 7
62 249
310 62
23 99
233 74
305 223
72 128
117 34
312 296
146 69
72 187
144 69
147 137
23 199
151 69
186 72
121 34
53 196
296 294
228 227
57 69
124 162
139 69
215 79
288 157
157 181
150 69
72 188
196 231
261 196
295 294
185 72
197 130
23 36
6 18
72 190
54 6
72 189
85 300
72 183
5 97
5 17
210 23
25 126
207 23
219 79
218 79
5 12
103 5
25 11
124 171
11 194
161 11
11 163
217 79
11 160
25 89
24 23
23 239
24 284
5 21
198 23
91 21
24 201
23 27
124 158
24 221
26 23
211 23
79 107
66 63
125 240
65 63
2 313
57 56
72 71
148 137
193 42
241 193
43 40
178 4
226 39
241 64
314 41
246 109
229 181
202 27
304 168
112 18
111 18
262 189
290 108
220 128
4 86
108 75
235 75
282 253
197 230
272 75
44 40
194 159
81 80
19 8
8 9
306 168
303 306
181 180
266 65
281 266
266 49
49 48
281 280
274 19
244 8
50 48
293 15
307 293
279 147
62 3
68 88
68 67
291 108
267 307
156 3
156 260
132 38
248 247
32 308
308 270
133 154
3 35
184 60
34 47
311
5 0
5 12
101 5
101 1
101 25
101 19
90 1
96 1
105 1
23 1
100 1
53 1
102 1
93 1
106 1
23 113
23 128
101 21
174 128
128 123
124 128
169 128
165 128
173 128
172 128
109 128
170 128
167 128
108 109
125 128
128 38
166 128
152 128
164 128
21 51
216 109
94 1
216 203
92 1
98 1
128 129
81 109
104 1
2 21
6 21
1 17
6 32
10 6
258 32
254 32
32 255
116 32
251 32
120 32
116 33
32 256
116 31
126 128
31 122
222 126
85 126
97 21
32 70
263 222
215 109
32 28
162 128
219 109
139 203
218 108
139 137
101 18
146 137
138 137
57 139
200 138
287 138
141 57
145 57
149 57
143 57
57 127
57 142
151 57
57 140
14 57
103 1
14 178
14 179
14 177
14 176
305 178
14 13
14 278
14 277
14 259
178 74
286 138
76 74
144 57
60 127
14 223
103 300
296 223
300 84
150 57
84 264
84 289
84 265
84 292
84 283
84 285
84 242
302 84
197 74
269 223
301 84
269 34
299 84
84 195
171 128
11 128
116 30
11 69
39 11
32 121
133 39
32 253
217 109
2 196
24 113
298 196
196 249
114 24
24 110
24 209
24 192
213 24
24 206
24 214
24 212
24 204
24 22
24 191
24 205
24 88
89 128
24 210
24 36
24 208
24 207
197 225
32 147
24 199
147 228
250 147
26 113
158 128
26 201
32 117
14 297
198 24
99 21
32 257
27 113
252 32
78 27
72 127
130 78
24 211
109 107
116 29
271 250
228 227
72 188
79 107
11 163
23 273
186 72
79 77
85 82
72 189
39 37
152 75
232 75
233 75
236 75
234 75
75 237
75 87
75 73
238 75
11 194
136 39
11 160
235 75
15 13
185 72
178 276
276 275
304 222
15 63
311 296
135 39
14 268
55 51
83 82
10 7
72 183
134 39
245 109
39 131
296 294
52 51
295 294
16 13
16 45
24 284
16 40
46 45
42 40
31 119
261 196
62 249
138 175
62 247
309 62
72 190
72 187
2 8
8 58
157 109
8 9
59 58
61 59
157 181
157 155
24 221
196 231
34 182
286 153
310 62
91 21
85 243
54 243
288 157
23 239
32 118
115 250
41 40
312 296
161 11
68 57
68 67
248 247
72 71
244 8
274 19
279 147
112 18
178 4
132 38
111 18
4 86
202 27
44 40
81 80
290 108
314 41
272 75
181 180
65 63
293 15
307 293
193 42
241 193
194 159
246 109
291 108
241 64
184 60
32 308
308 270
267 307
62 3
57 56
266 65
281 266
148 137
304 168
281 280
229 181
266 49
49 48
43 40
156 3
156 260
262 189
220 128
66 63
282 253
133 154
2 313
3 35
306 168
303 306
226 39
125 240
50 48
197 230
34 47
