3
29
4 13
257 4
4 182
14 13
14 177
14 127
163 127
25 127
114 25
25 191
108 25
291 108
5 25
5 98
72 127
72 190
72 3
59 3
15 13
15 63
76 257
76 225
85 76
85 265
225 39
39 37
16 13
16 40
43 40
35
43 40
44 40
152 44
152 177
152 4
152 75
225 75
152 128
25 128
128 127
196 75
196 265
11 128
11 163
24 25
114 24
24 191
128 38
38 37
25 60
190 60
60 3
177 34
34 257
34 182
60 58
59 58
25 1
98 1
108 75
291 108
41 40
41 267
267 65
65 63
42
11 127
25 11
11 0
4 0
3 0
25 21
98 21
61 3
61 59
32 4
32 257
178 4
178 177
25 27
27 191
32 197
197 225
25 113
114 113
11 163
60 127
190 60
11 126
84 126
84 265
126 38
38 37
4 118
34 118
34 182
109 11
108 109
291 108
16 34
16 45
42 45
193 42
241 193
241 64
64 63
42 40
43 40
