3
18
75 73
75 87
196 75
196 301
196 300
152 75
152 69
146 69
152 294
295 294
23 69
23 27
202 27
152 128
128 38
132 38
38 37
135 38
22
39 38
39 37
135 39
132 38
130 38
130 74
74 87
74 73
54 74
54 300
54 301
24 74
24 57
146 57
24 27
202 27
177 74
152 177
152 44
44 40
41 40
295 41
25
257 4
76 257
76 73
76 87
85 76
85 301
85 300
147 4
147 137
146 137
76 224
224 39
39 37
135 39
85 126
126 38
132 38
76 197
197 27
202 27
4 13
15 13
267 15
41 267
295 41
