3
43
152 44
312 152
311 152
152 128
220 128
172 128
152 4
250 4
257 4
125 128
125 240
128 38
38 37
23 128
214 23
213 23
23 1
23 79
103 1
79 77
23 113
23 239
206 23
178 128
178 276
152 69
69 137
149 69
69 67
145 137
152 75
75 237
196 75
298 196
72 128
72 189
262 189
305 152
305 222
303 222
44 40
41 40
314 41
49
39 37
39 11
172 11
25 11
213 25
206 25
25 239
214 25
25 1
25 113
25 21
103 21
223 11
223 276
115 113
115 250
24 25
24 145
296 223
312 296
311 296
24 57
149 57
57 137
68 57
68 67
109 11
109 79
223 76
76 257
76 237
85 76
298 85
109 78
78 77
76 168
306 168
303 306
125 11
125 240
11 128
220 128
25 60
189 60
262 189
296 294
295 294
295 41
314 41
56
16 34
250 34
34 257
147 34
147 137
149 137
177 34
177 74
237 74
24 74
213 24
24 206
24 214
24 113
24 19
103 19
19 1
54 74
54 298
130 74
130 79
147 4
57 4
145 57
57 127
172 127
130 78
78 77
178 177
178 275
276 275
296 177
312 296
311 296
25 127
25 239
24 88
68 88
68 67
130 38
39 38
39 37
128 127
220 128
125 127
125 240
168 127
306 168
303 306
60 127
189 60
262 189
16 40
42 40
41 42
314 41
