3
20
21 51
54 51
54 289
25 21
212 25
198 25
25 128
152 128
124 128
152 46
152 69
144 69
152 4
254 4
146 69
146 287
128 38
38 37
4 13
15 13
28
57 4
144 57
32 4
254 32
145 57
287 145
6 32
6 21
54 6
24 57
24 212
198 24
57 127
124 127
14 57
14 152
54 196
196 289
296 152
296 46
11 127
39 11
39 37
152 294
295 294
295 41
41 267
267 15
31
15 63
64 63
241 64
241 193
193 42
42 45
46 45
16 45
16 152
16 34
254 34
152 177
177 74
54 74
54 53
53 21
54 85
85 289
85 126
124 126
124 26
212 26
198 26
200 26
200 287
147 34
147 137
144 137
126 38
39 38
39 37
