3
23
10 7
10 54
54 264
54 302
261 54
10 0
3 0
62 3
11 0
223 11
171 11
25 11
25 205
14 223
14 268
1 0
102 1
14 13
15 13
267 15
41 267
41 50
50 280
32
7 0
5 0
102 5
5 23
23 205
23 128
171 128
178 128
223 178
269 223
269 268
2 0
2 196
261 196
302 196
196 249
62 249
302 84
84 264
152 128
16 152
16 45
42 45
193 42
241 193
241 64
64 63
65 63
267 65
266 65
281 266
281 280
38
7 0
8 0
85 8
85 264
302 85
85 76
223 76
85 126
171 126
19 8
102 19
8 58
62 58
24 19
24 205
305 223
305 269
269 268
3 58
156 3
156 260
261 260
305 152
152 44
44 40
42 40
193 42
241 193
241 64
64 63
15 63
293 15
307 293
267 307
267 65
266 65
281 266
281 280
