3
125
2 25
2 313
2 196
25 201
5 25
25 204
25 99
54 196
5 19
196 301
102 5
25 22
24 25
5 96
54 6
24 109
2 21
245 109
25 89
25 192
25 203
196 243
196 309
2 0
53 196
54 74
25 113
3 0
197 74
54 248
72 3
234 74
177 74
196 231
72 187
177 297
177 176
177 278
214 25
25 199
25 205
25 60
5 17
184 60
216 109
25 11
196 285
161 11
19 20
186 72
139 203
223 11
11 69
139 137
59 3
223 276
223 275
153 69
141 69
150 69
144 69
200 153
164 11
139 159
287 153
162 11
286 153
72 188
198 25
149 69
148 137
94 5
3 35
26 25
25 27
302 196
296 177
5 12
296 294
106 5
104 5
237 74
278 147
279 147
147 228
261 196
261 260
157 109
157 181
125 11
125 240
177 34
270 34
251 34
253 34
109 78
78 77
218 78
14 177
14 268
14 13
15 13
152 177
152 44
6 32
122 32
24 57
57 56
25 127
168 127
5 18
112 18
111 18
2 8
244 8
295 294
295 41
314 41
41 50
41 42
193 42
50 280
281 280
281 266
266 49
143
228 34
269 34
296 269
269 268
269 223
147 34
147 137
141 137
150 137
69 137
144 137
149 137
139 69
296 152
152 297
152 278
152 176
152 294
223 178
178 276
178 74
178 177
24 74
178 275
24 113
24 201
24 22
24 204
198 24
24 192
24 99
24 203
99 21
89 203
216 203
6 21
96 21
94 21
102 21
5 21
53 21
6 0
54 53
24 19
54 243
54 231
54 285
24 214
24 199
24 205
21 17
54 301
104 21
89 11
24 26
109 11
72 11
26 197
72 60
24 27
60 3
188 60
187 60
200 26
186 60
25 21
286 200
54 302
200 287
106 21
20 21
279 147
60 58
59 58
89 127
161 127
159 127
162 127
164 127
62 3
309 62
155 3
155 181
32 228
32 253
251 32
62 247
248 247
216 79
218 79
79 77
32 308
308 270
1 21
1 12
148 137
16 34
16 13
223 76
76 168
76 237
234 76
152 75
196 75
184 60
156 3
156 260
3 35
16 40
44 40
145 137
145 153
216 108
108 245
57 137
57 56
125 127
125 240
6 8
244 8
34 28
33 28
122 33
18 21
111 18
112 18
41 40
41 267
267 15
314 41
267 65
266 65
281 266
266 49
49 48
50 48
10 6
10 2
2 313
15 63
64 63
241 64
241 193
159
1 12
1 17
19 1
5 1
96 1
53 1
19 21
1 0
25 1
94 1
102 1
11 0
106 1
20 1
104 1
23 1
23 113
214 23
23 22
23 99
24 23
23 203
23 192
23 69
23 205
23 199
198 23
26 23
23 204
26 201
23 27
197 27
200 27
4 0
4 13
251 4
253 4
57 69
150 57
141 57
144 57
149 57
57 139
178 4
178 297
178 278
178 176
24 138
138 137
138 153
287 138
286 138
178 275
276 275
11 127
60 127
72 127
25 128
109 128
89 128
162 128
164 128
188 60
178 179
177 179
108 25
218 108
11 194
194 159
186 60
108 75
75 237
234 75
75 74
53 85
85 243
85 301
302 85
85 285
54 85
108 245
85 195
196 195
54 231
18 1
6 18
187 60
305 178
305 296
305 223
305 222
168 222
161 127
250 4
250 228
23 78
216 78
152 69
152 294
305 269
269 268
116 4
116 30
122 30
19 8
8 58
3 58
61 58
61 59
23 79
79 77
296 46
46 45
44 45
62 58
310 62
310 309
155 128
155 181
111 18
184 60
57 56
196 249
249 247
248 247
148 137
3 35
112 18
156 3
156 260
244 8
147 4
279 147
125 128
125 240
32 69
32 308
308 270
10 0
10 2
2 313
42 45
42 40
41 40
314 41
41 267
267 307
307 293
293 15
15 63
65 63
266 65
281 266
266 49
49 48
50 48
64 63
241 64
241 193
