3
24
155 3
72 3
72 71
72 189
72 11
11 194
25 11
101 25
25 221
223 11
296 223
296 177
108 25
290 108
177 34
255 34
5 25
5 95
11 126
84 126
84 264
296 46
46 45
42 45
27
255 4
152 4
152 177
296 152
152 128
155 128
177 74
54 74
54 264
24 74
24 221
24 19
101 19
19 95
152 44
44 40
42 40
72 128
72 71
72 60
189 60
128 127
159 127
194 159
152 75
108 75
290 108
32
14 152
14 177
152 294
296 294
152 69
32 69
32 255
295 294
295 41
41 42
23 69
23 1
95 1
101 1
24 23
24 221
53 1
53 85
85 264
24 109
157 109
157 155
139 69
139 159
194 159
14 127
60 127
189 60
108 109
290 108
72 127
72 71
