3
38
95 1
23 1
23 273
23 78
23 97
1 0
10 0
81 78
81 80
23 128
155 128
4 0
252 4
10 54
54 242
54 289
54 243
4 13
15 13
152 128
152 278
152 294
252 34
270 34
269 34
308 270
23 69
142 69
153 69
23 27
197 27
197 230
11 0
39 11
226 39
128 127
168 127
306 168
44
85 76
85 289
85 243
85 242
76 130
130 78
223 76
269 223
14 223
14 278
296 223
296 294
14 57
57 142
145 57
145 153
76 197
32 197
32 308
252 32
6 32
10 6
308 270
197 230
6 21
95 21
97 21
25 21
25 273
109 78
157 109
157 155
81 109
81 80
295 294
295 41
41 267
267 15
76 224
222 224
303 222
303 306
224 39
226 39
52
152 44
152 177
177 278
305 152
305 269
152 75
196 75
196 289
196 243
108 75
108 78
2 196
10 2
84 289
84 242
108 25
25 273
5 25
5 95
5 97
2 0
3 0
155 3
152 69
69 137
142 137
138 137
138 153
32 69
252 32
32 308
308 270
81 108
81 80
305 222
303 222
303 306
225 75
225 39
226 39
197 225
197 230
44 40
41 40
295 41
295 294
42 40
193 42
241 193
241 64
64 63
15 63
