3
54
102 21
102 1
99 21
23 1
23 110
213 23
23 128
167 128
220 128
24 99
24 138
24 284
24 219
128 127
161 127
138 137
148 137
155 128
288 155
1 0
9 0
8 0
147 137
279 147
84 8
84 283
84 285
84 242
4 0
4 182
4 28
251 4
168 127
306 168
304 168
109 128
245 109
72 128
72 190
185 72
250 147
271 250
24 74
235 74
130 74
225 130
4 13
15 13
15 63
66 63
65 63
266 65
281 266
281 280
67
16 34
34 28
251 34
34 182
16 152
152 128
228 34
271 228
152 69
23 69
23 99
220 128
25 128
25 21
25 110
213 25
25 1
284 25
25 60
185 60
190 60
108 25
108 245
108 219
11 128
167 11
161 11
5 23
102 5
128 38
130 38
57 69
138 57
2 25
2 8
8 9
152 75
235 75
225 75
85 8
85 242
85 285
85 283
222 225
304 222
303 222
303 306
147 34
279 147
60 3
157 3
288 157
69 137
148 137
16 40
41 40
41 50
50 280
50 48
49 48
266 49
42 40
193 42
241 193
241 64
64 63
66 63
75
32 4
32 28
251 32
178 4
178 128
32 197
197 130
197 225
126 128
167 126
26 197
26 23
26 110
26 99
213 26
26 18
18 1
18 21
102 18
200 26
200 138
6 32
6 8
130 78
219 78
54 6
54 285
54 242
54 283
8 9
222 126
304 222
11 126
161 11
25 126
284 25
32 228
271 228
108 78
108 245
108 75
235 75
303 222
303 306
167 127
60 127
190 60
185 60
220 128
109 78
157 109
288 157
116 4
116 34
34 182
147 4
279 147
57 4
57 137
148 137
152 4
152 294
295 294
295 41
41 50
50 280
50 48
49 48
266 49
41 42
193 42
241 193
241 64
64 63
66 63
