3
17
1 0
106 1
104 1
19 1
11 0
11 129
4 0
119 4
39 11
134 39
11 69
69 137
152 4
311 152
4 13
15 13
293 15
21
16 34
119 34
147 34
147 137
16 152
296 152
311 296
152 128
128 129
128 38
134 38
25 128
25 21
104 21
106 21
19 21
16 40
41 40
41 267
267 307
307 293
28
57 4
57 137
32 4
32 119
24 57
24 19
106 19
104 19
57 127
127 129
126 129
126 38
134 38
178 4
178 177
296 177
311 296
296 294
295 294
295 41
41 50
50 280
281 280
281 266
266 65
267 65
267 307
307 293
