3
60
16 152
152 277
152 69
23 69
11 69
23 110
212 23
171 11
166 11
209 23
198 23
11 127
169 11
159 127
23 97
39 11
133 39
39 38
125 11
125 240
72 11
185 72
186 72
32 69
122 32
32 256
32 147
32 308
122 30
251 32
250 147
152 75
196 75
76 75
75 74
196 243
196 301
108 75
232 75
234 75
23 1
102 1
98 1
105 1
196 309
310 309
53 196
53 55
52 53
53 51
72 3
3 35
16 40
41 40
41 50
50 48
49 48
157 3
157 181
229 181
69
14 277
14 127
169 127
166 127
171 127
14 177
177 74
76 74
232 74
234 74
25 127
212 25
23 25
108 25
209 25
198 25
25 110
25 11
25 21
102 21
98 21
105 21
21 51
97 21
52 51
55 51
177 34
250 34
256 34
147 34
251 34
54 74
54 301
54 243
54 196
270 34
308 270
60 127
186 60
185 60
128 127
128 38
133 38
34 28
30 28
14 57
57 69
33 28
122 33
11 194
194 159
60 3
3 35
62 3
310 62
125 127
125 240
155 128
155 181
229 181
14 13
15 13
15 63
65 63
266 65
266 49
281 266
281 280
50 280
77
3 35
154 3
133 154
3 0
11 0
5 0
5 98
5 23
102 5
5 51
105 5
5 97
2 0
2 196
4 0
251 4
256 4
147 4
250 4
55 51
178 4
178 277
178 74
24 23
24 212
24 209
24 110
198 24
174 11
174 127
11 126
126 38
169 126
171 126
166 126
84 126
84 243
76 84
301 84
232 76
234 76
116 4
116 30
147 137
69 137
116 29
122 29
139 137
139 159
109 11
108 109
52 51
3 58
60 58
186 60
185 60
62 58
310 62
174 125
125 240
116 34
270 34
308 270
155 3
155 181
229 181
152 4
152 294
295 294
295 41
41 267
267 65
266 65
266 49
281 266
281 280
50 280
