3
22
3 0
4 0
116 4
4 182
11 0
161 11
11 126
126 38
152 4
152 44
152 46
2 0
2 313
25 11
25 203
152 75
235 75
238 75
109 11
81 109
1 0
98 1
27
46 45
44 45
16 45
16 34
116 34
34 182
177 34
177 74
235 74
238 74
24 74
24 203
130 74
130 38
24 25
25 126
130 78
81 78
25 127
161 127
5 25
5 0
5 98
25 60
60 3
2 25
2 313
33
23 1
23 203
1 21
98 21
23 79
81 79
6 21
6 0
23 128
126 128
128 38
72 128
72 3
6 32
116 32
152 128
296 152
296 46
128 127
161 127
16 152
16 40
44 40
130 79
76 130
76 238
76 74
235 74
254 32
254 34
34 182
2 21
2 313
