3
33
157 3
60 3
189 60
25 60
25 203
25 22
25 192
5 25
5 97
92 5
25 11
39 11
224 39
11 69
144 69
153 69
222 224
304 222
32 69
32 228
271 228
125 11
125 240
76 224
76 87
85 76
85 265
32 4
4 13
15 13
267 15
15 63
66 63
41
155 3
157 155
72 3
72 189
155 128
23 128
23 97
23 203
23 22
23 192
23 1
92 1
128 38
39 38
72 127
168 127
304 168
57 127
144 57
145 57
145 153
125 128
125 240
76 168
76 224
76 84
84 265
76 74
74 87
76 257
228 257
250 228
271 250
152 128
16 152
16 40
41 40
41 267
267 65
65 63
66 63
53
24 22
24 203
24 192
24 109
157 109
24 138
138 153
24 19
92 19
138 137
144 137
19 21
97 21
147 137
147 228
109 11
11 0
3 0
250 147
271 250
72 11
72 189
24 74
75 74
75 87
54 74
54 265
225 75
225 39
222 225
168 222
304 168
76 75
76 224
174 11
174 125
125 240
152 75
152 294
295 294
295 41
41 50
50 48
49 48
266 49
266 65
267 65
41 42
193 42
241 193
241 64
64 63
66 63
