3
62
7 0
3 0
59 3
61 3
156 3
4 0
117 4
252 4
251 4
116 4
120 4
178 4
60 3
185 60
187 60
186 60
189 60
57 4
24 57
144 57
57 56
57 140
24 206
146 57
11 0
158 11
161 11
170 11
24 27
202 27
27 18
111 18
39 11
226 39
39 38
5 0
5 97
78 27
218 78
78 107
62 3
310 62
32 4
122 32
62 247
248 247
253 4
282 253
157 3
157 181
229 181
152 4
152 44
44 40
305 178
305 222
303 222
41 40
41 50
50 48
49 48
266 49
72
144 69
140 69
146 69
32 69
251 32
252 32
32 117
116 32
120 32
6 32
6 18
117 29
122 29
54 6
54 248
23 69
24 23
206 23
23 97
23 79
79 107
218 79
23 128
158 128
170 128
128 38
178 128
72 128
72 187
186 72
185 72
72 189
155 128
155 181
128 127
161 127
111 18
10 6
10 7
229 181
57 69
57 56
6 8
8 58
59 58
61 58
261 54
261 260
156 260
54 196
196 309
310 309
23 27
202 27
168 127
306 168
303 306
32 253
282 253
152 69
16 152
16 40
38 37
39 37
226 39
16 13
15 13
15 63
65 63
266 65
266 49
49 48
78
2 25
24 25
206 25
170 25
25 126
158 126
126 38
24 74
178 74
108 25
108 107
218 108
2 21
18 21
97 21
24 138
138 137
144 137
140 137
146 137
177 74
177 34
120 34
252 34
251 34
116 34
117 34
120 30
122 30
54 74
54 248
10 2
10 7
25 127
161 127
72 127
72 187
186 72
185 72
72 189
111 18
72 3
155 3
155 181
3 58
61 58
61 59
229 181
62 58
309 62
310 309
16 34
16 45
42 45
42 40
253 34
282 253
25 27
202 27
138 57
57 56
41 42
41 267
267 65
266 65
2 196
261 196
261 260
156 260
136 38
136 39
226 39
222 126
168 222
306 168
303 306
266 49
49 48
