3
31
53 1
98 1
23 1
211 23
24 23
24 201
24 138
138 175
24 74
238 74
23 69
140 69
32 69
122 32
122 29
53 196
196 309
196 289
196 292
32 253
282 253
23 128
173 128
128 38
72 128
72 189
72 3
59 3
24 57
14 57
14 268
36
126 38
173 126
25 126
211 25
25 201
24 25
85 126
53 85
85 289
85 292
25 21
98 21
24 145
145 175
6 21
6 32
145 57
57 140
138 57
116 32
116 29
25 60
189 60
116 31
31 122
60 58
59 58
85 76
76 238
62 58
309 62
116 34
269 34
269 268
253 34
282 253
44
4 0
32 4
11 0
173 11
5 0
5 98
120 4
120 29
39 11
39 38
5 51
53 51
109 11
24 109
24 211
54 51
54 289
54 292
120 30
122 30
24 26
26 201
200 26
200 138
138 137
140 137
152 4
152 75
238 75
3 0
61 3
61 59
200 145
145 175
62 3
310 62
310 309
60 3
189 60
223 11
269 223
269 268
253 4
282 253
