3
25
172 11
109 11
39 11
134 39
11 69
146 69
152 69
25 11
25 205
211 25
210 25
152 75
75 237
236 75
5 25
5 51
53 51
196 75
196 243
25 60
184 60
152 294
295 294
295 41
41 50
31
152 4
57 4
146 57
152 128
172 128
109 128
24 57
24 210
24 205
24 211
128 38
134 38
39 38
24 74
237 74
236 74
54 74
54 51
54 53
54 243
57 127
60 127
184 60
4 13
15 13
267 15
267 65
266 65
266 49
49 48
50 48
41
16 152
14 152
14 127
172 127
14 57
57 137
146 137
25 127
23 25
23 205
211 23
210 23
25 21
21 51
53 21
108 25
108 109
53 85
85 243
85 76
236 76
76 237
76 224
224 39
172 126
126 38
134 38
72 127
72 60
184 60
16 40
42 40
193 42
241 193
241 64
64 63
65 63
266 65
281 266
281 280
50 280
