3
18
69 67
141 69
69 137
138 137
23 69
214 23
32 69
122 32
31 122
152 69
152 75
75 73
196 75
152 294
295 294
11 69
72 11
72 189
23
2 196
2 25
214 25
24 25
24 138
25 60
189 60
24 74
74 73
24 57
141 57
68 57
68 67
57 4
4 118
31 118
118 33
122 33
4 13
15 13
267 15
41 267
295 41
28
16 34
117 34
31 117
117 29
122 29
34 257
76 257
76 73
147 34
147 137
141 137
57 137
138 57
76 197
26 197
214 26
85 76
85 243
196 243
57 69
68 69
68 67
57 127
60 127
189 60
16 40
41 40
295 41
