3
28
223 275
223 76
76 87
14 223
14 179
14 152
16 152
152 44
85 76
85 283
85 264
85 195
152 69
153 69
140 69
141 69
287 153
23 69
23 36
23 97
85 8
244 8
23 1
104 1
76 168
304 168
69 137
148 137
32
148 137
140 137
141 137
145 137
145 153
287 145
24 145
24 36
24 74
74 87
24 19
104 19
54 74
54 264
54 283
54 195
178 74
178 275
178 179
223 178
152 179
5 19
5 97
152 46
46 45
44 45
16 45
305 178
305 222
304 222
19 8
244 8
36
84 195
84 264
84 283
196 195
196 75
75 87
152 75
152 259
179 259
305 152
305 223
223 276
276 275
152 4
4 13
16 13
57 4
57 140
141 57
16 40
44 40
138 57
138 153
287 138
84 126
25 126
25 36
25 21
104 21
97 21
222 126
304 222
57 137
148 137
84 8
244 8
