3
28
60 3
183 60
188 60
72 3
72 71
25 60
25 204
207 25
24 25
24 19
24 74
74 73
157 3
157 181
2 25
2 313
54 74
54 83
54 195
261 54
60 127
168 127
14 127
14 13
15 13
15 63
65 63
266 65
32
5 19
5 23
207 23
23 204
24 23
19 8
85 8
85 195
85 82
83 82
85 76
76 73
76 168
196 195
261 196
23 128
72 128
72 188
72 183
155 128
155 181
72 71
2 8
2 313
152 128
152 294
295 294
295 41
41 50
50 280
281 280
281 266
38
1 0
19 1
4 0
57 4
24 57
24 204
24 207
152 4
152 75
75 73
8 0
84 8
84 195
305 152
305 222
168 222
84 82
83 82
11 0
72 11
72 183
72 188
3 0
156 3
156 260
261 260
155 3
155 181
72 71
2 0
2 313
152 44
44 40
41 40
41 50
50 48
49 48
266 49
