3
32
1 0
103 1
23 1
18 1
4 0
254 4
252 4
254 34
3 0
157 3
157 181
11 0
39 11
39 38
57 4
57 56
2 0
2 313
146 57
146 287
53 1
53 55
23 27
197 27
197 230
76 197
76 237
4 13
15 13
15 63
64 63
241 64
33
252 32
254 32
252 34
6 32
6 18
103 18
32 69
23 69
153 69
287 153
23 128
128 38
155 128
155 181
157 155
38 37
39 37
32 197
197 230
197 74
237 74
57 69
57 56
6 21
21 51
55 51
2 21
2 313
16 34
16 45
42 45
193 42
241 193
39
5 23
103 5
5 18
24 23
24 109
157 109
24 138
287 138
24 74
75 74
75 237
130 74
130 38
225 75
225 39
177 74
177 34
252 34
5 51
55 51
288 157
288 155
155 181
34 28
32 28
254 32
24 57
57 56
197 130
197 230
23 25
2 25
2 313
152 75
16 152
16 40
42 40
193 42
241 193
