3
18
27 18
204 27
197 27
76 197
76 257
34 257
76 168
306 168
116 34
116 33
16 34
16 40
43 40
41 40
41 50
42 40
193 42
241 193
27
4 0
257 4
1 0
18 1
4 118
118 33
34 118
23 1
23 204
152 4
152 44
44 40
43 40
305 152
305 222
303 222
303 306
4 13
15 13
15 63
64 63
241 64
65 63
266 65
266 49
49 48
50 48
30
26 18
26 204
26 197
32 197
32 257
32 119
119 33
119 34
197 225
222 225
303 222
303 306
32 69
152 69
16 152
16 45
44 45
44 40
43 40
42 45
41 42
41 267
267 65
266 65
281 266
281 280
50 280
65 63
64 63
241 64
