3
20
158 11
166 11
169 11
11 69
142 69
25 11
209 25
152 69
152 75
152 278
39 11
134 39
196 75
196 299
54 196
5 25
106 5
5 17
2 25
2 313
21
10 2
10 54
54 299
2 21
21 17
106 21
54 74
75 74
2 313
24 74
24 209
178 74
178 278
24 57
57 142
178 128
166 128
158 128
169 128
128 38
134 38
24
6 0
54 6
1 0
1 17
106 1
23 1
209 23
54 85
85 299
85 76
76 75
85 126
158 126
166 126
169 126
23 69
69 137
142 137
147 137
278 147
126 38
134 38
2 0
2 313
