3
123
5 23
5 97
5 96
23 239
198 23
214 23
23 113
23 78
23 199
103 5
210 23
219 78
24 23
23 203
5 98
92 5
108 78
24 221
291 108
108 75
106 5
236 75
75 73
232 75
76 75
24 284
85 76
76 257
76 84
85 289
85 243
34 257
257 4
120 34
116 34
256 34
23 192
34 70
16 34
117 34
147 34
94 5
278 147
103 300
14 278
258 34
14 127
14 277
162 127
160 127
125 127
174 127
124 127
170 127
164 127
139 203
263 125
238 75
127 129
269 34
14 259
147 137
148 137
143 137
16 40
41 40
43 40
76 168
306 168
303 306
41 50
50 48
49 48
266 49
266 65
65 63
64 63
15 63
293 15
109 78
157 109
246 109
288 157
157 155
85 8
244 8
8 9
157 3
59 3
154 3
3 35
156 3
157 181
181 180
229 181
223 76
223 275
5 51
52 51
55 51
5 0
7 0
72 127
186 72
72 71
72 183
72 189
262 189
5 19
274 19
54 85
54 83
228 257
271 228
228 227
62 3
310 62
309 62
23 128
128 38
132 38
134 38
135 38
144
162 11
11 160
11 127
125 11
174 11
124 162
170 11
164 11
11 129
25 11
23 25
284 25
25 239
25 113
198 25
214 25
25 199
210 25
24 25
25 203
23 97
24 219
25 192
5 25
108 25
25 221
124 26
26 78
24 74
236 74
74 73
232 74
76 74
75 74
238 74
11 0
4 0
9 0
120 4
116 4
117 4
4 70
256 4
147 4
258 4
196 75
196 309
196 300
310 309
300 84
196 289
85 300
196 243
4 13
15 13
16 13
14 13
25 1
94 1
98 1
96 1
92 1
106 1
103 1
53 196
53 55
52 53
267 15
267 65
41 267
60 127
183 60
186 60
189 60
39 11
135 39
134 39
178 74
178 278
178 275
178 277
178 259
60 58
59 58
133 39
133 154
267 307
307 293
84 82
83 82
291 108
32 4
32 257
32 227
250 4
271 250
250 34
168 127
263 168
11 128
155 128
288 155
10 0
10 7
168 222
303 222
223 11
269 223
11 69
139 69
143 69
303 306
266 65
262 189
266 49
15 63
49 48
39 38
132 38
155 181
229 181
157 181
181 180
24 19
274 19
72 11
72 71
8 0
244 8
109 11
246 109
261 196
261 260
156 260
3 0
3 35
69 137
148 137
41 42
42 40
43 40
193 42
241 193
241 64
152
98 21
97 21
96 21
92 21
5 21
103 21
106 21
94 21
25 21
25 127
170 25
124 170
174 124
124 125
124 164
124 129
53 21
53 85
57 127
57 4
143 57
24 57
57 139
24 113
24 199
198 24
24 210
24 203
14 57
24 192
24 214
251 4
251 34
24 109
108 109
219 109
54 53
54 289
54 300
54 84
54 243
152 4
152 277
152 259
152 75
152 278
16 152
251 32
32 70
120 32
116 32
32 117
258 32
32 256
32 147
25 239
32 257
25 27
78 27
23 27
25 126
162 126
52 53
32 227
284 25
25 221
53 55
222 126
263 222
233 75
233 76
236 76
76 73
232 76
76 238
303 222
14 268
269 268
10 54
10 7
11 126
11 160
25 60
186 60
183 60
189 60
60 3
155 3
61 3
61 59
288 155
54 196
196 309
310 309
85 82
83 82
152 294
295 294
295 41
250 147
271 250
178 4
178 276
276 275
3 35
126 38
133 38
133 154
225 75
225 39
135 39
134 39
132 38
303 306
41 267
267 15
267 65
267 307
307 293
266 65
291 108
266 49
1 21
1 0
9 0
262 189
246 109
49 48
15 63
57 137
148 137
72 60
72 71
84 8
244 8
261 54
261 260
156 260
19 21
274 19
155 181
157 181
181 180
229 181
152 44
44 40
43 40
16 45
42 45
193 42
241 193
241 64
