3
22
2 21
99 21
102 21
104 21
2 0
9 0
99 27
124 27
78 27
202 27
203 27
219 78
2 196
196 283
196 195
4 0
4 13
256 4
196 75
232 75
152 4
152 46
25
102 19
104 19
19 8
8 9
24 19
24 219
24 99
24 203
24 26
124 26
26 78
24 74
232 74
85 8
85 195
85 283
177 74
296 177
296 46
177 34
256 34
14 177
14 13
24 27
202 27
27
23 27
23 78
23 99
23 203
23 128
124 128
23 79
219 79
27 18
102 18
104 18
197 27
76 197
232 76
32 197
32 256
76 84
84 283
84 195
84 8
8 9
152 128
16 152
16 13
16 45
46 45
202 27
