3
124
42 40
16 40
16 152
312 152
296 152
305 152
296 223
305 222
223 275
263 222
222 225
152 75
296 269
75 74
234 75
233 75
75 237
75 87
232 75
225 39
75 73
135 39
39 37
269 268
39 38
24 74
213 24
24 199
114 24
24 204
24 26
24 201
24 110
24 211
24 203
24 284
216 203
24 192
198 24
24 109
24 219
246 109
157 109
217 109
288 157
24 88
24 138
124 26
138 137
124 171
124 165
124 172
141 137
142 137
124 129
124 127
148 137
159 127
72 127
194 159
72 183
186 72
143 137
161 127
72 188
16 34
258 34
119 34
34 257
34 182
117 34
31 119
256 34
31 122
120 34
34 47
196 75
196 301
2 196
298 196
196 243
196 289
196 249
196 283
196 285
302 196
249 247
196 292
248 247
196 300
2 8
244 8
157 3
156 3
156 260
26 18
111 18
5 18
112 18
18 1
90 18
18 17
152 4
4 86
41 40
41 50
295 41
314 41
196 309
310 309
50 48
49 48
53 196
52 53
197 225
197 230
253 34
282 253
108 75
291 108
72 189
262 189
24 27
202 27
143
2 25
25 199
114 25
211 25
25 110
25 1
26 25
25 204
90 1
25 203
284 25
25 192
5 25
25 127
198 25
127 129
171 127
165 127
172 127
25 201
213 25
25 88
1 17
125 127
263 125
124 125
26 197
197 74
234 74
233 74
74 87
237 74
232 74
74 73
54 74
54 248
54 301
54 292
54 300
54 298
54 302
54 243
54 283
54 285
54 289
32 197
122 32
32 119
258 32
32 117
32 256
31 117
120 32
32 257
197 230
178 74
305 178
223 178
178 275
305 269
305 296
312 296
25 126
126 38
222 126
135 38
38 37
25 60
186 60
183 60
72 60
188 60
57 127
57 142
57 137
138 57
141 57
143 57
5 51
52 51
148 137
296 294
295 294
152 294
139 203
139 159
76 197
76 225
76 75
25 11
11 194
109 11
39 11
161 11
219 109
216 109
246 109
14 127
14 268
32 4
4 182
14 13
16 13
261 54
261 260
16 45
42 45
156 260
108 25
217 108
4 86
291 108
60 3
62 3
62 247
62 249
310 62
155 3
288 155
157 155
189 60
262 189
41 42
314 41
269 34
34 47
32 253
282 253
25 27
202 27
27 18
111 18
112 18
2 0
8 0
244 8
41 267
267 65
266 65
266 49
281 266
281 280
50 280
158
284 25
25 21
2 21
5 21
90 21
1 21
21 17
25 128
171 128
128 129
172 128
165 128
72 128
152 128
128 127
109 128
128 38
124 128
11 128
223 11
305 223
269 223
168 127
168 222
263 168
152 177
177 74
296 177
11 194
223 76
233 76
76 257
234 76
76 87
76 237
76 73
232 76
85 76
298 85
85 301
85 300
85 289
85 285
302 85
85 243
85 283
85 292
236 74
236 75
225 75
257 4
119 4
120 4
258 4
117 4
256 4
31 120
4 182
38 37
109 78
216 78
219 78
26 78
217 78
26 204
26 110
26 203
26 199
198 26
213 26
26 192
211 26
26 201
26 88
135 38
136 38
136 39
152 69
142 69
69 137
141 69
143 69
223 276
276 275
200 26
200 138
119 33
122 33
161 11
312 296
25 113
114 113
60 127
188 60
183 60
186 60
54 85
54 248
14 152
14 268
155 128
288 155
155 181
157 181
139 69
139 159
21 51
52 51
152 294
295 294
148 137
246 109
54 196
261 196
261 260
152 44
44 45
16 45
4 86
60 58
62 58
62 249
62 247
310 62
156 260
108 109
291 108
124 27
202 27
18 21
112 18
111 18
177 34
34 47
197 27
197 230
253 4
282 253
85 8
244 8
189 60
262 189
4 13
15 13
15 63
64 63
241 64
241 193
193 42
65 63
266 65
266 49
281 266
281 280
50 280
267 15
41 267
314 41
