3
21
4 0
4 13
253 4
117 4
254 4
57 4
151 57
57 56
57 142
57 139
32 4
32 197
11 0
166 11
171 11
39 11
226 39
76 197
232 76
72 11
185 72
23
139 69
142 69
151 69
32 69
32 253
32 117
254 32
57 69
14 57
14 13
57 127
171 127
166 127
57 56
60 127
185 60
152 69
152 75
232 75
225 75
197 225
225 39
226 39
26
16 13
16 34
253 34
117 34
254 34
147 34
147 137
151 137
142 137
139 137
16 152
152 128
171 128
166 128
177 34
177 74
197 74
232 74
72 128
72 60
185 60
57 137
57 56
128 38
39 38
226 39
